1.385742 0.189331
-0.892578 0.019394
-1.413086 0.011528
-0.024765 0.046204
-1.396484 0.011719
-1.216797 0.014023
-2.142578 0.005558
-1.903320 0.007061
2.671875 0.685059
-1.543945 0.010109

-1.282227 0.020645
-1.388672 0.018555
-0.858398 0.031525
1.095703 0.222534
-0.213013 0.060120
1.459961 0.320312
-0.409668 0.049408
0.046234 0.077942
0.137329 0.085388
0.421875 0.113464

1.837891 0.347168
-2.244141 0.005856
1.338867 0.210693
0.851074 0.129395
0.267090 0.072144
0.305664 0.075012
-0.315186 0.040314
-1.065430 0.019028
0.490723 0.090210
-1.675781 0.010338

-0.432861 0.070618
-0.749512 0.051483
-0.271973 0.082947
0.140015 0.125244
-0.768066 0.050537
0.013855 0.110413
-1.282227 0.030212
-0.464844 0.068420
0.628418 0.204224
0.636719 0.205811

-1.206055 0.000265
-4.476562 0.000010
-0.731934 0.000427
1.271484 0.003162
2.207031 0.008057
2.857422 0.015442
-2.441406 0.000077
7.000000 0.972168
-2.013672 0.000118
-3.521484 0.000026

-0.274170 0.022034
-0.749512 0.013702
-1.741211 0.005081
0.668945 0.056610
-0.359375 0.020248
-0.616699 0.015656
-3.025391 0.001408
-1.093750 0.009712
2.625000 0.400146
2.753906 0.455322

0.888184 0.168579
-2.250000 0.007309
-0.231812 0.054993
1.427734 0.289062
0.548340 0.119995
0.653320 0.133301
-0.190186 0.057312
-0.303223 0.051208
0.296387 0.093262
-1.015625 0.025116

0.184692 0.038605
-2.226562 0.003464
1.251953 0.112244
1.270508 0.114319
-1.915039 0.004730
2.945312 0.610352
-0.748047 0.015190
-0.445312 0.020554
0.789551 0.070679
-1.179688 0.009865

1.199219 0.260498
-1.409180 0.019180
-1.031250 0.027985
0.355957 0.112061
0.232544 0.099060
-1.287109 0.021667
-2.734375 0.005096
0.279297 0.103760
1.401367 0.318604
-0.893066 0.032135

0.167603 0.066833
-1.489258 0.012749
0.243896 0.072144
-0.037018 0.054474
1.311523 0.209839
0.995605 0.152954
-0.041168 0.054260
1.812500 0.346436
-0.852539 0.024109
-2.207031 0.006222

6.910156 0.208252
-3.347656 0.000007
8.242188 0.788574
-2.244141 0.000022
0.405273 0.000311
-4.843750 0.000002
1.817383 0.001279
-3.537109 0.000006
1.883789 0.001367
-5.871094 0.000001

1.045898 0.044556
-3.048828 0.000742
1.938477 0.108765
0.700195 0.031525
3.894531 0.769043
-0.090637 0.014297
-0.108887 0.014038
-1.027344 0.005604
-0.507812 0.009422
-2.041016 0.002033

1.334961 0.221680
-1.728516 0.010361
-0.148193 0.050323
1.248047 0.203247
-0.121704 0.051666
-0.000848 0.058319
-0.858398 0.024734
-1.138672 0.018692
1.781250 0.346436
-1.396484 0.014442

2.009766 0.456543
-2.853516 0.003527
0.813477 0.137939
-0.878418 0.025421
0.487305 0.099609
-0.682617 0.030914
0.057556 0.064819
0.622559 0.114014
-0.356934 0.042816
-0.915527 0.024490

1.295898 0.258057
1.446289 0.299805
0.950684 0.182617
-0.264160 0.054199
-1.691406 0.013008
-2.382812 0.006516
0.293701 0.094666
-3.189453 0.002909
0.006119 0.071045
-1.410156 0.017227

1.680664 0.268799
-0.632812 0.026581
1.848633 0.317871
0.937500 0.127808
-0.206055 0.040741
-0.101074 0.045227
0.840820 0.116028
-1.124023 0.016266
-0.787598 0.022766
-1.027344 0.017914

3.619141 0.810059
-1.762695 0.003727
0.270508 0.028473
-0.143311 0.018814
1.446289 0.092224
-2.125000 0.002594
-2.861328 0.001243
0.446289 0.033936
-1.363281 0.005558
-1.931641 0.003147

0.406006 0.153809
-0.996582 0.037811
0.263428 0.133301
0.256592 0.132446
-1.518555 0.022446
-0.193848 0.084412
1.064453 0.297119
-0.569336 0.057983
-0.650879 0.053436
-1.322266 0.027313

3.343750 0.785645
-2.765625 0.001745
-0.391602 0.018753
0.767578 0.059753
-0.253418 0.021530
-2.259766 0.002895
-0.612793 0.015022
-1.414062 0.006744
1.043945 0.078796
-1.090820 0.009315

6.578125 0.337402
2.347656 0.004910
7.183594 0.618164
-4.527344 0.000005
-4.734375 0.000004
-8.820312 0.000000
0.719727 0.000964
-1.976562 0.000065
4.406250 0.038452
-4.234375 0.000007

0.750977 0.167480
-2.119141 0.009499
0.393066 0.117126
0.848633 0.184692
-0.334717 0.056580
0.313477 0.108154
-0.729980 0.038086
-0.076477 0.073242
1.040039 0.223633
-1.304688 0.021439

0.375244 0.068481
-2.156250 0.005447
0.155518 0.054993
2.072266 0.373779
-0.334473 0.033691
1.488281 0.208496
1.417969 0.194336
-1.632812 0.009193
-0.160278 0.040100
-1.401367 0.011589

1.202148 0.161987
-2.410156 0.004372
0.071594 0.052277
0.943359 0.125000
-0.024582 0.047485
2.109375 0.401367
-1.467773 0.011215
0.186523 0.058655
0.709961 0.098999
-0.229614 0.038696

0.043182 0.085083
-1.583984 0.016708
0.320557 0.112244
1.621094 0.412109
-0.458496 0.051514
-0.093201 0.074219
0.077087 0.088013
-0.057373 0.076904
-0.293701 0.060730
-1.284180 0.022552

2.414062 0.391113
-1.521484 0.007641
-1.108398 0.011551
-0.060577 0.032928
-0.217773 0.028152
-2.382812 0.003229
-2.378906 0.003242
-2.710938 0.002327
2.587891 0.465576
0.437744 0.054199

0.325439 0.041870
-3.761719 0.000703
0.637207 0.057190
3.035156 0.628906
-0.395996 0.020355
1.362305 0.118103
1.200195 0.100403
-0.313232 0.022110
-1.398438 0.007469
-2.404297 0.002731

4.089844 0.149536
-3.503906 0.000075
5.750000 0.786133
-0.782715 0.001144
-0.101196 0.002262
-2.888672 0.000139
0.103271 0.002775
-2.425781 0.000221
3.130859 0.057281
-2.125000 0.000299

0.249878 0.090149
1.633789 0.359863
-1.462891 0.016266
0.795410 0.155640
-0.975586 0.026474
0.975098 0.186279
-1.670898 0.013206
-1.117188 0.022980
-0.188354 0.058167
0.011566 0.071045

0.827148 0.116150
-1.783203 0.008537
2.255859 0.484619
0.419922 0.077271
0.149048 0.058960
0.277588 0.067017
0.029160 0.052307
-1.085938 0.017151
0.796875 0.112671
-2.287109 0.005157

1.380859 0.142090
-3.099609 0.001609
1.707031 0.196899
0.781250 0.078003
2.583984 0.473145
-0.162598 0.030350
0.255859 0.046112
-0.321777 0.025879
-2.107422 0.004341
-3.062500 0.001670

