1.836914 0.069092
-1.558594 0.002316
-2.611328 0.000808
-0.467041 0.006897
-2.390625 0.001007
-2.064453 0.001396
-3.556641 0.000314
-2.712891 0.000730
4.421875 0.916016
-2.001953 0.001486

-1.594727 0.009964
-1.985352 0.006741
-1.663086 0.009300
1.624023 0.249023
-0.442139 0.031525
2.082031 0.393555
-0.675293 0.024979
0.298340 0.066162
0.135742 0.056213
1.133789 0.152466

2.761719 0.531250
-2.898438 0.001850
1.527344 0.154541
1.406250 0.136963
-0.043945 0.032135
0.320068 0.046234
-0.674316 0.017105
-1.331055 0.008865
0.690430 0.066956
-2.109375 0.004070

-0.548828 0.043640
-0.913086 0.030319
-0.719238 0.036804
0.206665 0.092896
-1.584961 0.015480
0.393799 0.112000
-2.498047 0.006214
-0.798828 0.033997
0.805664 0.169067
1.805664 0.459717

-1.953125 0.000003
-6.410156 0.000000
-0.861816 0.000009
2.191406 0.000194
3.802734 0.000972
5.066406 0.003439
-4.300781 0.000000
10.734375 0.995605
-3.646484 0.000001
-5.320312 0.000000

0.201050 0.006916
-1.057617 0.001965
-3.179688 0.000235
0.945801 0.014565
-0.903320 0.002293
-1.020508 0.002039
-4.687500 0.000052
-1.618164 0.001122
4.195312 0.375488
4.656250 0.595215

1.537109 0.228516
-2.904297 0.002693
-0.231201 0.039001
1.919922 0.335205
0.326904 0.068115
1.119141 0.150513
-0.382568 0.033508
-0.311523 0.035980
0.642578 0.093445
-1.328125 0.013023

0.793457 0.024551
-3.244141 0.000433
1.439453 0.046844
1.866211 0.071777
-2.597656 0.000827
4.296875 0.815918
-1.052734 0.003876
-0.791016 0.005035
0.952637 0.028793
-1.809570 0.001819

1.825195 0.278809
-1.913086 0.006638
-1.885742 0.006821
0.397217 0.066895
0.324219 0.062164
-2.056641 0.005749
-4.835938 0.000357
0.443359 0.070007
2.390625 0.490967
-1.354492 0.011604

0.494385 0.050964
-2.431641 0.002733
-0.058685 0.029327
0.060364 0.033020
1.628906 0.158569
1.444336 0.131836
-0.055206 0.029419
2.882812 0.555664
-1.605469 0.006245
-2.527344 0.002483

9.625000 0.210693
-3.900391 0.000000
10.945312 0.789062
-3.453125 0.000000
-0.530762 0.000008
-6.242188 0.000000
1.688477 0.000075
-4.792969 0.000000
1.859375 0.000089
-8.664062 0.000000

1.983398 0.032135
-4.269531 0.000062
2.525391 0.055237
1.077148 0.012978
5.304688 0.889648
-0.047180 0.004215
-0.513184 0.002645
-1.630859 0.000865
-0.821777 0.001944
-2.949219 0.000232

2.072266 0.199463
-2.958984 0.001303
-0.901367 0.010201
1.973633 0.180786
-0.380127 0.017166
0.351807 0.035706
-1.502930 0.005589
-1.431641 0.006001
3.068359 0.540039
-1.919922 0.003683

2.931641 0.666992
-4.417969 0.000429
0.959961 0.092834
-1.302734 0.009659
0.115723 0.039917
-0.956543 0.013657
-0.153442 0.030487
1.125977 0.109619
-0.403076 0.023758
-1.020508 0.012810

1.767578 0.202759
2.849609 0.598633
0.786133 0.075989
-0.821777 0.015228
-2.601562 0.002567
-3.861328 0.000729
0.399414 0.051636
-4.390625 0.000429
0.290039 0.046295
-1.773438 0.005878

3.037109 0.502930
-0.653320 0.012550
2.169922 0.211182
1.270508 0.085938
-0.596191 0.013283
-0.450439 0.015373
1.750977 0.138916
-1.819336 0.003910
-1.710938 0.004356
-0.719727 0.011742

5.839844 0.980957
-2.009766 0.000382
-0.386963 0.001938
-0.573730 0.001608
1.068359 0.008308
-3.041016 0.000136
-4.175781 0.000044
0.726074 0.005901
-2.277344 0.000293
-2.144531 0.000334

0.533203 0.154175
-0.987793 0.033691
0.122009 0.102234
0.229980 0.113892
-2.185547 0.010170
-0.437256 0.058441
1.504883 0.407471
-0.748535 0.042816
-0.565918 0.051392
-1.256836 0.025742

5.253906 0.953613
-3.955078 0.000095
-1.087891 0.001679
0.670898 0.009750
-0.970215 0.001888
-3.265625 0.000190
-1.277344 0.001390
-1.764648 0.000854
1.761719 0.029022
-1.049805 0.001744

9.984375 0.661621
3.728516 0.001269
9.187500 0.298096
-6.742188 0.000000
-7.167969 0.000000
-11.968750 0.000000
0.875000 0.000073
-3.240234 0.000001
7.156250 0.039093
-4.261719 0.000000

1.309570 0.228027
-2.968750 0.003162
0.373291 0.089417
1.108398 0.186523
-0.640137 0.032471
0.573242 0.109192
-1.482422 0.013977
-0.157837 0.052582
1.485352 0.271973
-1.574219 0.012756

0.678223 0.039703
-3.207031 0.000815
-0.105713 0.018127
3.269531 0.529785
-0.958496 0.007725
2.388672 0.219604
2.115234 0.166992
-2.369141 0.001884
-0.452148 0.012817
-2.066406 0.002552

1.776367 0.141113
-3.158203 0.001015
-0.101013 0.021591
1.106445 0.072205
-0.132935 0.020905
3.205078 0.588867
-2.804688 0.001446
0.436279 0.036957
1.323242 0.089661
0.095337 0.026276

0.049652 0.066223
-2.074219 0.007912
0.442871 0.098083
2.191406 0.563477
-0.523926 0.037292
-0.178711 0.052673
-0.282959 0.047455
-0.040192 0.060516
-0.128540 0.055389
-1.765625 0.010780

3.462891 0.284424
-2.441406 0.000776
-2.056641 0.001140
-0.424805 0.005829
-0.335693 0.006371
-3.794922 0.000200
-3.980469 0.000166
-4.207031 0.000133
4.335938 0.680664
0.820801 0.020248

1.039062 0.030945
-4.855469 0.000085
0.598633 0.019928
4.140625 0.687988
-0.498047 0.006657
2.517578 0.135742
2.333984 0.112976
-0.974121 0.004135
-2.441406 0.000953
-3.373047 0.000376

6.117188 0.272949
-5.156250 0.000003
6.964844 0.637207
-1.397461 0.000149
-0.566406 0.000341
-4.304688 0.000008
-0.321533 0.000436
-3.097656 0.000027
4.996094 0.088989
-3.041016 0.000029

0.092773 0.044586
2.406250 0.450684
-2.687500 0.002766
1.138672 0.126953
-1.419922 0.009827
1.875000 0.264893
-2.988281 0.002047
-1.349609 0.010536
-0.246216 0.031769
0.316406 0.055756

1.144531 0.114319
-2.507812 0.002964
2.750000 0.569336
0.864746 0.086426
-0.284912 0.027374
0.709473 0.073975
0.127075 0.041321
-1.427734 0.008728
0.712891 0.074219
-3.257812 0.001400

2.150391 0.150269
-3.953125 0.000336
2.011719 0.130737
0.463623 0.027802
3.603516 0.642578
-0.304688 0.012894
-0.154053 0.014992
0.113831 0.019592
-3.072266 0.000810
-4.593750 0.000177

