0.0690918 0.00231552 0.000807762 0.00689697 0.00100708 0.00139618 0.000313997 0.000730038 0.916016 0.00148582 
0.00996399 0.00674057 0.00930023 0.249023 0.0315247 0.393555 0.0249786 0.0661621 0.0562134 0.152466 
0.53125 0.00185013 0.154541 0.136963 0.032135 0.0462341 0.0171051 0.00886536 0.0669556 0.00407028 
0.0436401 0.0303192 0.0368042 0.0928955 0.01548 0.112 0.00621414 0.0339966 0.169067 0.459717 
3.09944e-06 5.96046e-08 9.17912e-06 0.000193954 0.000971794 0.00343895 2.98023e-07 0.995605 5.36442e-07 1.19209e-07 
0.00691605 0.00196457 0.000235319 0.0145645 0.00229263 0.00203896 5.20945e-05 0.00112152 0.375488 0.595215 
0.228516 0.00269318 0.0390015 0.335205 0.0681152 0.150513 0.0335083 0.0359802 0.0934448 0.0130234 
0.0245514 0.000433207 0.0468445 0.0717773 0.000826836 0.815918 0.00387573 0.0050354 0.0287933 0.00181866 
0.278809 0.00663757 0.00682068 0.0668945 0.0621643 0.00574875 0.000356913 0.0700073 0.490967 0.0116043 
0.0509644 0.00273323 0.0293274 0.03302 0.158569 0.131836 0.0294189 0.555664 0.00624466 0.00248337 
0.210693 2.98023e-07 0.789062 4.17233e-07 8.16584e-06 0 7.53403e-05 1.19209e-07 8.93474e-05 0 
0.032135 6.181e-05 0.0552368 0.0129776 0.889648 0.00421524 0.00264549 0.000865459 0.00194359 0.000231504 
0.199463 0.00130272 0.0102005 0.180786 0.0171661 0.0357056 0.00558853 0.00600052 0.540039 0.00368309 
0.666992 0.000428677 0.0928345 0.00965881 0.039917 0.0136566 0.0304871 0.109619 0.0237579 0.0128098 
0.202759 0.598633 0.0759888 0.0152283 0.00256729 0.000728607 0.0516357 0.000429153 0.0462952 0.00587845 
0.50293 0.0125504 0.211182 0.0859375 0.0132828 0.0153732 0.138916 0.00391006 0.00435638 0.0117416 
0.980957 0.000382423 0.00193787 0.00160789 0.00830841 0.000136375 4.3869e-05 0.00590134 0.000292778 0.000334263 
0.154175 0.0336914 0.102234 0.113892 0.01017 0.0584412 0.407471 0.0428162 0.0513916 0.0257416 
0.953613 9.54866e-05 0.00167942 0.00975037 0.00188828 0.000190258 0.0013895 0.000853539 0.0290222 0.00174427 
0.661621 0.00126934 0.298096 5.96046e-08 0 0 7.31945e-05 1.19209e-06 0.039093 4.17233e-07 
0.228027 0.00316238 0.0894165 0.186523 0.0324707 0.109192 0.0139771 0.0525818 0.271973 0.0127563 
0.0397034 0.000815392 0.0181274 0.529785 0.00772476 0.219604 0.166992 0.00188446 0.0128174 0.00255203 
0.141113 0.00101471 0.0215912 0.0722046 0.0209045 0.588867 0.00144577 0.0369568 0.0896606 0.0262756 
0.0662231 0.00791168 0.0980835 0.563477 0.0372925 0.0526733 0.0474548 0.0605164 0.0553894 0.0107803 
0.284424 0.000775814 0.00113964 0.00582886 0.00637054 0.000200391 0.000166416 0.00013268 0.680664 0.0202484 
0.0309448 8.52346e-05 0.019928 0.687988 0.00665665 0.135742 0.112976 0.00413513 0.000953197 0.000375509 
0.272949 3.45707e-06 0.637207 0.000148773 0.000341415 8.10623e-06 0.000436306 2.71797e-05 0.0889893 2.87294e-05 
0.0445862 0.450684 0.00276566 0.126953 0.00982666 0.264893 0.00204659 0.0105362 0.0317688 0.0557556 
0.114319 0.00296402 0.569336 0.0864258 0.0273743 0.0739746 0.0413208 0.00872803 0.0742188 0.00139999 
0.150269 0.000335693 0.130737 0.0278015 0.642578 0.0128937 0.0149918 0.0195923 0.000810146 0.000176907 
