0.189331 0.0193939 0.011528 0.0462036 0.0117188 0.0140228 0.00555801 0.007061 0.685059 0.0101089 
0.0206451 0.0185547 0.0315247 0.222534 0.0601196 0.320312 0.049408 0.0779419 0.0853882 0.113464 
0.347168 0.00585556 0.210693 0.129395 0.0721436 0.0750122 0.0403137 0.0190277 0.09021 0.0103378 
0.0706177 0.0514832 0.0829468 0.125244 0.0505371 0.110413 0.0302124 0.0684204 0.204224 0.205811 
0.00026536 1.00732e-05 0.000426531 0.00316238 0.00805664 0.0154419 7.7188e-05 0.972168 0.000118375 2.6226e-05 
0.0220337 0.0137024 0.00508118 0.0566101 0.0202484 0.0156555 0.00140762 0.00971222 0.400146 0.455322 
0.168579 0.00730896 0.0549927 0.289062 0.119995 0.133301 0.057312 0.0512085 0.0932617 0.025116 
0.0386047 0.00346375 0.112244 0.114319 0.00473022 0.610352 0.0151901 0.0205536 0.0706787 0.00986481 
0.260498 0.0191803 0.0279846 0.112061 0.0990601 0.0216675 0.00509644 0.10376 0.318604 0.032135 
0.0668335 0.0127487 0.0721436 0.0544739 0.209839 0.152954 0.0542603 0.346436 0.0241089 0.00622177 
0.208252 7.33137e-06 0.788574 2.19941e-05 0.000311375 1.60933e-06 0.00127888 6.02007e-06 0.00136662 5.96046e-07 
0.0445557 0.000741959 0.108765 0.0315247 0.769043 0.0142975 0.0140381 0.00560379 0.0094223 0.00203323 
0.22168 0.0103607 0.0503235 0.203247 0.0516663 0.0583191 0.0247345 0.018692 0.346436 0.0144424 
0.456543 0.00352669 0.137939 0.0254211 0.0996094 0.0309143 0.0648193 0.114014 0.0428162 0.0244904 
0.258057 0.299805 0.182617 0.0541992 0.0130081 0.0065155 0.0946655 0.00290871 0.0710449 0.0172272 
0.268799 0.0265808 0.317871 0.127808 0.040741 0.0452271 0.116028 0.0162659 0.0227661 0.0179138 
0.810059 0.00372696 0.0284729 0.0188141 0.0922241 0.00259399 0.00124264 0.0339355 0.00555801 0.00314713 
0.153809 0.0378113 0.133301 0.132446 0.0224457 0.0844116 0.297119 0.0579834 0.0534363 0.0273132 
0.785645 0.00174522 0.0187531 0.0597534 0.0215302 0.00289536 0.0150223 0.00674438 0.0787964 0.00931549 
0.337402 0.00490952 0.618164 5.06639e-06 4.11272e-06 5.96046e-08 0.000963688 6.50287e-05 0.0384521 6.79493e-06 
0.16748 0.0094986 0.117126 0.184692 0.0565796 0.108154 0.0380859 0.0732422 0.223633 0.0214386 
0.0684814 0.00544739 0.0549927 0.373779 0.0336914 0.208496 0.194336 0.00919342 0.0401001 0.0115891 
0.161987 0.00437164 0.0522766 0.125 0.0474854 0.401367 0.0112152 0.0586548 0.098999 0.0386963 
0.085083 0.0167084 0.112244 0.412109 0.0515137 0.0742188 0.0880127 0.0769043 0.06073 0.0225525 
0.391113 0.00764084 0.0115509 0.0329285 0.0281525 0.00322914 0.00324249 0.00232697 0.465576 0.0541992 
0.0418701 0.000702858 0.0571899 0.628906 0.0203552 0.118103 0.100403 0.02211 0.00746918 0.00273132 
0.149536 7.52807e-05 0.786133 0.00114441 0.00226212 0.000139236 0.00277519 0.000221252 0.0572815 0.000298977 
0.0901489 0.359863 0.0162659 0.15564 0.026474 0.186279 0.0132065 0.0229797 0.0581665 0.0710449 
0.11615 0.00853729 0.484619 0.0772705 0.05896 0.0670166 0.0523071 0.0171509 0.112671 0.00515747 
0.14209 0.00160885 0.196899 0.0780029 0.473145 0.0303497 0.0461121 0.0258789 0.00434113 0.00166988 
