2.689453 0.009804
2.351562 0.006992
4.773438 0.078735
-3.085938 0.000030
-0.113159 0.000595
-4.738281 0.000006
7.167969 0.863281
-2.515625 0.000054
4.101562 0.040222
-3.691406 0.000017

-2.857422 0.000015
-5.289062 0.000001
8.039062 0.821777
1.826172 0.001647
6.062500 0.113892
-3.621094 0.000007
3.550781 0.009239
-0.320312 0.000193
5.300781 0.053162
-6.109375 0.000001

3.164062 0.145142
-9.156250 0.000001
2.816406 0.102539
3.943359 0.316406
2.320312 0.062439
-2.443359 0.000533
-1.181641 0.001882
4.101562 0.370605
-3.228516 0.000243
-10.617188 0.000000

5.164062 0.124756
0.581055 0.001275
6.394531 0.427002
-0.788086 0.000324
0.246094 0.000912
-0.569824 0.000403
5.933594 0.269287
5.500000 0.174561
-3.421875 0.000023
0.796875 0.001582

0.766602 0.004032
-2.357422 0.000177
1.832031 0.011703
0.467529 0.002991
3.384766 0.055298
2.462891 0.021988
0.013184 0.001899
6.175781 0.900879
-0.821777 0.000823
-3.636719 0.000049

0.251465 0.067261
1.024414 0.145630
1.350586 0.201782
-0.437012 0.033783
0.150879 0.060822
-0.389648 0.035431
1.755859 0.302734
-1.460938 0.012131
0.551758 0.090820
-0.051483 0.049652

3.486328 0.000516
-6.824219 0.000000
11.054688 0.998535
2.140625 0.000134
-0.270020 0.000012
-1.850586 0.000003
3.460938 0.000503
1.303711 0.000058
2.632812 0.000220
-6.519531 0.000000

1.337891 0.003269
-3.675781 0.000022
6.921875 0.870117
3.363281 0.024780
-2.902344 0.000047
-0.988281 0.000319
2.998047 0.017197
4.589844 0.084473
-4.960938 0.000006
-5.390625 0.000004

-1.173828 0.009544
-0.790039 0.014008
-0.513672 0.018463
-0.428467 0.020111
2.853516 0.535645
-2.681641 0.002113
-2.447266 0.002670
2.542969 0.392578
-2.216797 0.003363
-2.808594 0.001861

-5.906250 0.000000
-2.531250 0.000001
11.882812 1.000000
-1.369141 0.000002
-4.933594 0.000000
-4.300781 0.000000
2.013672 0.000052
2.726562 0.000106
0.243530 0.000009
1.166016 0.000022

2.689453 0.009804
2.351562 0.006992
4.773438 0.078735
-3.085938 0.000030
-0.113159 0.000595
-4.738281 0.000006
7.167969 0.863281
-2.515625 0.000054
4.101562 0.040222
-3.691406 0.000017

-2.857422 0.000015
-5.289062 0.000001
8.039062 0.821777
1.826172 0.001647
6.062500 0.113892
-3.621094 0.000007
3.550781 0.009239
-0.320312 0.000193
5.300781 0.053162
-6.109375 0.000001

3.164062 0.145142
-9.156250 0.000001
2.816406 0.102539
3.943359 0.316406
2.320312 0.062439
-2.443359 0.000533
-1.181641 0.001882
4.101562 0.370605
-3.228516 0.000243
-10.617188 0.000000

5.164062 0.124756
0.581055 0.001275
6.394531 0.427002
-0.788086 0.000324
0.246094 0.000912
-0.569824 0.000403
5.933594 0.269287
5.500000 0.174561
-3.421875 0.000023
0.796875 0.001582

0.766602 0.004032
-2.357422 0.000177
1.832031 0.011703
0.467529 0.002991
3.384766 0.055298
2.462891 0.021988
0.013184 0.001899
6.175781 0.900879
-0.821777 0.000823
-3.636719 0.000049

0.251465 0.067261
1.024414 0.145630
1.350586 0.201782
-0.437012 0.033783
0.150879 0.060822
-0.389648 0.035431
1.755859 0.302734
-1.460938 0.012131
0.551758 0.090820
-0.051483 0.049652

3.486328 0.000516
-6.824219 0.000000
11.054688 0.998535
2.140625 0.000134
-0.270020 0.000012
-1.850586 0.000003
3.460938 0.000503
1.303711 0.000058
2.632812 0.000220
-6.519531 0.000000

1.337891 0.003269
-3.675781 0.000022
6.921875 0.870117
3.363281 0.024780
-2.902344 0.000047
-0.988281 0.000319
2.998047 0.017197
4.589844 0.084473
-4.960938 0.000006
-5.390625 0.000004

-1.173828 0.009544
-0.790039 0.014008
-0.513672 0.018463
-0.428467 0.020111
2.853516 0.535645
-2.681641 0.002113
-2.447266 0.002670
2.542969 0.392578
-2.216797 0.003363
-2.808594 0.001861

-5.906250 0.000000
-2.531250 0.000001
11.882812 1.000000
-1.369141 0.000002
-4.933594 0.000000
-4.300781 0.000000
2.013672 0.000052
2.726562 0.000106
0.243530 0.000009
1.166016 0.000022

7.867188 0.075562
-5.207031 0.000000
10.367188 0.920410
2.207031 0.000263
0.513672 0.000048
-5.199219 0.000000
4.601562 0.002884
3.580078 0.001039
-5.714844 0.000000
-9.257812 0.000000

-0.102661 0.000739
-4.671875 0.000008
3.656250 0.031708
2.287109 0.008064
0.895996 0.002007
-0.615723 0.000443
3.333984 0.022980
4.664062 0.086853
6.941406 0.847168
-10.335938 0.000000

5.128906 0.042816
-4.031250 0.000005
8.085938 0.824219
4.250000 0.017776
-0.496094 0.000154
-0.193359 0.000209
0.705566 0.000514
6.109375 0.114136
0.366943 0.000366
-9.203125 0.000000

-0.537109 0.017242
-2.185547 0.003315
2.296875 0.293213
0.589355 0.053162
0.136963 0.033813
0.815430 0.066650
-0.394287 0.019882
2.765625 0.468750
0.292480 0.039520
-1.889648 0.004459

-0.516113 0.035583
-1.801758 0.009834
1.882812 0.391846
1.695312 0.324707
-0.681152 0.030167
-0.135620 0.052063
0.363037 0.085693
-1.089844 0.020050
-0.425293 0.038971
-1.675781 0.011154

2.830078 0.043030
-1.362305 0.000650
5.687500 0.749512
1.441406 0.010727
4.339844 0.194702
-0.996582 0.000937
-3.017578 0.000124
-2.125000 0.000303
-2.603516 0.000188
-5.738281 0.000008

-0.951660 0.000365
-4.183594 0.000014
6.855469 0.896973
-0.008209 0.000937
0.220581 0.001179
-2.695312 0.000064
4.660156 0.099854
-2.753906 0.000060
-1.202148 0.000284
-5.281250 0.000005

-0.451660 0.069824
-2.068359 0.013863
0.948730 0.283203
0.450684 0.172119
-0.552734 0.063110
-0.449463 0.070007
-0.159058 0.093567
0.262695 0.142700
-0.390869 0.074219
-1.850586 0.017242

1.303711 0.010857
-3.050781 0.000139
4.394531 0.238770
-0.678223 0.001495
0.464355 0.004688
0.186401 0.003551
4.878906 0.387451
-1.073242 0.001008
4.781250 0.351562
-1.722656 0.000526

5.343750 0.518066
1.464844 0.010712
4.441406 0.210083
3.066406 0.053131
-1.853516 0.000388
4.359375 0.193604
1.692383 0.013443
-1.767578 0.000423
-2.986328 0.000125
-10.289062 0.000000


