0.009804 0.006992 0.078735 0.000030 0.000595 0.000006 0.863281 0.000054 0.040222 0.000017
0.000015 0.000001 0.821777 0.001647 0.113892 0.000007 0.009239 0.000193 0.053162 0.000001
0.145142 0.000001 0.102539 0.316406 0.062439 0.000533 0.001882 0.370605 0.000243 0.000000
0.124756 0.001275 0.427002 0.000324 0.000912 0.000403 0.269287 0.174561 0.000023 0.001582
0.004032 0.000177 0.011703 0.002991 0.055298 0.021988 0.001899 0.900879 0.000823 0.000049
0.067261 0.145630 0.201782 0.033783 0.060822 0.035431 0.302734 0.012131 0.090820 0.049652
0.000516 0.000000 0.998535 0.000134 0.000012 0.000003 0.000503 0.000058 0.000220 0.000000
0.003269 0.000022 0.870117 0.024780 0.000047 0.000319 0.017197 0.084473 0.000006 0.000004
0.009544 0.014008 0.018463 0.020111 0.535645 0.002113 0.002670 0.392578 0.003363 0.001861
0.000000 0.000001 1.000000 0.000002 0.000000 0.000000 0.000052 0.000106 0.000009 0.000022
0.00980377 0.00699234 0.0787354 3.03984e-05 0.000594616 5.84126e-06 0.863281 5.3823e-05 0.0402222 1.65701e-05 
1.51992e-05 1.3113e-06 0.821777 0.001647 0.113892 7.09295e-06 0.0092392 0.000192523 0.0531616 5.96046e-07 
0.145142 6.55651e-07 0.102539 0.316406 0.062439 0.000532627 0.0018816 0.370605 0.000243068 1.78814e-07 
0.124756 0.00127506 0.427002 0.000324249 0.000912189 0.000403404 0.269287 0.174561 2.33054e-05 0.00158215 
0.00403214 0.000177383 0.0117035 0.00299072 0.0552979 0.0219879 0.00189877 0.900879 0.000823498 4.93526e-05 
0.0672607 0.14563 0.201782 0.033783 0.0608215 0.0354309 0.302734 0.0121307 0.0908203 0.0496521 
0.000515938 0 0.998535 0.000134349 1.20401e-05 2.5034e-06 0.000503063 5.81741e-05 0.000219703 0 
0.0032692 2.16961e-05 0.870117 0.0247803 4.70877e-05 0.000319242 0.0171967 0.0844727 6.02007e-06 3.93391e-06 
0.00954437 0.0140076 0.0184631 0.0201111 0.535645 0.00211334 0.00267029 0.392578 0.00336266 0.00186062 
0 5.36442e-07 1 1.72853e-06 5.96046e-08 1.19209e-07 5.17368e-05 0.00010556 8.82149e-06 2.21729e-05 
0.0755615 1.78814e-07 0.92041 0.000262976 4.8399e-05 1.78814e-07 0.00288391 0.00103855 1.19209e-07 0 
0.000739098 7.689e-06 0.0317078 0.00806427 0.00200653 0.000442505 0.0229797 0.086853 0.847168 0 
0.0428162 4.52995e-06 0.824219 0.0177765 0.000154495 0.000209093 0.000513554 0.114136 0.000366211 0 
0.0172424 0.00331497 0.293213 0.0531616 0.0338135 0.0666504 0.0198822 0.46875 0.0395203 0.00445938 
0.0355835 0.00983429 0.391846 0.324707 0.0301666 0.052063 0.0856934 0.02005 0.0389709 0.0111542 
0.0430298 0.000649929 0.749512 0.0107269 0.194702 0.000936985 0.000124216 0.000303268 0.000187874 8.16584e-06 
0.000365019 1.44243e-05 0.896973 0.000937462 0.00117874 6.38366e-05 0.0998535 6.02007e-05 0.000284195 4.82798e-06 
0.0698242 0.0138626 0.283203 0.172119 0.0631104 0.0700073 0.0935669 0.1427 0.0742188 0.0172424 
0.0108566 0.000139475 0.23877 0.00149536 0.00468826 0.00355148 0.387451 0.00100803 0.351562 0.000526428 
0.518066 0.0107117 0.210083 0.0531311 0.000387907 0.193604 0.013443 0.000422716 0.000124931 5.96046e-08 
