0.162598 0.0128098 0.00761032 0.0350647 0.0065155 0.00812531 0.00353241 0.00405884 0.753906 0.0059166 
0.0167236 0.0184784 0.0247803 0.243286 0.0534363 0.335205 0.0434265 0.0617065 0.083374 0.119568 
0.358154 0.00533295 0.224731 0.13208 0.0558777 0.0726318 0.030365 0.0164185 0.0957642 0.0085907 
0.0612793 0.0442505 0.0620117 0.119751 0.0285034 0.134277 0.0215454 0.0571594 0.210083 0.26123 
0.000107467 3.27826e-06 0.000207663 0.00189209 0.00502014 0.0115128 3.19481e-05 0.980957 5.06639e-05 1.13249e-05 
0.0173492 0.0110168 0.00377274 0.0464172 0.0124283 0.0164795 0.000879765 0.00817108 0.420654 0.462891 
0.199463 0.00739288 0.052002 0.318359 0.0806274 0.141968 0.0504761 0.0415039 0.0817261 0.0263977 
0.0476074 0.00332451 0.110718 0.125 0.00438309 0.602051 0.0196686 0.0145721 0.0639648 0.0085907 
0.258545 0.0164185 0.0239105 0.118286 0.0986938 0.0233612 0.00288391 0.110046 0.313477 0.0343018 
0.0740967 0.0120468 0.0856934 0.0591736 0.18811 0.146484 0.0634766 0.334229 0.0297852 0.00682831 
0.174805 3.8147e-06 0.824219 9.53674e-06 0.000130892 5.96046e-07 0.00031805 2.563e-06 0.000354052 1.78814e-07 
0.0465698 0.000586033 0.106934 0.0335999 0.770508 0.0133362 0.0147705 0.00422668 0.00780487 0.00178719 
0.214844 0.00772095 0.0489197 0.192017 0.0408936 0.0719604 0.0180359 0.0162201 0.376709 0.0125961 
0.479736 0.0030365 0.124084 0.02771 0.0725708 0.0362854 0.071167 0.113953 0.0514526 0.0199738 
0.229004 0.462891 0.124146 0.0367126 0.00772095 0.00344658 0.0619202 0.00169563 0.0578613 0.0145798 
0.307617 0.0246429 0.296387 0.128784 0.032959 0.0387573 0.116638 0.0160675 0.0202484 0.0179901 
0.83252 0.0021801 0.0308075 0.0168304 0.0792847 0.00291824 0.000968933 0.0280914 0.00408936 0.00239754 
0.167969 0.0408325 0.117188 0.152344 0.0201416 0.0913086 0.263672 0.0667725 0.0470886 0.0324707 
0.803711 0.00156593 0.0142593 0.0538635 0.0189209 0.00261307 0.0109787 0.00688553 0.0784912 0.00897217 
0.342041 0.00119591 0.63916 8.9407e-07 1.07288e-06 0 0.00033474 8.04663e-06 0.0171661 2.5034e-06 
0.178833 0.00643539 0.129517 0.197388 0.046936 0.0976562 0.0286102 0.0626221 0.230591 0.0214081 
0.0535278 0.00441742 0.0555115 0.385986 0.0314026 0.235474 0.182373 0.00841522 0.0332642 0.00960541 
0.154907 0.00442123 0.0500488 0.111572 0.040802 0.413086 0.00881958 0.0526733 0.122009 0.0417175 
0.0968018 0.0147552 0.108093 0.471436 0.0429688 0.0625 0.0740967 0.0594177 0.0511475 0.0188141 
0.397949 0.00637436 0.00914001 0.0281677 0.0204773 0.00196838 0.00258827 0.00117397 0.482666 0.049469 
0.0359192 0.000692368 0.0368042 0.652344 0.0149384 0.125244 0.111145 0.0161743 0.0045929 0.00244141 
0.131714 2.84314e-05 0.826172 0.000778675 0.00179291 6.22272e-05 0.00111866 0.000105202 0.0380554 9.94205e-05 
0.125 0.279053 0.0219421 0.174927 0.0276642 0.214233 0.0126724 0.0240021 0.0556641 0.0648804 
0.110413 0.007267 0.485352 0.0925903 0.0462646 0.0664062 0.0581665 0.014946 0.113953 0.00471878 
0.13623 0.00104237 0.205811 0.0775757 0.485596 0.0256653 0.038208 0.0245667 0.00403214 0.00118065 
