1.547852 0.162598
-0.993164 0.012810
-1.513672 0.007610
0.014153 0.035065
-1.668945 0.006516
-1.448242 0.008125
-2.281250 0.003532
-2.142578 0.004059
3.082031 0.753906
-1.765625 0.005917

-1.450195 0.016724
-1.350586 0.018478
-1.056641 0.024780
1.227539 0.243286
-0.288574 0.053436
1.547852 0.335205
-0.495605 0.043427
-0.144287 0.061707
0.156738 0.083374
0.517090 0.119568

1.976562 0.358154
-2.230469 0.005333
1.510742 0.224731
0.979004 0.132080
0.118958 0.055878
0.380615 0.072632
-0.490967 0.030365
-1.106445 0.016418
0.657715 0.095764
-1.753906 0.008591

-0.438721 0.061279
-0.764160 0.044250
-0.426758 0.062012
0.231079 0.119751
-1.204102 0.028503
0.345215 0.134277
-1.484375 0.021545
-0.508301 0.057159
0.793457 0.210083
1.010742 0.261230

-1.431641 0.000107
-4.929688 0.000003
-0.772949 0.000208
1.436523 0.001892
2.412109 0.005020
3.242188 0.011513
-2.644531 0.000032
7.687500 0.980957
-2.183594 0.000051
-3.683594 0.000011

-0.305420 0.017349
-0.759766 0.011017
-1.831055 0.003773
0.678711 0.046417
-0.638672 0.012428
-0.357178 0.016479
-3.287109 0.000880
-1.058594 0.008171
2.882812 0.420654
2.978516 0.462891

1.062500 0.199463
-2.232422 0.007393
-0.281982 0.052002
1.530273 0.318359
0.156372 0.080627
0.722656 0.141968
-0.311768 0.050476
-0.507324 0.041504
0.170166 0.081726
-0.959961 0.026398

0.386230 0.047607
-2.275391 0.003325
1.230469 0.110718
1.351562 0.125000
-1.999023 0.004383
2.923828 0.602051
-0.497803 0.019669
-0.797852 0.014572
0.681152 0.063965
-1.326172 0.008591

1.218750 0.258545
-1.538086 0.016418
-1.162109 0.023911
0.436523 0.118286
0.255127 0.098694
-1.185547 0.023361
-3.277344 0.002884
0.364014 0.110046
1.411133 0.313477
-0.801270 0.034302

0.200684 0.074097
-1.616211 0.012047
0.345947 0.085693
-0.024551 0.059174
1.131836 0.188110
0.882324 0.146484
0.045807 0.063477
1.707031 0.334229
-0.710938 0.029785
-2.183594 0.006828

7.535156 0.174805
-3.191406 0.000004
9.085938 0.824219
-2.279297 0.000010
0.337891 0.000131
-5.074219 0.000001
1.225586 0.000318
-3.605469 0.000003
1.333008 0.000354
-6.265625 0.000000

1.166992 0.046570
-3.208984 0.000586
1.998047 0.106934
0.839844 0.033600
3.972656 0.770508
-0.083679 0.013336
0.018555 0.014771
-1.232422 0.004227
-0.619629 0.007805
-2.093750 0.001787

1.459961 0.214844
-1.866211 0.007721
-0.019943 0.048920
1.347656 0.192017
-0.199463 0.040894
0.366455 0.071960
-1.017578 0.018036
-1.124023 0.016220
2.021484 0.376709
-1.376953 0.012596

2.066406 0.479736
-2.996094 0.003036
0.713867 0.124084
-0.785156 0.027710
0.177979 0.072571
-0.515625 0.036285
0.158447 0.071167
0.628906 0.113953
-0.166016 0.051453
-1.112305 0.019974

1.424805 0.229004
2.128906 0.462891
0.812988 0.124146
-0.405518 0.036713
-1.964844 0.007721
-2.771484 0.003447
0.117065 0.061920
-3.480469 0.001696
0.049164 0.057861
-1.329102 0.014580

1.873047 0.307617
-0.650879 0.024643
1.835938 0.296387
1.002930 0.128784
-0.359863 0.032959
-0.197876 0.038757
0.903809 0.116638
-1.079102 0.016068
-0.847168 0.020248
-0.965332 0.017990

3.802734 0.832520
-2.142578 0.002180
0.506348 0.030807
-0.098450 0.016830
1.451172 0.079285
-1.850586 0.002918
-2.953125 0.000969
0.414062 0.028091
-1.513672 0.004089
-2.046875 0.002398

0.409912 0.167969
-1.003906 0.040833
0.050262 0.117188
0.312744 0.152344
-1.710938 0.020142
-0.199219 0.091309
0.861328 0.263672
-0.512207 0.066772
-0.861816 0.047089
-1.233398 0.032471

3.423828 0.803711
-2.816406 0.001566
-0.607910 0.014259
0.721191 0.053864
-0.324707 0.018921
-2.304688 0.002613
-0.869141 0.010979
-1.335938 0.006886
1.097656 0.078491
-1.071289 0.008972

7.835938 0.342041
2.179688 0.001196
8.460938 0.639160
-5.027344 0.000001
-4.851562 0.000001
-9.554688 0.000000
0.906250 0.000335
-2.824219 0.000008
4.843750 0.017166
-3.978516 0.000003

0.881348 0.178833
-2.443359 0.006435
0.558594 0.129517
0.979980 0.197388
-0.456299 0.046936
0.276123 0.097656
-0.951172 0.028610
-0.167969 0.062622
1.135742 0.230591
-1.241211 0.021408

0.256836 0.053528
-2.238281 0.004417
0.293213 0.055511
2.232422 0.385986
-0.276123 0.031403
1.738281 0.235474
1.482422 0.182373
-1.593750 0.008415
-0.218628 0.033264
-1.460938 0.009605

1.203125 0.154907
-2.353516 0.004421
0.072876 0.050049
0.874512 0.111572
-0.131470 0.040802
2.183594 0.413086
-1.663086 0.008820
0.123962 0.052673
0.964355 0.122009
-0.109253 0.041718

0.198975 0.096802
-1.681641 0.014755
0.309570 0.108093
1.782227 0.471436
-0.612793 0.042969
-0.237915 0.062500
-0.068298 0.074097
-0.288818 0.059418
-0.438721 0.051147
-1.438477 0.018814

2.628906 0.397949
-1.504883 0.006374
-1.144531 0.009140
-0.018951 0.028168
-0.338135 0.020477
-2.679688 0.001968
-2.406250 0.002588
-3.197266 0.001174
2.822266 0.482666
0.543945 0.049469

0.284424 0.035919
-3.664062 0.000692
0.309326 0.036804
3.183594 0.652344
-0.592773 0.014938
1.533203 0.125244
1.414062 0.111145
-0.513184 0.016174
-1.772461 0.004593
-2.404297 0.002441

4.562500 0.131714
-3.878906 0.000028
6.398438 0.826172
-0.568848 0.000779
0.265625 0.001793
-3.095703 0.000062
-0.206665 0.001119
-2.570312 0.000105
3.320312 0.038055
-2.626953 0.000099

0.565918 0.125000
1.369141 0.279053
-1.173828 0.021942
0.902344 0.174927
-0.942383 0.027664
1.104492 0.214233
-1.722656 0.012672
-1.083984 0.024002
-0.243164 0.055664
-0.090088 0.064880

0.820312 0.110413
-1.900391 0.007267
2.300781 0.485352
0.644043 0.092590
-0.049683 0.046265
0.311523 0.066406
0.179565 0.058167
-1.179688 0.014946
0.852051 0.113953
-2.332031 0.004719

1.447266 0.136230
-3.425781 0.001042
1.860352 0.205811
0.884277 0.077576
2.718750 0.485596
-0.221558 0.025665
0.176147 0.038208
-0.265625 0.024567
-2.072266 0.004032
-3.300781 0.001181

