1.957031 0.050964
-1.795898 0.001195
-2.878906 0.000405
-0.274414 0.005470
-2.644531 0.000512
-2.099609 0.000882
-3.894531 0.000147
-3.056641 0.000339
4.871094 0.939453
-2.207031 0.000792

-1.551758 0.009377
-1.913086 0.006535
-1.592773 0.009003
1.710938 0.244995
-0.567871 0.025085
2.160156 0.384033
-0.811035 0.019669
0.229004 0.055664
0.140259 0.050934
1.481445 0.194824

3.009766 0.571289
-3.123047 0.001240
1.689453 0.152588
1.495117 0.125610
-0.328857 0.020279
0.385254 0.041412
-0.744629 0.013374
-1.537109 0.006054
0.837402 0.065063
-2.193359 0.003141

-0.525879 0.039520
-0.953125 0.025772
-0.885742 0.027573
0.278564 0.088318
-1.943359 0.009575
0.486328 0.108765
-2.832031 0.003937
-0.701660 0.033142
0.957520 0.174194
1.990234 0.489258

-2.089844 0.000001
-7.125000 0.000000
-1.189453 0.000003
2.330078 0.000089
4.039062 0.000491
5.382812 0.001881
-4.531250 0.000000
11.656250 0.997559
-3.980469 0.000000
-5.566406 0.000000

0.284180 0.004650
-1.024414 0.001256
-3.464844 0.000109
0.817383 0.007927
-0.898926 0.001425
-0.945801 0.001359
-5.687500 0.000012
-1.755859 0.000605
4.839844 0.442627
5.039062 0.540039

1.892578 0.267578
-3.201172 0.001642
-0.363525 0.028030
2.296875 0.400879
0.012115 0.040833
1.236328 0.138794
-0.427246 0.026306
-0.534668 0.023621
0.413818 0.061005
-1.287109 0.011131

0.651367 0.015625
-3.279297 0.000307
1.502930 0.036621
2.101562 0.066589
-3.148438 0.000350
4.644531 0.847168
-0.770020 0.003771
-1.116211 0.002666
1.149414 0.025711
-1.891602 0.001228

1.969727 0.286621
-2.113281 0.004833
-2.234375 0.004280
0.451660 0.062805
0.225830 0.050110
-2.269531 0.004131
-5.328125 0.000194
0.392822 0.059204
2.552734 0.513672
-1.024414 0.014351

0.643555 0.050110
-2.607422 0.001942
-0.073792 0.024460
0.169312 0.031189
1.568359 0.126343
1.619141 0.132935
-0.057159 0.024872
3.126953 0.600586
-1.597656 0.005329
-2.417969 0.002346

10.773438 0.264404
-3.685547 0.000000
11.796875 0.735352
-3.513672 0.000000
-0.994629 0.000002
-7.390625 0.000000
1.148438 0.000017
-5.308594 0.000000
2.251953 0.000053
-8.851562 0.000000

1.956055 0.021469
-4.273438 0.000042
2.472656 0.035980
1.280273 0.010925
5.718750 0.924805
0.055664 0.003210
-0.484375 0.001871
-1.512695 0.000669
-1.122070 0.000989
-3.056641 0.000143

2.199219 0.192139
-2.988281 0.001074
-0.636230 0.011276
2.160156 0.184814
-0.452393 0.013557
0.495605 0.034973
-1.632812 0.004162
-1.457031 0.004963
3.250000 0.549805
-1.844727 0.003368

3.117188 0.720703
-4.539062 0.000341
0.666992 0.062164
-1.416992 0.007736
-0.053528 0.030243
-1.060547 0.011047
-0.515625 0.019058
1.194336 0.105347
0.013626 0.032349
-1.063477 0.011017

1.764648 0.152344
3.302734 0.708984
0.473145 0.041870
-0.790527 0.011833
-3.277344 0.000984
-4.121094 0.000423
0.542480 0.044861
-5.042969 0.000168
0.222778 0.032593
-1.482422 0.005924

3.302734 0.524414
-0.643555 0.010132
2.525391 0.240967
1.374023 0.076172
-0.626953 0.010300
-0.443359 0.012375
1.752930 0.111267
-1.899414 0.002886
-1.718750 0.003458
-0.854492 0.008202

6.238281 0.986328
-2.349609 0.000184
-0.407959 0.001281
-0.457031 0.001220
1.092773 0.005745
-2.962891 0.000100
-4.695312 0.000018
0.936523 0.004913
-2.591797 0.000144
-2.126953 0.000230

0.682129 0.180664
-0.907227 0.036865
-0.037689 0.087952
0.291016 0.122192
-2.654297 0.006424
-0.498291 0.055481
1.469727 0.396973
-0.807129 0.040741
-0.602539 0.049988
-1.393555 0.022659

5.421875 0.957520
-4.281250 0.000059
-1.536133 0.000911
0.834961 0.009750
-1.494141 0.000950
-3.332031 0.000151
-1.436523 0.001006
-1.893555 0.000637
1.867188 0.027374
-1.093750 0.001417

10.617188 0.419678
3.931641 0.000524
10.906250 0.560059
-6.902344 0.000000
-7.468750 0.000000
-12.320312 0.000000
1.095703 0.000031
-3.841797 0.000000
7.550781 0.019547
-4.613281 0.000000

1.357422 0.203491
-3.285156 0.001961
0.525879 0.088623
1.390625 0.210449
-0.687012 0.026352
0.736328 0.109375
-1.574219 0.010849
-0.299805 0.038818
1.743164 0.299316
-1.574219 0.010849

0.646973 0.029831
-3.416016 0.000513
0.183350 0.018768
3.552734 0.545410
-0.879883 0.006477
2.732422 0.240112
2.234375 0.145874
-2.427734 0.001378
-0.447021 0.009987
-2.105469 0.001903

1.789062 0.114807
-3.371094 0.000659
-0.119507 0.017029
1.096680 0.057434
-0.354736 0.013458
3.544922 0.664551
-3.042969 0.000915
0.455322 0.030243
1.418945 0.079285
0.120667 0.021652

0.260010 0.072815
-2.318359 0.005527
0.430420 0.086365
2.414062 0.627930
-0.750488 0.026520
-0.167725 0.047485
-0.503418 0.033936
-0.232788 0.044495
-0.213867 0.045349
-1.768555 0.009583

3.957031 0.336426
-2.361328 0.000607
-2.328125 0.000627
-0.333496 0.004608
-0.702148 0.003189
-3.978516 0.000120
-4.296875 0.000088
-4.535156 0.000069
4.589844 0.633789
1.162109 0.020569

0.962891 0.018585
-5.085938 0.000044
0.432617 0.010933
4.691406 0.773438
-0.930176 0.002800
2.544922 0.090393
2.646484 0.100098
-0.894531 0.002901
-2.630859 0.000511
-3.294922 0.000263

6.738281 0.175415
-5.511719 0.000001
8.242188 0.789062
-1.270508 0.000058
-0.068542 0.000194
-4.675781 0.000002
-0.521973 0.000123
-3.501953 0.000006
5.132812 0.035217
-3.103516 0.000009

0.308350 0.040375
2.771484 0.474121
-2.650391 0.002096
1.248047 0.103333
-1.764648 0.005081
2.250000 0.281494
-3.320312 0.001072
-1.406250 0.007271
-0.162354 0.025223
0.700684 0.059784

1.145508 0.094238
-2.710938 0.001993
2.994141 0.598633
1.096680 0.089783
-0.465576 0.018829
0.952637 0.077759
0.092468 0.032898
-1.749023 0.005215
0.978027 0.079712
-3.533203 0.000876

2.111328 0.102844
-4.210938 0.000185
2.246094 0.117676
0.651367 0.023880
4.058594 0.720703
-0.159302 0.010620
-0.142700 0.010796
0.005585 0.012520
-3.224609 0.000495
-5.070312 0.000078

