0.0509644 0.00119495 0.000404596 0.00547028 0.000511646 0.000882149 0.000146508 0.000338793 0.939453 0.000792027 
0.00937653 0.00653458 0.00900269 0.244995 0.0250854 0.384033 0.0196686 0.0556641 0.0509338 0.194824 
0.571289 0.00123978 0.152588 0.12561 0.0202789 0.0414124 0.0133743 0.00605392 0.0650635 0.0031414 
0.0395203 0.0257721 0.0275726 0.0883179 0.00957489 0.108765 0.00393677 0.0331421 0.174194 0.489258 
1.07288e-06 0 2.6226e-06 8.88705e-05 0.000490665 0.00188065 1.19209e-07 0.997559 1.78814e-07 5.96046e-08 
0.00465012 0.00125599 0.000109494 0.00792694 0.00142479 0.00135899 1.18613e-05 0.00060463 0.442627 0.540039 
0.267578 0.00164223 0.0280304 0.400879 0.0408325 0.138794 0.0263062 0.0236206 0.0610046 0.0111313 
0.015625 0.000306606 0.0366211 0.0665894 0.000349522 0.847168 0.00377083 0.00266647 0.0257111 0.00122833 
0.286621 0.00483322 0.00428009 0.0628052 0.0501099 0.00413132 0.000194073 0.0592041 0.513672 0.0143509 
0.0501099 0.00194168 0.0244598 0.031189 0.126343 0.132935 0.0248718 0.600586 0.00532913 0.00234604 
0.264404 1.19209e-07 0.735352 1.78814e-07 2.02656e-06 0 1.74642e-05 0 5.26309e-05 0 
0.0214691 4.23193e-05 0.0359802 0.0109253 0.924805 0.00321007 0.00187111 0.000669003 0.00098896 0.000142813 
0.192139 0.00107384 0.0112762 0.184814 0.0135574 0.0349731 0.00416183 0.00496292 0.549805 0.00336838 
0.720703 0.000340939 0.0621643 0.00773621 0.0302429 0.0110474 0.0190582 0.105347 0.0323486 0.0110168 
0.152344 0.708984 0.0418701 0.0118332 0.000984192 0.000423193 0.0448608 0.000168324 0.0325928 0.00592422 
0.524414 0.0101318 0.240967 0.0761719 0.0102997 0.0123749 0.111267 0.00288582 0.00345802 0.0082016 
0.986328 0.000183821 0.00128078 0.00121975 0.00574493 9.95398e-05 1.75834e-05 0.00491333 0.000144243 0.000229597 
0.180664 0.0368652 0.0879517 0.122192 0.00642395 0.055481 0.396973 0.040741 0.0499878 0.0226593 
0.95752 5.85318e-05 0.000910759 0.00975037 0.00094986 0.000151157 0.00100613 0.000637054 0.0273743 0.00141716 
0.419678 0.000524044 0.560059 0 0 0 3.0756e-05 2.38419e-07 0.0195465 1.19209e-07 
0.203491 0.00196075 0.088623 0.210449 0.0263519 0.109375 0.010849 0.0388184 0.299316 0.010849 
0.0298309 0.000513077 0.0187683 0.54541 0.00647736 0.240112 0.145874 0.00137806 0.00998688 0.00190258 
0.114807 0.000658989 0.0170288 0.0574341 0.0134583 0.664551 0.000915051 0.0302429 0.0792847 0.0216522 
0.0728149 0.0055275 0.0863647 0.62793 0.0265198 0.0474854 0.0339355 0.0444946 0.0453491 0.00958252 
0.336426 0.000606537 0.000627041 0.00460815 0.00318909 0.000120401 8.75592e-05 6.90222e-05 0.633789 0.0205688 
0.0185852 4.3869e-05 0.0109329 0.773438 0.00279999 0.0903931 0.100098 0.00290108 0.000511169 0.000262976 
0.175415 8.34465e-07 0.789062 5.82933e-05 0.000193954 1.90735e-06 0.000123262 6.25849e-06 0.0352173 9.29832e-06 
0.0403748 0.474121 0.00209618 0.103333 0.00508118 0.281494 0.00107193 0.00727081 0.0252228 0.0597839 
0.0942383 0.00199318 0.598633 0.0897827 0.0188293 0.0777588 0.0328979 0.00521469 0.0797119 0.00087595 
0.102844 0.000184655 0.117676 0.02388 0.720703 0.0106201 0.0107956 0.0125198 0.000495434 7.82013e-05 
