-867.000000
-521.500000
4840.000000
1391.000000
-1528.000000
-1162.000000
-1440.000000
41.250000
495.250000
-1254.000000
2938.000000
-69.562500
558.500000
-890.500000
-365.250000
625.000000
266.250000
-284.000000
-759.500000
-775.000000
-1404.000000
-1129.000000
53.406250
547.000000
356.500000
-493.500000
-1495.000000
-372.500000
1553.000000
2492.000000
1030.000000
-1745.000000
444.500000
322.500000
-182.000000
-629.000000
-753.500000
-655.500000
850.500000
1000.500000
-1805.000000
-420.250000
746.000000
4996.000000
-2474.000000
375.750000
-1555.000000
-1083.000000
1716.000000
-395.000000
-992.000000
-1745.000000
-144.000000
250.625000
347.750000
66.875000
-1488.000000
1409.000000
384.500000
2142.000000
4900.000000
-629.000000
1487.000000
-1435.000000
-737.500000
-1363.000000
615.000000
-817.500000
-603.500000
-513.000000
-2356.000000
-1152.000000
1220.000000
5128.000000
-1790.000000
696.500000
-3646.000000
-632.500000
814.500000
1259.000000
4044.000000
49.031250
717.500000
-588.000000
-1413.000000
373.000000
-322.250000
-425.250000
-1575.000000
-38.218750
-3110.000000
-1069.000000
-13.281250
5364.000000
-1789.000000
1711.000000
-2438.000000
-750.500000
1027.000000
414.250000
-2714.000000
-2180.000000
-2040.000000
1733.000000
-2204.000000
5732.000000
-328.250000
-1953.000000
1122.000000
1867.000000
-201.125000
-134.750000
1874.000000
1301.000000
-1575.000000
-1786.000000
-2516.000000
2029.000000
783.500000
635.000000
-2522.000000
-1260.000000
-1447.000000
521.500000
2678.000000
282.750000
-2132.000000
288.500000
1138.000000
1572.000000
5216.000000
-1117.000000
428.500000
-1247.000000
-1595.000000
10.367188
824.000000
-450.500000
-1037.000000
427.250000
-1153.000000
-1237.000000
-876.500000
-495.250000
2970.000000
-1090.000000
-379.500000
-185.125000
1119.000000
1189.000000
-1509.000000
-454.750000
395.250000
3616.000000
30.265625
1583.000000
-2832.000000
-1471.000000
940.000000
43.593750
-887.000000
-164.875000
358.500000
4026.000000
-1776.000000
1327.000000
-1218.000000
-985.500000
112.687500
132.000000
-464.250000
1188.000000
-480.750000
92.625000
-104.562500
-206.875000
-462.000000
35.156250
576.000000
-392.250000
-2232.000000
-683.500000
-1278.000000
511.000000
1621.000000
-69.250000
-3270.000000
-170.375000
1616.000000
3920.000000
4712.000000
-2126.000000
723.500000
-1942.000000
-1457.000000
-474.000000
1022.500000
157.000000
71.812500
422.000000
-1718.000000
-824.000000
-124.625000
859.000000
558.500000
-547.500000
-2770.000000
231.750000
1316.000000
2994.000000
-504.000000
2076.000000
-158.375000
-321.250000
-45.781250
-774.500000
-792.500000
479.250000
645.500000
-645.500000
-1073.000000
1664.000000
381.500000
-236.625000
151.125000
-2366.000000
-1127.000000
1128.000000
1258.000000
-609.500000
-100.125000
-1318.000000
-1475.000000
-290.000000
-1964.000000
4132.000000
-151.250000
-551.500000
867.500000
587.500000
-571.000000
-388.000000
224.500000
923.000000
-425.250000
-337.250000
-2690.000000
2742.000000
68.625000
809.000000
-1948.000000
227.500000
-556.000000
-163.250000
3598.000000
-633.000000
-1440.000000
-301.750000
261.750000
883.000000
-2564.000000
605.500000
4280.000000
1903.000000
-1422.000000
-1622.000000
-343.000000
-1064.000000
1429.000000
-2222.000000
-172.000000
-1441.000000
-607.500000
-356.500000
-264.250000
-78.687500
-2966.000000
2596.000000
-226.500000
1610.000000
-1882.000000
209.125000
-1196.000000
-100.812500
2088.000000
-1099.000000
-2468.000000
483.750000
1513.000000
1746.000000
-576.000000
-312.250000
831.000000
1329.000000
-1144.000000
-821.500000
-2690.000000
2744.000000
662.000000
593.500000
-778.500000
-469.250000
1614.000000
1252.000000
-613.500000
-1280.000000
-2708.000000
2168.000000
779.500000
281.500000
-883.500000
-1595.000000
-762.500000
1158.000000
-765.500000
3150.000000
-840.000000
-1501.000000
1268.000000
525.500000
-2060.000000
-862.000000
20.312500
-585.000000
4732.000000
-965.500000
-1145.000000
181.625000
592.000000
80.125000
274.500000
513.500000
5056.000000
1543.000000
-3092.000000
-2466.000000
-1925.000000
169.250000
2080.000000
-2106.000000
-375.000000
-1096.000000
343.500000
420.000000
54.812500
648.000000
4856.000000
-3248.000000
728.000000
-1570.000000
-40.000000
1393.000000
3350.000000
471.750000
-1269.000000
-1808.000000
-2142.000000
1283.000000
1139.000000
-1420.000000
-383.250000
-1357.000000
-451.250000
-372.750000
-1457.000000
2720.000000
390.250000
-230.000000
1469.000000
371.250000
-1159.000000
-1975.000000
-1532.000000
1148.000000
-1202.000000
4032.000000
105.937500
-1330.000000
1781.000000
191.750000
-1541.000000
2166.000000
-528.500000
4.136719
736.500000
-106.187500
-1563.000000
-428.000000
985.000000
-79.750000
731.000000
-1811.000000
-1768.000000
-308.000000
-1388.000000
2564.000000
3420.000000
-832.500000
1333.000000
-1074.000000
-453.250000
-420.500000
1310.000000
976.000000
-1625.000000
-900.500000
-2046.000000
2382.000000
808.500000
475.750000
-364.500000
-545.000000
541.000000
1022.000000
-790.500000
-409.750000
-2680.000000
2944.000000
-9.742188
562.500000
-1421.000000
-1070.000000
2.939453
-334.750000
3892.000000
-887.000000
-620.500000
-418.750000
252.125000
687.000000
-514.000000
-1509.000000
95.625000
774.500000
251.750000
-1076.000000
-2208.000000
-316.250000
1050.000000
3302.000000
-2210.000000
-1089.000000
-320.000000
221.125000
-2228.000000
1886.000000
388.750000
-1242.000000
3988.000000
356.750000
-208.500000
-465.000000
913.000000
1224.000000
-772.500000
-163.250000
-2884.000000
2652.000000
-124.437500
713.000000
-967.000000
-1361.000000
40.281250
1557.000000
-1463.000000
-308.000000
-1386.000000
-785.000000
4132.000000
163.500000
-1107.000000
-184.750000
3934.000000
2946.000000
-3856.000000
-1720.000000
-1895.000000
-102.312500
2378.000000
-1161.000000
-456.000000
-273.000000
-480.000000
171.500000
-247.625000
715.000000
2035.000000
-1936.000000
1089.000000
-1283.000000
-1250.000000
143.500000
-66.437500
1381.000000
-325.500000
-41.718750
-1977.000000
1845.000000
574.000000
-293.500000
71.062500
-699.000000
-858.000000
380.000000
893.000000
571.500000
4512.000000
-2086.000000
-762.500000
-1211.000000
-1405.000000
-2304.000000
154.500000
1180.000000
-1991.000000
139.875000
-273.000000
-1916.000000
4644.000000
455.750000
-1264.000000
-633.500000
68.187500
801.000000
-435.000000
-959.000000
-916.500000
-550.500000
3852.000000
-619.500000
-2206.000000
-1118.000000
-27.281250
6104.000000
-2098.000000
845.000000
-3116.000000
-1703.000000
1529.000000
968.500000
-1507.000000
-1501.000000
-205.625000
980.000000
-1606.000000
157.250000
-961.000000
-748.500000
4296.000000
1107.000000
-1341.000000
273.000000
5812.000000
411.750000
175.750000
-832.000000
-106.375000
-933.000000
-35.343750
-3998.000000
-733.500000
1913.000000
264.500000
-573.000000
540.500000
-1107.000000
-667.500000
217.875000
661.500000
-824.500000
-37.218750
-690.000000
3296.000000
1060.000000
-1172.000000
-1718.000000
-1581.000000
-64.562500
1723.000000
-601.500000
-1151.000000
-407.250000
2192.000000
746.000000
-212.250000
56.500000
-813.500000
333.750000
400.500000
-1459.000000
1325.000000
-1523.000000
-176.875000
510.500000
-1010.000000
976.000000
-429.250000
-1489.000000
424.750000
749.500000
-1443.000000
-814.500000
-463.500000
275.500000
2172.000000
-742.000000
-1143.000000
261.250000
734.000000
1171.000000
-922.500000
2304.000000
581.500000
-230.625000
804.500000
-2158.000000
-1426.000000
461.500000
642.500000
-383.250000
-987.000000
13.820312
89.500000
1318.000000
-379.750000
-749.500000
-2384.000000
2312.000000
91.687500
547.000000
3664.000000
-2002.000000
336.500000
-914.500000
-1479.000000
415.000000
708.500000
-251.750000
168.375000
294.000000
3096.000000
-978.500000
914.500000
-1009.500000
334.000000
-1681.000000
-202.625000
-1459.000000
835.000000
572.000000
4000.000000
-726.500000
1133.000000
-1325.000000
-985.000000
-455.500000
1002.500000
-1082.000000
161.625000
-569.500000
-420.250000
1702.000000
204.500000
207.250000
-251.625000
-789.000000
-1507.000000
852.500000
537.000000
-394.500000
-1357.000000
-1727.000000
-332.000000
445.000000
1075.000000
-921.500000
-1438.000000
-28.046875
1547.000000
2618.000000
3818.000000
-1358.000000
416.250000
-1025.000000
-847.000000
130.250000
888.500000
-894.000000
-294.250000
269.250000
-735.000000
1984.000000
-415.000000
-148.000000
368.750000
-620.500000
-530.500000
-32.093750
706.500000
-983.500000
-499.750000
-1610.000000
-927.000000
-76.000000
-1195.000000
1956.000000
3834.000000
-1889.000000
1708.000000
-721.500000
-1344.000000
-863.500000
-808.500000
954.000000
-1960.000000
3984.000000
-382.500000
-1204.000000
1384.000000
536.500000
-1932.000000
-1312.000000
659.500000
1884.000000
-1507.000000
-180.250000
-1636.000000
-1631.000000
4404.000000
396.750000
-1072.000000
-1742.000000
984.500000
1195.000000
-2038.000000
-600.000000
-612.500000
-1422.000000
4616.000000
55.843750
-870.500000
681.500000
4432.000000
940.000000
-1833.000000
-1721.000000
-1828.000000
899.000000
1694.000000
-1415.000000
-186.625000
-1622.000000
141.250000
1170.000000
-1315.000000
-692.500000
-921.000000
-2532.000000
3858.000000
1083.000000
-1442.000000
-1903.000000
-91.875000
1534.000000
-495.000000
683.500000
-3018.000000
-1093.000000
2812.000000
3284.000000
-1865.000000
-1568.000000
-817.000000
621.500000
1076.000000
-65.000000
-3310.000000
297.500000
984.500000
4340.000000
-1829.000000
1072.000000
5200.000000
1305.000000
-863.500000
-638.000000
-1262.000000
432.000000
-339.500000
-3542.000000
-2210.000000
-630.500000
1887.000000
4868.000000
-2492.000000
-534.000000
-1365.000000
-942.000000
2634.000000
-1614.000000
-1880.000000
-1100.000000
-1409.000000
1560.000000
-1716.000000
4652.000000
-560.500000
-1526.000000
866.000000
988.000000
-766.500000
178.000000
337.000000
164.500000
1731.000000
-819.000000
-1812.000000
326.250000
-136.375000
601.000000
-805.500000
1840.000000
-486.250000
-115.875000
123.125000
-587.000000
-772.000000
459.500000
403.000000
-341.000000
2398.000000
-1705.000000
676.000000
-275.000000
-1422.000000
-332.750000
-981.500000
-949.500000
1633.000000
418.000000
-1465.000000
-954.500000
864.000000
852.500000
662.000000
-209.625000
-2536.000000
-453.500000
777.500000
2456.000000
54.750000
422.250000
5016.000000
897.500000
-2328.000000
-2108.000000
-972.000000
-221.250000
1676.000000
-2124.000000
-1139.000000
-1378.000000
-158.625000
-347.500000
3020.000000
-750.500000
-1040.000000
-739.000000
386.000000
1812.000000
-2264.000000
-477.500000
217.250000
6060.000000
-3050.000000
458.500000
-3178.000000
716.500000
1682.000000
-94.000000
21.765625
-957.000000
62.906250
-1032.000000
718.000000
1013.500000
3762.000000
-1113.000000
-130.125000
-1288.000000
-335.000000
-1200.000000
-278.500000
227.500000
-263.000000
-29.578125
-1820.000000
2294.000000
-221.375000
1154.000000
-809.500000
121.937500
3936.000000
2330.000000
-2590.000000
-2072.000000
-1718.000000
-626.500000
1864.000000
-970.500000
3512.000000
-848.500000
626.500000
-1477.000000
-1566.000000
127.562500
907.000000
-829.000000
-293.750000
971.000000
-1515.000000
-1196.000000
145.625000
917.000000
-588.000000
1525.000000
3910.000000
-2770.000000
1432.000000
-2164.000000
-664.500000
-1568.000000
-24.828125
45.968750
-1309.000000
1574.000000
4512.000000
-3008.000000
1613.000000
-1389.000000
-496.250000
1285.000000
-876.500000
-1201.000000
-66.562500
-761.500000
-16.828125
229.250000
1395.000000
-885.000000
-793.500000
-361.000000
-713.500000
-699.000000
3220.000000
32.375000
-885.000000
-644.500000
59.656250
804.000000
-3028.000000
-989.500000
-98.687500
5988.000000
-1970.000000
1202.000000
-3562.000000
-468.750000
1775.000000
759.000000
-1430.000000
-1507.000000
-765.000000
894.000000
635.000000
-289.500000
-2670.000000
-236.750000
1621.000000
3548.000000
-296.250000
-942.000000
420.750000
255.625000
-679.000000
-237.125000
-2096.000000
2868.000000
-171.375000
557.500000
-1623.000000
-957.000000
-555.000000
-211.000000
2410.000000
-392.750000
-907.000000
872.000000
964.000000
700.500000
