23.343750 0.000000
-335.750000 0.000000
774.500000 1.000000
638.500000 0.000000
97.125000 0.000000
-469.500000 0.000000
-141.375000 0.000000
-852.000000 0.000000
149.250000 0.000000
-261.750000 0.000000

814.500000 1.000000
-414.250000 0.000000
-0.805176 0.000000
252.375000 0.000000
-128.875000 0.000000
86.687500 0.000000
-62.375000 0.000000
-352.250000 0.000000
120.187500 0.000000
-184.625000 0.000000

-144.250000 0.000000
148.250000 0.000000
-251.500000 0.000000
88.625000 0.000000
229.125000 0.029312
-240.625000 0.000000
-293.500000 0.000000
-251.375000 0.000000
232.625000 0.970703
84.687500 0.000000

141.625000 0.000000
-105.875000 0.000000
-164.750000 0.000000
93.687500 0.000000
269.000000 1.000000
-244.125000 0.000000
-38.187500 0.000000
-425.000000 0.000000
51.125000 0.000000
37.406250 0.000000

-126.625000 0.000000
153.000000 0.000000
84.937500 0.000000
806.000000 1.000000
-290.500000 0.000000
-151.000000 0.000000
-374.500000 0.000000
-317.750000 0.000000
317.750000 0.000000
-341.500000 0.000000

-43.625000 0.000000
-48.562500 0.000000
-365.000000 0.000000
176.500000 0.000000
125.062500 0.000000
-415.750000 0.000000
-386.000000 0.000000
251.000000 1.000000
149.375000 0.000000
83.750000 0.000000

1054.000000 1.000000
-357.500000 0.000000
-99.375000 0.000000
355.250000 0.000000
-318.000000 0.000000
-77.687500 0.000000
-98.250000 0.000000
-709.500000 0.000000
311.250000 0.000000
-96.187500 0.000000

-112.312500 0.000000
230.250000 0.000000
-261.000000 0.000000
792.000000 1.000000
70.625000 0.000000
-381.750000 0.000000
-479.250000 0.000000
-566.000000 0.000000
391.250000 0.000000
-153.375000 0.000000

934.000000 1.000000
-287.750000 0.000000
101.000000 0.000000
142.875000 0.000000
-174.250000 0.000000
14.937500 0.000000
-134.250000 0.000000
-405.000000 0.000000
38.843750 0.000000
-59.968750 0.000000

-202.625000 0.000000
132.750000 0.000000
-196.500000 0.000000
679.500000 1.000000
-31.609375 0.000000
-145.875000 0.000000
-431.250000 0.000000
-460.750000 0.000000
358.750000 0.000000
-54.656250 0.000000

-117.000000 0.000000
88.500000 0.000000
-311.000000 0.000000
611.000000 1.000000
-240.125000 0.000000
54.156250 0.000000
-548.500000 0.000000
-420.250000 0.000000
531.000000 0.000000
17.046875 0.000000

51.437500 0.000000
2.966797 0.000000
-11.109375 0.000000
461.000000 1.000000
-257.250000 0.000000
-148.625000 0.000000
-461.000000 0.000000
49.312500 0.000000
303.250000 0.000000
-96.625000 0.000000

-392.500000 0.000000
140.250000 0.000000
-446.750000 0.000000
254.000000 0.000000
409.750000 1.000000
-462.750000 0.000000
-478.000000 0.000000
34.281250 0.000000
293.000000 0.000000
13.664062 0.000000

1215.000000 1.000000
-416.750000 0.000000
23.390625 0.000000
99.312500 0.000000
-278.750000 0.000000
-53.187500 0.000000
-123.937500 0.000000
-342.250000 0.000000
148.250000 0.000000
-39.031250 0.000000

-15.593750 0.000000
-44.843750 0.000000
-390.250000 0.000000
-268.250000 0.000000
715.500000 1.000000
-351.500000 0.000000
133.875000 0.000000
-299.000000 0.000000
188.500000 0.000000
37.375000 0.000000

309.500000 0.000000
-173.125000 0.000000
-316.750000 0.000000
730.000000 1.000000
-419.750000 0.000000
126.187500 0.000000
-817.500000 0.000000
-456.000000 0.000000
711.000000 0.000000
-123.937500 0.000000

44.687500 0.000000
-68.812500 0.000000
-9.554688 0.000000
673.000000 1.000000
-380.000000 0.000000
41.625000 0.000000
-497.750000 0.000000
-219.125000 0.000000
350.500000 0.000000
-20.078125 0.000000

-110.562500 0.000000
247.375000 1.000000
-80.187500 0.000000
60.812500 0.000000
127.625000 0.000000
-178.250000 0.000000
-109.125000 0.000000
-124.875000 0.000000
119.312500 0.000000
-145.125000 0.000000

-456.750000 0.000000
343.500000 0.000000
-535.500000 0.000000
352.750000 0.000000
397.750000 0.000000
-403.250000 0.000000
-1075.000000 0.000000
-368.250000 0.000000
470.500000 1.000000
459.250000 0.000013

798.500000 1.000000
-305.750000 0.000000
-100.437500 0.000000
131.250000 0.000000
-188.500000 0.000000
-49.625000 0.000000
23.906250 0.000000
-307.750000 0.000000
220.750000 0.000000
-87.437500 0.000000

-79.312500 0.000000
161.000000 0.000000
-479.750000 0.000000
37.625000 0.000000
308.250000 0.000000
-231.750000 0.000000
-552.000000 0.000000
-355.250000 0.000000
211.375000 0.000000
414.750000 1.000000

-88.375000 0.000000
354.500000 1.000000
-207.625000 0.000000
181.250000 0.000000
125.312500 0.000000
-255.000000 0.000000
-226.250000 0.000000
-155.625000 0.000000
94.250000 0.000000
-143.625000 0.000000

61.500000 0.000000
137.000000 0.000000
-284.500000 0.000000
97.000000 0.000000
20.359375 0.000000
-385.250000 0.000000
-33.781250 0.000000
-233.125000 0.000000
303.000000 1.000000
-187.250000 0.000000

170.375000 0.000000
-13.164062 0.000000
-265.000000 0.000000
-95.125000 0.000000
-240.000000 0.000000
245.250000 0.000000
-10.078125 0.000000
-224.500000 0.000000
388.500000 1.000000
-176.875000 0.000000

-73.125000 0.000000
5.144531 0.000000
-345.500000 0.000000
649.000000 1.000000
-252.000000 0.000000
-189.250000 0.000000
-1087.000000 0.000000
214.000000 0.000000
380.250000 0.000000
227.125000 0.000000

-332.000000 0.000000
203.500000 0.000000
-301.500000 0.000000
79.687500 0.000000
481.500000 1.000000
-322.750000 0.000000
-271.250000 0.000000
-344.000000 0.000000
173.125000 0.000000
73.125000 0.000000

-235.750000 0.000000
-95.812500 0.000000
691.500000 1.000000
431.250000 0.000000
254.125000 0.000000
-500.500000 0.000000
177.250000 0.000000
-1121.000000 0.000000
211.750000 0.000000
-423.000000 0.000000

65.812500 0.000000
-244.500000 0.000000
-607.500000 0.000000
169.375000 0.000000
38.968750 0.000000
-199.125000 0.000000
-1220.000000 0.000000
384.500000 0.000000
188.250000 0.000000
573.500000 1.000000

-242.000000 0.000000
237.125000 0.000000
-452.750000 0.000000
200.750000 0.000000
185.125000 0.000000
-259.500000 0.000000
-600.500000 0.000000
-53.093750 0.000000
271.000000 1.000000
154.625000 0.000000

-15.656250 0.000000
104.187500 0.000000
-190.750000 0.000000
807.500000 1.000000
-346.250000 0.000000
-362.250000 0.000000
-992.000000 0.000000
234.500000 0.000000
335.250000 0.000000
39.687500 0.000000

52.593750 0.000000
-83.062500 0.000000
-96.687500 0.000000
455.000000 1.000000
-157.625000 0.000000
-299.500000 0.000000
-610.500000 0.000000
172.625000 0.000000
370.250000 0.000000
-20.531250 0.000000

44.187500 0.000000
-4.625000 0.000000
-194.750000 0.000000
12.664062 0.000000
79.750000 0.000000
6.203125 0.000000
13.875000 0.000000
-325.000000 0.000000
235.125000 1.000000
-169.750000 0.000000

-271.250000 0.000000
42.406250 0.000000
-264.750000 0.000000
-41.218750 0.000000
736.000000 1.000000
-379.250000 0.000000
-198.375000 0.000000
-267.500000 0.000000
85.937500 0.000000
31.546875 0.000000

23.453125 0.000000
96.500000 0.000000
342.750000 0.000000
489.250000 1.000000
-418.250000 0.000000
-90.125000 0.000000
-155.250000 0.000000
-415.000000 0.000000
469.500000 0.000000
-489.250000 0.000000

-179.250000 0.000000
-31.343750 0.000000
71.187500 0.000000
162.625000 0.000000
462.000000 0.000000
-66.500000 0.000000
1047.000000 1.000000
-1192.000000 0.000000
5.296875 0.000000
-627.500000 0.000000

-148.125000 0.000000
372.500000 0.000000
259.000000 0.000000
958.500000 1.000000
-300.250000 0.000000
-431.750000 0.000000
-709.000000 0.000000
-217.625000 0.000000
657.500000 0.000000
-561.500000 0.000000

12.203125 0.000000
-176.250000 0.000000
-62.656250 0.000000
71.625000 0.000000
-192.000000 0.000000
184.500000 0.000000
156.250000 0.000000
-346.750000 0.000000
468.000000 1.000000
-110.250000 0.000000

50.468750 0.000000
23.640625 0.000000
-406.000000 0.000000
-84.687500 0.000000
109.437500 0.000000
16.328125 0.000000
105.312500 0.000000
-523.500000 0.000000
371.500000 1.000000
-175.125000 0.000000

-423.750000 0.000000
607.500000 1.000000
-97.875000 0.000000
340.750000 0.000000
369.000000 0.000000
-547.500000 0.000000
-575.000000 0.000000
-282.500000 0.000000
289.750000 0.000000
-182.625000 0.000000

201.125000 0.000000
-18.593750 0.000000
-329.750000 0.000000
288.750000 0.988770
-9.679688 0.000000
-122.875000 0.000000
284.250000 0.010986
-572.000000 0.000000
250.500000 0.000000
-316.750000 0.000000

31.687500 0.000000
29.968750 0.000000
-34.687500 0.000000
470.750000 1.000000
-254.375000 0.000000
-199.000000 0.000000
-500.750000 0.000000
120.437500 0.000000
245.375000 0.000000
-64.437500 0.000000

-22.734375 0.000000
-19.687500 0.000000
-209.500000 0.000000
478.250000 1.000000
-194.625000 0.000000
-287.000000 0.000000
-772.500000 0.000000
318.250000 0.000000
233.375000 0.000000
186.625000 0.000000

-216.375000 0.000000
-73.500000 0.000000
-220.625000 0.000000
-81.937500 0.000000
835.000000 1.000000
-265.250000 0.000000
310.250000 0.000000
-742.000000 0.000000
179.125000 0.000000
-169.125000 0.000000

-83.875000 0.000000
167.750000 0.000000
-297.000000 0.000000
42.281250 0.000000
465.500000 1.000000
-411.500000 0.000000
-434.250000 0.000000
-438.500000 0.000000
160.250000 0.000000
358.000000 0.000000

-321.500000 0.000000
281.750000 0.000000
-49.687500 0.000000
470.250000 0.000000
8.687500 0.000000
-378.750000 0.000000
97.500000 0.000000
-484.500000 0.000000
487.750000 1.000000
-510.000000 0.000000

-147.500000 0.000000
-0.421631 0.000000
-166.375000 0.000000
519.500000 1.000000
-167.750000 0.000000
-378.250000 0.000000
-855.500000 0.000000
432.750000 0.000000
263.000000 0.000000
195.500000 0.000000

-108.000000 0.000000
327.750000 0.000000
-259.500000 0.000000
303.000000 0.000000
48.375000 0.000000
-302.000000 0.000000
-452.000000 0.000000
-205.125000 0.000000
359.500000 1.000000
-119.375000 0.000000

139.250000 0.000000
88.187500 0.000000
19.562500 0.000000
453.500000 0.000000
-443.500000 0.000000
-98.437500 0.000000
-144.875000 0.000000
-527.500000 0.000000
691.500000 1.000000
-421.250000 0.000000

-261.750000 0.000000
411.250000 0.000000
-149.625000 0.000000
45.750000 0.000000
483.250000 1.000000
-407.750000 0.000000
150.875000 0.000000
-548.500000 0.000000
148.625000 0.000000
-408.250000 0.000000

-63.812500 0.000000
174.625000 1.000000
-302.000000 0.000000
100.812500 0.000000
129.625000 0.000000
-125.000000 0.000000
-295.250000 0.000000
-145.875000 0.000000
142.250000 0.000000
-25.390625 0.000000

-268.750000 0.000000
127.250000 0.000000
50.375000 0.000000
240.250000 0.000000
677.500000 1.000000
-548.500000 0.000000
631.000000 0.000000
-899.500000 0.000000
-63.812500 0.000000
-601.500000 0.000000

-72.812500 0.000000
110.750000 0.000000
-424.250000 0.000000
340.500000 0.000000
221.375000 0.000000
-377.750000 0.000000
-267.500000 0.000000
-700.500000 0.000000
722.500000 1.000000
-145.375000 0.000000

-21.406250 0.000000
276.250000 0.000000
-349.500000 0.000000
124.437500 0.000000
80.062500 0.000000
-217.500000 0.000000
-165.125000 0.000000
-270.750000 0.000000
321.000000 1.000000
-226.875000 0.000000

31.031250 0.000000
-35.906250 0.000000
-305.000000 0.000000
888.000000 1.000000
-309.750000 0.000000
-38.156250 0.000000
-922.500000 0.000000
-546.500000 0.000000
675.500000 0.000000
134.750000 0.000000

-12.609375 0.000000
78.500000 0.000000
-519.500000 0.000000
273.750000 0.000000
88.437500 0.000000
-195.125000 0.000000
-252.000000 0.000000
-690.500000 0.000000
876.500000 1.000000
-137.625000 0.000000

-370.000000 0.000000
-89.562500 0.000000
925.500000 1.000000
126.625000 0.000000
257.500000 0.000000
-147.125000 0.000000
456.750000 0.000000
-982.500000 0.000000
81.875000 0.000000
-673.500000 0.000000

-46.000000 0.000000
256.500000 1.000000
-212.375000 0.000000
30.156250 0.000000
143.000000 0.000000
-195.125000 0.000000
-68.000000 0.000000
-266.250000 0.000000
114.250000 0.000000
-123.000000 0.000000

-4.339844 0.000000
-146.250000 0.000000
98.687500 0.000000
644.000000 1.000000
-273.250000 0.000000
-94.687500 0.000000
-187.750000 0.000000
-303.250000 0.000000
388.250000 0.000000
-246.750000 0.000000

-103.062500 0.000000
48.531250 0.000000
233.250000 0.000000
-41.437500 0.000000
386.250000 1.000000
-200.125000 0.000000
70.562500 0.000000
-354.250000 0.000000
-102.125000 0.000000
-226.000000 0.000000

440.750000 1.000000
-208.250000 0.000000
-189.250000 0.000000
92.875000 0.000000
-118.375000 0.000000
-42.843750 0.000000
-207.375000 0.000000
-148.375000 0.000000
134.625000 0.000000
-1.643555 0.000000

-199.750000 0.000000
99.250000 0.000000
-195.250000 0.000000
131.375000 0.000000
294.750000 1.000000
-315.750000 0.000000
-211.125000 0.000000
-55.093750 0.000000
105.062500 0.000000
-20.640625 0.000000

-33.718750 0.000000
316.750000 1.000000
-246.750000 0.000000
158.875000 0.000000
104.437500 0.000000
-335.500000 0.000000
-185.250000 0.000000
-239.500000 0.000000
111.437500 0.000000
-103.812500 0.000000

-55.718750 0.000000
24.953125 0.000000
-460.500000 0.000000
306.500000 1.000000
-58.031250 0.000000
-93.125000 0.000000
-738.500000 0.000000
102.062500 0.000000
175.625000 0.000000
261.250000 0.000000

438.000000 1.000000
-193.625000 0.000000
-122.437500 0.000000
358.250000 0.000000
-184.750000 0.000000
-19.078125 0.000000
-100.125000 0.000000
-393.000000 0.000000
256.750000 0.000000
-51.281250 0.000000

901.500000 1.000000
-430.750000 0.000000
-248.750000 0.000000
111.000000 0.000000
75.375000 0.000000
-222.000000 0.000000
-29.406250 0.000000
-559.500000 0.000000
198.625000 0.000000
74.875000 0.000000

715.000000 1.000000
-305.750000 0.000000
-114.750000 0.000000
363.500000 0.000000
-211.750000 0.000000
101.625000 0.000000
225.375000 0.000000
-773.000000 0.000000
380.500000 0.000000
-274.750000 0.000000

-110.812500 0.000000
332.250000 1.000000
-83.000000 0.000000
224.875000 0.000000
58.812500 0.000000
-290.750000 0.000000
-334.250000 0.000000
-39.531250 0.000000
157.125000 0.000000
-170.000000 0.000000

-138.125000 0.000000
150.250000 0.000000
-372.750000 0.000000
121.500000 0.000000
278.250000 1.000000
-367.000000 0.000000
-203.625000 0.000000
-200.125000 0.000000
185.000000 0.000000
-33.750000 0.000000

639.500000 1.000000
-250.125000 0.000000
-80.625000 0.000000
283.500000 0.000000
-169.125000 0.000000
40.718750 0.000000
-72.625000 0.000000
-482.000000 0.000000
212.500000 0.000000
-20.921875 0.000000

-95.687500 0.000000
472.750000 1.000000
-407.250000 0.000000
282.750000 0.000000
143.250000 0.000000
-335.750000 0.000000
-152.375000 0.000000
-342.500000 0.000000
102.312500 0.000000
-244.500000 0.000000

-141.625000 0.000000
-9.960938 0.000000
-151.125000 0.000000
44.625000 0.000000
155.375000 0.000000
-53.125000 0.000000
648.000000 1.000000
-669.500000 0.000000
275.750000 0.000000
-299.500000 0.000000

24.625000 0.000000
-64.000000 0.000000
-128.375000 0.000000
206.625000 0.000000
-454.500000 0.000000
358.500000 0.000000
-105.125000 0.000000
-257.250000 0.000000
606.000000 1.000000
-215.000000 0.000000

-3.769531 0.000000
104.875000 0.000000
-416.250000 0.000000
205.625000 0.000000
96.312500 0.000000
-365.500000 0.000000
-199.500000 0.000000
-591.000000 0.000000
707.000000 1.000000
-105.312500 0.000000

-174.875000 0.000000
289.500000 0.000000
-295.500000 0.000000
274.750000 0.000000
251.375000 0.000000
-474.750000 0.000000
-130.375000 0.000000
-623.500000 0.000000
523.500000 1.000000
-236.375000 0.000000

-248.250000 0.000000
172.500000 0.000000
417.250000 0.000000
721.500000 1.000000
-274.500000 0.000000
-203.000000 0.000000
-410.000000 0.000000
-311.500000 0.000000
473.750000 0.000000
-482.750000 0.000000

180.625000 0.000000
94.062500 0.000000
-590.500000 0.000000
161.250000 0.000000
639.500000 0.000000
-658.000000 0.000000
-319.750000 0.000000
-1073.000000 0.000000
756.500000 1.000000
-140.875000 0.000000

-72.000000 0.000000
-10.445312 0.000000
-407.000000 0.000000
515.500000 0.977051
32.406250 0.000000
-344.250000 0.000000
-425.250000 0.000000
-392.000000 0.000000
511.750000 0.022980
171.125000 0.000000

-419.250000 0.000000
224.875000 0.000000
-491.750000 0.000000
451.500000 1.000000
330.750000 0.000000
-459.750000 0.000000
-1057.000000 0.000000
-156.375000 0.000000
358.750000 0.000000
427.250000 0.000000

-551.000000 0.000000
128.500000 0.000000
836.000000 1.000000
302.000000 0.000000
269.750000 0.000000
-234.375000 0.000000
295.000000 0.000000
-755.500000 0.000000
-11.828125 0.000000
-669.000000 0.000000

-65.312500 0.000000
108.750000 0.000000
12.132812 0.000000
780.000000 1.000000
-85.687500 0.000000
-356.000000 0.000000
-234.250000 0.000000
-559.500000 0.000000
458.750000 0.000000
-371.500000 0.000000

-52.812500 0.000000
93.875000 0.000000
-203.000000 0.000000
440.750000 1.000000
-158.250000 0.000000
87.500000 0.000000
-398.000000 0.000000
-237.625000 0.000000
381.500000 0.000000
-132.000000 0.000000

-303.000000 0.000000
454.000000 0.000000
-159.500000 0.000000
375.750000 0.000000
549.500000 1.000000
-565.000000 0.000000
-393.000000 0.000000
-445.250000 0.000000
18.718750 0.000000
-148.625000 0.000000

-171.500000 0.000000
318.250000 1.000000
-144.750000 0.000000
135.750000 0.000000
246.000000 0.000000
-293.750000 0.000000
-199.125000 0.000000
-118.312500 0.000000
29.843750 0.000000
-122.937500 0.000000

443.250000 1.000000
-113.437500 0.000000
-387.000000 0.000000
339.500000 0.000000
-249.125000 0.000000
25.015625 0.000000
-272.500000 0.000000
-463.750000 0.000000
420.500000 0.000000
-124.562500 0.000000

-394.500000 0.000000
317.500000 0.000000
-240.125000 0.000000
94.625000 0.000000
653.500000 1.000000
-495.250000 0.000000
-555.500000 0.000000
-578.500000 0.000000
151.250000 0.000000
268.500000 0.000000

-103.125000 0.000000
141.625000 0.000000
331.500000 0.000000
469.000000 1.000000
-304.000000 0.000000
-227.750000 0.000000
-170.250000 0.000000
-272.500000 0.000000
362.750000 0.000000
-378.750000 0.000000

-237.500000 0.000000
36.062500 0.000000
-40.062500 0.000000
-84.937500 0.000000
842.500000 1.000000
-449.250000 0.000000
13.054688 0.000000
-437.250000 0.000000
45.718750 0.000000
-49.906250 0.000000

-32.281250 0.000000
135.125000 0.000000
-210.500000 0.000000
924.000000 1.000000
-399.000000 0.000000
-141.750000 0.000000
-945.500000 0.000000
-150.125000 0.000000
628.500000 0.000000
-101.875000 0.000000

-333.250000 0.000000
24.765625 0.000000
168.750000 0.000000
75.687500 0.000000
364.000000 0.000000
-175.000000 0.000000
820.500000 1.000000
-563.500000 0.000000
-71.437500 0.000000
-517.000000 0.000000

128.750000 0.000000
-101.000000 0.000000
-446.250000 0.000000
308.750000 1.000000
-162.625000 0.000000
-88.312500 0.000000
-757.000000 0.000000
128.625000 0.000000
166.375000 0.000000
250.750000 0.000000

-32.281250 0.000000
53.562500 0.000000
382.000000 0.173340
383.500000 0.776855
-326.500000 0.000000
-232.375000 0.000000
-286.000000 0.000000
-174.500000 0.000000
380.750000 0.049683
-223.500000 0.000000

923.000000 1.000000
-297.000000 0.000000
-31.484375 0.000000
-243.000000 0.000000
-170.125000 0.000000
9.195312 0.000000
164.750000 0.000000
-135.500000 0.000000
93.062500 0.000000
-4.027344 0.000000

-275.500000 0.000000
171.750000 0.000000
-15.632812 0.000000
199.750000 0.000000
337.250000 0.000000
-180.125000 0.000000
609.000000 1.000000
-777.000000 0.000000
49.875000 0.000000
-569.500000 0.000000

-171.250000 0.000000
0.841797 0.000000
-78.750000 0.000000
154.000000 0.000000
234.000000 0.000000
47.406250 0.000000
890.000000 1.000000
-948.500000 0.000000
151.250000 0.000000
-577.500000 0.000000

136.500000 0.000000
183.750000 0.000000
-563.500000 0.000000
-211.000000 0.000000
160.375000 0.000000
-301.500000 0.000000
-61.468750 0.000000
-527.000000 0.000000
469.750000 1.000000
-96.625000 0.000000

-244.625000 0.000000
197.375000 0.000000
-275.750000 0.000000
24.078125 0.000000
709.500000 1.000000
-297.750000 0.000000
-70.250000 0.000000
-670.500000 0.000000
90.187500 0.000000
47.312500 0.000000

-132.000000 0.000000
312.750000 0.000000
-569.500000 0.000000
783.500000 1.000000
29.828125 0.000000
-313.750000 0.000000
-921.500000 0.000000
-525.000000 0.000000
554.000000 0.000000
125.187500 0.000000

49.000000 0.000000
112.125000 0.000000
-716.500000 0.000000
8.195312 0.000000
149.875000 0.000000
-142.875000 0.000000
-400.750000 0.000000
-316.000000 0.000000
430.500000 1.000000
109.000000 0.000000

-114.437500 0.000000
-35.937500 0.000000
-237.000000 0.000000
323.750000 0.000006
-75.000000 0.000000
-277.250000 0.000000
-630.500000 0.000000
335.750000 1.000000
211.500000 0.000000
131.750000 0.000000

-206.875000 0.000000
72.250000 0.000000
-151.750000 0.000000
75.000000 0.000000
328.250000 1.000000
-306.000000 0.000000
-87.937500 0.000000
-82.937500 0.000000
76.000000 0.000000
-90.375000 0.000000

