3.640625
-393.500000
1224.000000
239.750000
-573.500000
-27.234375
-208.125000
-149.125000
89.375000
-324.500000
587.000000
-154.125000
340.750000
-216.750000
91.062500
139.000000
-56.375000
126.062500
-250.250000
-307.250000
-411.250000
-219.750000
90.187500
300.000000
-258.500000
139.250000
-97.812500
-295.250000
518.500000
131.125000
96.437500
-440.000000
201.750000
124.437500
-120.750000
156.875000
-126.875000
-264.250000
304.500000
159.500000
-283.000000
-201.250000
50.156250
859.500000
-537.000000
323.250000
-159.875000
-383.250000
466.000000
-90.875000
-166.375000
-325.000000
98.437500
71.375000
124.437500
-175.875000
-150.750000
162.250000
204.750000
64.062500
1087.000000
-316.000000
110.750000
-144.250000
-357.250000
-69.375000
160.125000
-397.750000
113.562500
-306.750000
-316.250000
-176.625000
202.375000
739.500000
-206.625000
370.500000
-751.500000
-336.000000
40.062500
120.125000
722.500000
-179.750000
311.250000
-179.625000
-122.937500
-34.562500
-195.125000
-109.125000
-252.000000
-62.593750
-560.000000
-379.500000
202.250000
672.500000
-277.500000
357.500000
-407.500000
-92.187500
25.109375
-112.687500
-531.500000
-680.000000
-248.125000
76.375000
-454.000000
896.500000
-109.625000
-465.000000
404.500000
425.250000
-247.500000
-121.125000
463.750000
522.500000
-463.000000
-131.875000
-499.250000
206.500000
174.750000
74.625000
-598.500000
-518.500000
-274.750000
257.750000
530.000000
218.500000
-463.000000
120.812500
363.250000
342.750000
1044.000000
-307.250000
236.750000
-113.250000
-303.750000
-140.500000
-139.625000
-285.000000
-109.062500
79.312500
-371.750000
-271.750000
103.937500
217.125000
279.750000
11.195312
-155.875000
-179.125000
282.000000
51.718750
-371.250000
-385.000000
-149.625000
478.250000
12.507812
387.500000
-740.000000
-598.500000
401.750000
5.753906
-172.375000
-197.000000
135.875000
806.000000
-429.250000
267.500000
-189.500000
-188.750000
81.375000
-3.224609
-82.187500
17.171875
-9.132812
90.000000
-27.031250
32.468750
-99.750000
-56.218750
103.812500
8.164062
-335.000000
-406.750000
-371.750000
103.187500
359.500000
262.500000
-779.500000
-168.625000
312.000000
541.000000
803.000000
-617.000000
218.125000
-310.000000
-356.250000
133.875000
157.125000
-91.250000
-10.679688
70.875000
-318.500000
-390.000000
52.343750
187.250000
63.656250
258.250000
-586.000000
-408.500000
402.250000
231.375000
-93.562500
-16.515625
-54.156250
112.000000
-95.687500
38.625000
-72.812500
45.406250
251.750000
-68.125000
-89.312500
73.437500
256.000000
176.125000
-134.625000
-490.500000
-231.375000
-2.789062
460.000000
-234.375000
-72.312500
-92.375000
-188.125000
4.859375
-428.500000
764.000000
-49.468750
-266.750000
105.000000
-46.093750
-138.250000
-226.625000
8.289062
84.625000
179.625000
122.750000
-516.500000
191.125000
170.750000
114.375000
-340.250000
-135.375000
55.093750
142.375000
430.500000
177.000000
-484.000000
-177.750000
76.312500
173.500000
-540.500000
-158.000000
873.500000
322.000000
-321.000000
-207.125000
-79.625000
-375.000000
581.000000
-277.750000
112.500000
-430.000000
-106.000000
-32.531250
-268.000000
265.750000
-536.000000
160.250000
13.218750
-30.390625
-391.500000
-269.000000
-105.937500
125.562500
358.750000
-71.187500
-431.000000
-83.125000
538.000000
229.250000
-60.656250
-287.000000
199.375000
278.250000
51.906250
57.375000
-564.500000
1.119141
390.250000
6.550781
-137.125000
-119.312500
510.000000
292.750000
-184.500000
-78.000000
-464.750000
299.500000
289.000000
-18.421875
-347.500000
-475.750000
-100.125000
409.750000
-143.500000
674.500000
-319.500000
-246.625000
401.750000
-85.812500
-439.500000
-402.750000
137.250000
175.750000
516.500000
234.375000
-266.500000
-26.750000
102.375000
28.296875
100.062500
-315.250000
779.500000
391.750000
-607.000000
-190.125000
-331.750000
-128.125000
630.500000
-675.500000
-14.585938
-575.500000
146.375000
-116.250000
-213.125000
282.000000
843.500000
-731.500000
321.250000
-23.078125
18.484375
190.375000
494.000000
291.000000
-119.125000
-113.875000
-238.625000
-203.125000
470.250000
-291.250000
-267.750000
-276.750000
143.500000
38.093750
-334.500000
485.000000
-20.734375
-182.500000
224.625000
12.515625
-122.312500
-632.000000
-202.250000
196.000000
-259.500000
703.500000
-54.468750
-499.750000
554.000000
-308.000000
-305.750000
288.250000
-158.875000
-25.953125
157.500000
22.125000
-454.250000
-250.375000
276.250000
94.375000
362.500000
-613.000000
-217.875000
-66.750000
-214.000000
361.500000
96.625000
-181.625000
495.250000
-417.000000
-197.125000
-133.875000
473.750000
363.500000
-307.500000
-140.500000
-527.500000
323.250000
326.750000
-32.812500
-85.625000
-192.625000
190.750000
401.500000
-314.000000
83.625000
-567.500000
322.000000
175.250000
100.000000
-137.750000
-433.500000
38.062500
38.000000
462.250000
41.218750
-30.015625
-285.750000
226.875000
272.750000
-129.125000
-308.750000
159.250000
46.187500
-51.843750
-85.937500
-445.250000
-140.875000
205.625000
494.500000
-411.500000
-152.250000
-81.375000
61.531250
-204.875000
350.250000
-73.500000
-392.500000
888.000000
-200.000000
36.968750
-185.125000
471.750000
394.500000
-260.500000
19.031250
-764.500000
226.750000
196.625000
-167.750000
-114.000000
-577.500000
-22.015625
295.000000
-350.250000
62.875000
-116.125000
-338.750000
949.500000
-94.625000
-193.375000
-447.500000
413.500000
408.750000
-930.000000
-63.562500
-312.500000
-337.000000
623.500000
-117.750000
-118.875000
-423.750000
-97.437500
260.500000
-294.000000
354.500000
337.000000
-523.000000
305.500000
-124.250000
-40.781250
-351.250000
-131.500000
197.125000
-226.250000
177.500000
-452.750000
126.375000
187.500000
-60.812500
-36.281250
-320.250000
76.625000
277.500000
-0.314209
108.375000
484.750000
-461.000000
516.000000
-375.500000
-73.437500
-743.500000
-13.906250
246.625000
-392.000000
285.250000
-382.250000
-704.000000
1144.000000
-250.625000
-117.125000
-555.000000
-107.437500
211.875000
-380.750000
-127.625000
-206.875000
-250.250000
917.000000
-28.031250
-552.500000
-474.500000
-6.136719
1110.000000
-496.750000
341.250000
-411.250000
-495.250000
250.375000
311.750000
-234.000000
-523.000000
78.187500
132.875000
-190.750000
-116.000000
-395.750000
-251.375000
967.000000
134.250000
-409.000000
29.843750
1010.500000
-6.488281
122.187500
108.500000
50.156250
-73.875000
-192.875000
-578.500000
-175.125000
-46.125000
0.500000
-19.343750
8.929688
62.031250
-38.250000
-127.437500
167.500000
-149.750000
-229.625000
-324.000000
514.500000
424.000000
-351.250000
-55.906250
-77.312500
-470.000000
747.000000
-147.500000
-324.500000
-186.875000
327.750000
225.375000
-134.750000
83.437500
-172.375000
122.187500
271.250000
-110.187500
305.000000
-481.250000
-123.500000
42.562500
-346.750000
535.500000
-6.621094
-431.000000
37.687500
67.625000
-405.750000
-222.875000
126.187500
124.500000
78.750000
214.500000
-317.250000
-50.500000
100.562500
82.500000
-277.000000
202.500000
145.000000
-16.312500
91.812500
-182.250000
-396.250000
-218.250000
386.750000
-90.250000
-259.250000
-104.562500
29.656250
122.875000
-15.718750
-17.906250
-474.250000
354.250000
116.500000
-39.093750
860.000000
-283.000000
260.750000
-85.000000
-139.750000
202.000000
-48.312500
-128.125000
59.781250
-70.875000
759.500000
-385.250000
213.625000
-339.000000
-91.875000
-130.875000
272.500000
-397.000000
392.750000
-118.375000
769.000000
-369.250000
348.750000
-39.968750
-256.250000
326.000000
-45.781250
-312.000000
20.187500
26.468750
31.890625
-66.500000
126.312500
128.250000
-59.625000
-85.625000
-187.625000
31.593750
116.750000
5.871094
-400.750000
-325.250000
103.375000
191.000000
57.687500
101.250000
-408.000000
-16.109375
476.250000
279.250000
516.000000
-314.500000
137.000000
-69.625000
-398.750000
339.500000
132.000000
-133.500000
-269.000000
-98.437500
-113.187500
-179.375000
-22.562500
168.000000
20.921875
0.899902
-265.000000
-205.375000
397.250000
-69.312500
-8.843750
-442.250000
-59.093750
47.531250
-86.375000
459.500000
455.250000
-475.750000
316.250000
-222.625000
-342.250000
-401.250000
-101.312500
54.062500
-167.500000
591.000000
-368.500000
-201.500000
333.250000
174.750000
-515.000000
-574.000000
204.875000
351.500000
-325.250000
214.500000
-348.250000
-435.500000
782.000000
155.875000
-150.125000
-636.000000
93.937500
518.500000
-435.500000
126.812500
-208.000000
-477.750000
868.000000
-380.000000
-69.062500
-25.656250
650.000000
114.062500
-353.250000
-22.921875
-356.250000
-91.375000
490.000000
-53.500000
337.500000
-618.500000
51.625000
-4.460938
-297.000000
97.875000
-208.000000
-620.500000
934.000000
-9.281250
-318.500000
-549.000000
199.750000
391.500000
-175.875000
270.750000
-250.750000
-240.625000
542.500000
267.000000
-111.937500
-511.500000
-229.000000
213.000000
132.125000
60.093750
-741.500000
-113.875000
252.125000
407.250000
-443.250000
-197.375000
1088.000000
428.250000
-302.500000
159.375000
-193.500000
-159.500000
175.000000
-721.000000
-131.000000
-563.000000
409.000000
621.500000
-559.500000
190.375000
-49.312500
-500.000000
566.000000
-560.500000
-326.000000
-559.000000
-76.062500
245.750000
-445.250000
892.500000
-161.500000
-432.500000
383.250000
-6.023438
-16.937500
-238.875000
56.000000
39.468750
120.187500
-2.082031
-145.750000
-225.000000
49.250000
-7.757812
-152.750000
-27.421875
-54.437500
73.875000
-102.625000
63.343750
-55.812500
24.640625
162.375000
-42.468750
355.250000
-293.750000
91.000000
148.500000
-114.687500
240.125000
-433.000000
-308.250000
144.125000
290.500000
-273.750000
-293.750000
157.875000
297.500000
104.500000
121.500000
-731.000000
-241.875000
179.500000
285.750000
-76.187500
-217.375000
881.000000
450.750000
-624.500000
-175.125000
-35.093750
-352.000000
462.250000
-570.000000
-679.000000
-368.000000
78.125000
73.500000
596.500000
-59.343750
-152.875000
-213.500000
235.500000
196.125000
-476.750000
-228.625000
187.375000
820.000000
-148.750000
83.312500
-585.000000
82.062500
265.000000
-62.875000
38.187500
-404.750000
27.812500
-122.062500
-35.156250
165.125000
675.000000
-31.968750
66.312500
-353.000000
133.875000
-314.000000
-157.375000
-82.062500
49.500000
136.500000
-497.000000
404.500000
86.937500
32.875000
-111.937500
-136.500000
621.000000
747.000000
-586.000000
-14.117188
-146.875000
-389.500000
283.000000
-303.250000
222.125000
-177.875000
71.125000
-111.437500
-353.750000
223.375000
164.500000
-430.000000
149.125000
33.593750
-128.375000
-146.000000
85.812500
93.312500
-210.750000
273.250000
583.500000
-481.000000
255.750000
-384.250000
-13.890625
-487.250000
-64.000000
40.968750
-479.250000
421.000000
659.000000
-634.000000
504.750000
-275.500000
-61.156250
-184.625000
75.937500
80.750000
-76.625000
-242.250000
-299.500000
-48.156250
438.000000
7.648438
-136.000000
-155.750000
-63.031250
103.062500
307.250000
63.812500
-101.312500
-100.000000
116.750000
39.750000
-396.250000
-398.750000
-6.648438
658.000000
-90.687500
374.500000
-695.000000
-438.250000
599.500000
-44.906250
-330.750000
-577.500000
-352.750000
-6.136719
-5.472656
238.750000
-660.000000
-108.062500
465.500000
468.000000
255.750000
-389.500000
-1.359375
209.000000
-126.812500
44.750000
-408.000000
630.000000
-159.000000
-165.625000
-480.000000
-450.750000
-152.125000
214.000000
133.500000
226.125000
-164.750000
-53.250000
418.750000
6.742188
