-943.000000
-635.500000
5252.000000
1429.000000
-1709.000000
-1247.000000
-1569.000000
22.500000
540.500000
-1474.000000
3204.000000
-76.187500
611.500000
-1039.000000
-433.500000
735.000000
221.000000
-309.750000
-830.500000
-836.500000
-1510.000000
-1245.000000
39.156250
642.500000
354.500000
-480.750000
-1659.000000
-381.000000
1637.000000
2666.000000
1112.000000
-1874.000000
466.750000
411.250000
-227.250000
-639.500000
-889.500000
-724.500000
944.000000
1028.000000
-1916.000000
-528.500000
806.500000
5416.000000
-2734.000000
390.500000
-1713.000000
-1190.000000
1914.000000
-423.500000
-1074.000000
-1911.000000
-136.125000
319.250000
322.250000
95.812500
-1751.000000
1596.000000
365.250000
2276.000000
5244.000000
-641.500000
1683.000000
-1570.000000
-808.000000
-1441.000000
685.500000
-916.500000
-715.000000
-590.000000
-2566.000000
-1233.000000
1278.000000
5580.000000
-1912.000000
842.000000
-3942.000000
-737.500000
920.000000
1346.000000
4332.000000
81.750000
860.000000
-661.000000
-1632.000000
445.250000
-385.750000
-483.000000
-1653.000000
-25.218750
-3330.000000
-1143.000000
-26.484375
5872.000000
-1930.000000
1910.000000
-2618.000000
-884.000000
1105.000000
396.500000
-2956.000000
-2398.000000
-2154.000000
1847.000000
-2472.000000
6244.000000
-447.750000
-2192.000000
1245.000000
2031.000000
-234.375000
-170.250000
1986.000000
1505.000000
-1735.000000
-1858.000000
-2770.000000
2222.000000
813.000000
646.000000
-2744.000000
-1425.000000
-1495.000000
649.000000
2808.000000
397.250000
-2352.000000
282.750000
1309.000000
1703.000000
5732.000000
-1165.000000
588.500000
-1371.000000
-1793.000000
-50.781250
927.500000
-507.250000
-1090.000000
418.250000
-1302.000000
-1310.000000
-944.500000
-483.750000
3264.000000
-1134.000000
-497.000000
-223.375000
1214.000000
1290.000000
-1710.000000
-522.500000
436.000000
3952.000000
60.000000
1790.000000
-3082.000000
-1605.000000
1016.500000
9.593750
-1002.500000
-269.250000
388.000000
4336.000000
-2003.000000
1532.000000
-1343.000000
-1089.000000
169.875000
117.875000
-507.000000
1346.000000
-518.000000
48.000000
-102.187500
-244.125000
-476.250000
17.890625
624.000000
-412.000000
-2422.000000
-789.500000
-1416.000000
536.000000
1721.000000
1.891602
-3584.000000
-249.625000
1824.000000
4268.000000
5112.000000
-2350.000000
815.500000
-2047.000000
-1648.000000
-568.500000
1113.000000
110.000000
100.125000
466.750000
-1868.000000
-848.500000
-182.000000
1025.000000
546.000000
-520.500000
-3046.000000
294.250000
1364.000000
3198.000000
-533.000000
2194.000000
-198.500000
-286.000000
-145.500000
-822.000000
-860.000000
515.000000
722.500000
-677.000000
-1207.000000
1865.000000
329.250000
-215.875000
89.750000
-2524.000000
-1175.000000
1227.000000
1370.000000
-670.000000
-132.000000
-1446.000000
-1579.000000
-325.000000
-2092.000000
4516.000000
-273.500000
-563.500000
955.000000
687.500000
-673.000000
-417.250000
238.500000
1079.000000
-490.500000
-334.500000
-2962.000000
2912.000000
103.875000
884.500000
-2176.000000
225.625000
-571.500000
-130.750000
3864.000000
-627.500000
-1601.000000
-325.000000
265.000000
1007.000000
-2772.000000
592.500000
4704.000000
2034.000000
-1630.000000
-1777.000000
-379.000000
-1143.000000
1573.000000
-2390.000000
-198.750000
-1550.000000
-570.500000
-331.750000
-274.500000
-37.812500
-3156.000000
2756.000000
-243.375000
1673.000000
-2015.000000
182.125000
-1240.000000
-61.000000
2214.000000
-1154.000000
-2720.000000
531.000000
1594.000000
1883.000000
-630.000000
-349.000000
870.000000
1497.000000
-1290.000000
-836.500000
-2922.000000
2970.000000
707.000000
657.500000
-852.000000
-485.500000
1742.000000
1374.000000
-705.500000
-1402.000000
-2982.000000
2418.000000
859.500000
268.750000
-993.500000
-1679.000000
-869.000000
1270.000000
-811.000000
3462.000000
-921.000000
-1616.000000
1374.000000
488.000000
-2284.000000
-945.500000
49.218750
-597.000000
5112.000000
-942.500000
-1319.000000
161.125000
666.500000
168.125000
286.500000
487.750000
5428.000000
1676.000000
-3342.000000
-2618.000000
-2062.000000
108.062500
2256.000000
-2300.000000
-381.750000
-1199.000000
408.250000
391.750000
88.937500
685.500000
5236.000000
-3626.000000
687.000000
-1699.000000
-49.031250
1482.000000
3676.000000
551.500000
-1378.000000
-1979.000000
-2338.000000
1352.000000
1223.000000
-1544.000000
-408.750000
-1499.000000
-553.500000
-403.500000
-1631.000000
3004.000000
372.750000
-179.750000
1601.000000
404.500000
-1250.000000
-2108.000000
-1651.000000
1296.000000
-1325.000000
4388.000000
46.187500
-1402.000000
1936.000000
152.000000
-1663.000000
2294.000000
-544.500000
24.546875
785.000000
-157.500000
-1730.000000
-467.750000
1109.000000
-64.375000
761.000000
-2030.000000
-1836.000000
-278.750000
-1489.000000
2810.000000
3676.000000
-1046.000000
1433.000000
-1144.000000
-472.250000
-504.500000
1390.000000
1114.000000
-1794.000000
-965.000000
-2256.000000
2612.000000
909.000000
499.750000
-360.500000
-649.000000
642.000000
1176.000000
-930.500000
-435.250000
-2980.000000
3154.000000
31.343750
578.500000
-1558.000000
-1146.000000
-49.968750
-324.750000
4224.000000
-904.000000
-693.500000
-465.750000
208.750000
695.500000
-584.000000
-1622.000000
64.625000
907.500000
276.500000
-1113.000000
-2432.000000
-375.750000
1114.000000
3586.000000
-2376.000000
-1152.000000
-242.250000
256.500000
-2472.000000
2036.000000
366.500000
-1357.000000
4356.000000
321.250000
-237.875000
-476.250000
1089.000000
1303.000000
-902.500000
-199.000000
-3114.000000
2888.000000
-107.437500
668.500000
-1043.000000
-1477.000000
57.156250
1647.000000
-1632.000000
-292.500000
-1477.000000
-852.500000
4472.000000
149.250000
-1268.000000
-237.000000
4248.000000
3246.000000
-4184.000000
-1857.000000
-2056.000000
-159.125000
2600.000000
-1264.000000
-486.000000
-314.000000
-572.000000
239.250000
-299.500000
771.000000
2234.000000
-2072.000000
1142.000000
-1393.000000
-1340.000000
179.125000
35.093750
1488.000000
-402.250000
-32.000000
-2214.000000
2044.000000
561.000000
-406.500000
61.781250
-792.500000
-890.500000
435.750000
871.500000
647.000000
4888.000000
-2316.000000
-798.500000
-1370.000000
-1541.000000
-2474.000000
258.500000
1292.000000
-2170.000000
189.125000
-318.750000
-2112.000000
4992.000000
482.500000
-1343.000000
-686.500000
35.375000
836.500000
-453.750000
-1004.000000
-993.500000
-606.000000
4180.000000
-702.000000
-2456.000000
-1198.000000
22.562500
6580.000000
-2348.000000
960.500000
-3444.000000
-1880.000000
1659.000000
1011.000000
-1640.000000
-1634.000000
-193.125000
1080.000000
-1767.000000
165.000000
-1044.000000
-847.500000
4644.000000
1230.000000
-1436.000000
309.000000
6360.000000
430.250000
184.875000
-864.000000
-87.375000
-1056.000000
-110.125000
-4416.000000
-821.000000
2052.000000
287.000000
-581.000000
574.500000
-1243.000000
-710.500000
219.375000
753.000000
-829.500000
-8.625000
-722.000000
3614.000000
1090.000000
-1300.000000
-1839.000000
-1688.000000
-73.062500
1841.000000
-716.500000
-1270.000000
-422.250000
2356.000000
781.000000
-206.250000
78.375000
-939.000000
389.000000
415.750000
-1577.000000
1480.000000
-1622.000000
-146.250000
512.500000
-1050.000000
1059.000000
-503.250000
-1608.000000
395.000000
753.000000
-1566.000000
-867.000000
-471.750000
300.750000
2300.000000
-830.500000
-1199.000000
310.250000
797.000000
1216.000000
-994.000000
2494.000000
642.500000
-231.625000
850.000000
-2332.000000
-1576.000000
521.500000
686.000000
-430.000000
-1143.000000
15.109375
62.093750
1453.000000
-397.000000
-751.500000
-2644.000000
2524.000000
65.000000
626.500000
3942.000000
-2166.000000
334.250000
-937.500000
-1610.000000
453.750000
788.000000
-278.750000
149.875000
312.500000
3320.000000
-989.500000
935.500000
-1077.000000
290.750000
-1764.000000
-185.625000
-1591.000000
900.000000
554.000000
4264.000000
-786.500000
1211.000000
-1436.000000
-1087.000000
-542.500000
1063.000000
-1218.000000
171.125000
-580.000000
-444.250000
1774.000000
225.750000
237.375000
-269.750000
-865.000000
-1600.000000
878.500000
624.000000
-444.750000
-1505.000000
-1905.000000
-372.750000
529.500000
1165.000000
-937.000000
-1617.000000
-39.500000
1708.000000
2810.000000
4108.000000
-1451.000000
512.000000
-1084.000000
-1004.000000
75.312500
964.500000
-1018.000000
-272.250000
294.500000
-785.500000
2092.000000
-439.750000
-140.625000
282.000000
-644.000000
-519.500000
-34.625000
791.500000
-1092.000000
-511.000000
-1777.000000
-994.500000
-101.312500
-1296.000000
2142.000000
4120.000000
-2054.000000
1801.000000
-786.000000
-1508.000000
-967.000000
-903.500000
980.500000
-2226.000000
4332.000000
-469.750000
-1307.000000
1520.000000
629.500000
-2172.000000
-1432.000000
715.500000
2120.000000
-1675.000000
-89.625000
-1793.000000
-1819.000000
4764.000000
435.250000
-1168.000000
-1884.000000
1087.000000
1356.000000
-2264.000000
-658.500000
-678.500000
-1567.000000
5004.000000
48.875000
-976.000000
752.000000
4728.000000
1032.000000
-2000.000000
-1851.000000
-1969.000000
1002.000000
1735.000000
-1522.000000
-149.125000
-1774.000000
223.500000
1195.000000
-1479.000000
-739.500000
-969.500000
-2862.000000
4160.000000
1162.000000
-1593.000000
-2100.000000
-19.718750
1763.000000
-598.000000
845.000000
-3336.000000
-1240.000000
3070.000000
3550.000000
-2027.000000
-1718.000000
-852.000000
706.000000
1055.000000
-38.437500
-3566.000000
277.000000
1107.000000
4652.000000
-2004.000000
1133.000000
5728.000000
1395.000000
-998.500000
-694.500000
-1393.000000
452.250000
-437.250000
-3888.000000
-2416.000000
-642.500000
2084.000000
5308.000000
-2684.000000
-604.500000
-1458.000000
-983.500000
2910.000000
-1890.000000
-2090.000000
-1224.000000
-1475.000000
1721.000000
-1906.000000
5088.000000
-669.500000
-1618.000000
960.500000
1044.000000
-819.500000
187.625000
398.000000
209.625000
1824.000000
-888.000000
-1965.000000
376.750000
-121.625000
603.500000
-852.500000
1992.000000
-530.000000
-106.750000
84.812500
-656.000000
-813.500000
514.000000
421.250000
-360.500000
2634.000000
-1860.000000
804.000000
-315.500000
-1613.000000
-363.250000
-1054.000000
-1121.000000
1757.000000
427.750000
-1611.000000
-1089.000000
912.000000
970.000000
708.500000
-166.250000
-2830.000000
-533.000000
834.500000
2704.000000
124.750000
455.250000
5404.000000
967.500000
-2546.000000
-2256.000000
-1033.000000
-221.875000
1788.000000
-2364.000000
-1238.000000
-1522.000000
-190.750000
-331.750000
3272.000000
-794.500000
-1175.000000
-839.000000
483.250000
1934.000000
-2396.000000
-525.000000
291.250000
6612.000000
-3342.000000
525.500000
-3438.000000
807.000000
1802.000000
-193.250000
14.265625
-1063.000000
145.375000
-1057.000000
714.500000
1089.000000
4088.000000
-1286.000000
-159.250000
-1463.000000
-380.000000
-1341.000000
-304.250000
343.750000
-316.250000
35.593750
-1951.000000
2434.000000
-254.625000
1240.000000
-898.500000
147.000000
4240.000000
2572.000000
-2804.000000
-2196.000000
-1888.000000
-651.500000
1982.000000
-1083.000000
3774.000000
-873.000000
707.500000
-1558.000000
-1748.000000
169.000000
1038.000000
-945.500000
-397.000000
1083.000000
-1708.000000
-1299.000000
134.250000
1043.000000
-621.500000
1702.000000
4144.000000
-2992.000000
1542.000000
-2318.000000
-733.000000
-1663.000000
2.269531
31.406250
-1450.000000
1748.000000
4808.000000
-3224.000000
1826.000000
-1531.000000
-545.000000
1405.000000
-950.500000
-1342.000000
-160.250000
-725.000000
-49.343750
301.250000
1531.000000
-1013.500000
-896.000000
-425.750000
-766.000000
-698.500000
3446.000000
46.437500
-1020.000000
-754.000000
99.625000
910.500000
-3364.000000
-1058.000000
-1.363281
6688.000000
-2216.000000
1351.000000
-3956.000000
-532.500000
1932.000000
778.000000
-1551.000000
-1649.000000
-884.000000
996.000000
583.500000
-226.000000
-2880.000000
-285.500000
1721.000000
3814.000000
-311.000000
-1045.000000
426.500000
289.750000
-774.000000
-206.000000
-2274.000000
3138.000000
-190.625000
597.500000
-1732.000000
-1008.500000
-565.000000
-198.500000
2578.000000
-400.250000
-975.500000
913.500000
980.500000
726.500000
