-712.000000
-534.000000
3754.000000
1022.500000
-1182.000000
-821.000000
-1054.000000
-71.000000
544.500000
-1094.000000
2310.000000
-88.875000
436.750000
-720.500000
-323.250000
500.250000
92.500000
-232.125000
-560.000000
-521.000000
-1196.000000
-960.500000
46.593750
491.750000
347.250000
-384.750000
-1263.000000
-326.500000
1259.000000
2056.000000
874.500000
-1448.000000
381.750000
233.500000
-132.375000
-479.000000
-641.000000
-544.500000
761.500000
711.000000
-1380.000000
-471.250000
658.500000
3902.000000
-1983.000000
293.000000
-1231.000000
-912.000000
1481.000000
-249.500000
-873.000000
-1462.000000
-141.500000
338.750000
200.625000
93.125000
-1359.000000
1179.000000
244.000000
1693.000000
3786.000000
-488.500000
1276.000000
-1133.000000
-608.000000
-1017.000000
513.000000
-656.500000
-547.500000
-343.250000
-1883.000000
-1029.000000
856.500000
4058.000000
-1460.000000
768.500000
-2848.000000
-628.500000
717.500000
1127.000000
3224.000000
0.689453
743.500000
-492.250000
-1215.000000
248.000000
-343.750000
-406.000000
-1159.000000
50.562500
-2462.000000
-850.000000
51.718750
4296.000000
-1386.000000
1428.000000
-1946.000000
-795.000000
854.500000
296.250000
-2108.000000
-1810.000000
-1588.000000
1162.000000
-1792.000000
4496.000000
-263.750000
-1621.000000
891.500000
1545.000000
-174.125000
-152.125000
1459.000000
1109.000000
-1235.000000
-1402.000000
-2082.000000
1661.000000
602.500000
511.750000
-1958.000000
-1127.000000
-979.500000
393.500000
1931.000000
334.250000
-1660.000000
201.000000
941.500000
1260.000000
4196.000000
-867.500000
462.750000
-1039.000000
-1269.000000
-63.843750
661.000000
-365.000000
-802.000000
365.500000
-1002.500000
-972.000000
-664.000000
-360.250000
2382.000000
-810.000000
-278.500000
-157.000000
921.000000
883.000000
-1212.000000
-375.000000
266.000000
2680.000000
105.125000
1375.000000
-2170.000000
-1131.000000
740.500000
34.906250
-599.500000
-272.250000
258.750000
3086.000000
-1534.000000
1222.000000
-900.000000
-813.500000
106.687500
47.687500
-410.500000
1077.000000
-364.750000
58.656250
-58.437500
-220.500000
-394.250000
19.265625
468.250000
-337.500000
-1759.000000
-630.000000
-958.500000
374.000000
1164.000000
44.968750
-2494.000000
-277.750000
1371.000000
3052.000000
3760.000000
-1757.000000
593.500000
-1527.000000
-1232.000000
-421.750000
789.000000
75.062500
112.625000
393.000000
-1342.000000
-662.000000
-117.687500
752.000000
355.500000
-384.000000
-2200.000000
160.750000
1019.000000
2308.000000
-385.250000
1688.000000
-107.312500
-197.250000
-111.625000
-636.500000
-637.500000
373.250000
529.000000
-546.500000
-914.000000
1305.000000
227.375000
-164.000000
28.890625
-1772.000000
-728.500000
826.500000
1055.000000
-573.000000
-103.062500
-1123.000000
-1165.000000
-235.250000
-1545.000000
3320.000000
-299.000000
-412.250000
735.500000
521.000000
-494.000000
-305.750000
208.750000
814.000000
-357.000000
-251.875000
-2166.000000
2078.000000
103.562500
613.000000
-1607.000000
125.375000
-388.750000
-113.937500
2878.000000
-390.500000
-1141.000000
-313.500000
208.750000
717.000000
-1960.000000
359.250000
3476.000000
1431.000000
-1168.000000
-1331.000000
-168.875000
-873.500000
1221.000000
-1675.000000
-83.437500
-1213.000000
-462.250000
-254.000000
-282.750000
69.750000
-2290.000000
1873.000000
-173.500000
1230.000000
-1521.000000
85.875000
-869.500000
25.406250
1637.000000
-815.000000
-2044.000000
342.000000
1174.000000
1368.000000
-429.250000
-302.750000
621.000000
1004.500000
-962.500000
-547.500000
-2134.000000
2126.000000
628.000000
440.250000
-692.500000
-348.500000
1277.000000
979.000000
-526.000000
-1007.000000
-2208.000000
1781.000000
657.500000
172.750000
-680.500000
-1298.000000
-702.500000
929.000000
-637.500000
2646.000000
-641.000000
-1204.000000
1028.000000
296.000000
-1732.000000
-752.500000
-21.859375
-403.000000
3764.000000
-620.000000
-964.000000
78.750000
526.000000
170.625000
219.500000
284.000000
3948.000000
1259.000000
-2432.000000
-1860.000000
-1480.000000
6.792969
1708.000000
-1627.000000
-273.000000
-930.500000
343.000000
168.625000
152.750000
463.750000
3866.000000
-2648.000000
548.000000
-1196.000000
-4.703125
1087.000000
2826.000000
500.250000
-1037.000000
-1457.000000
-1732.000000
969.000000
894.000000
-1141.000000
-333.250000
-1222.000000
-308.750000
-266.250000
-1219.000000
2140.000000
263.000000
-190.250000
1262.000000
267.750000
-831.000000
-1556.000000
-1136.000000
938.500000
-939.500000
3138.000000
66.250000
-1022.500000
1461.000000
-27.328125
-1276.000000
1605.000000
-375.500000
112.187500
563.500000
-36.875000
-1298.000000
-419.750000
816.000000
-23.125000
630.500000
-1560.000000
-1424.000000
-132.250000
-1061.000000
2122.000000
2674.000000
-788.500000
977.000000
-785.500000
-333.250000
-371.500000
1033.000000
770.500000
-1302.000000
-749.000000
-1688.000000
1974.000000
735.000000
335.750000
-223.375000
-524.500000
520.500000
762.500000
-642.500000
-322.000000
-2198.000000
2264.000000
-4.496094
436.250000
-1113.000000
-843.500000
-23.078125
-228.250000
3110.000000
-727.500000
-449.250000
-395.500000
155.750000
479.750000
-425.250000
-1163.000000
94.312500
695.500000
153.250000
-741.000000
-1726.000000
-287.000000
801.000000
2446.000000
-1760.000000
-885.000000
-188.500000
219.875000
-1709.000000
1511.000000
245.000000
-991.500000
3146.000000
219.250000
-159.000000
-327.500000
853.000000
875.000000
-666.500000
-173.750000
-2242.000000
2088.000000
-69.500000
412.000000
-793.500000
-1114.000000
8.531250
1220.000000
-1200.000000
-194.500000
-1089.000000
-654.500000
3372.000000
72.312500
-924.000000
-219.875000
3108.000000
2320.000000
-3024.000000
-1329.000000
-1441.000000
-235.000000
1959.000000
-827.000000
-353.000000
-327.750000
-454.500000
212.125000
-179.250000
588.500000
1713.000000
-1544.000000
871.500000
-1065.000000
-997.500000
101.375000
84.875000
1079.000000
-278.000000
-45.062500
-1655.000000
1482.000000
471.250000
-291.750000
-17.421875
-649.000000
-656.500000
347.750000
581.500000
539.500000
3604.000000
-1749.000000
-553.500000
-963.500000
-1233.000000
-1761.000000
195.875000
1040.000000
-1475.000000
135.000000
-279.250000
-1530.000000
3540.000000
318.500000
-951.000000
-581.000000
90.375000
681.000000
-329.250000
-782.000000
-735.000000
-493.000000
3146.000000
-552.500000
-1733.000000
-935.500000
76.687500
4736.000000
-1680.000000
639.000000
-2532.000000
-1477.000000
1260.000000
773.500000
-1207.000000
-1237.000000
-118.187500
816.000000
-1188.000000
126.187500
-787.500000
-660.000000
3368.000000
858.500000
-1107.000000
281.250000
4644.000000
360.250000
172.750000
-590.000000
-60.968750
-823.000000
-16.812500
-3162.000000
-611.500000
1516.000000
257.750000
-409.750000
384.000000
-962.000000
-562.000000
182.750000
612.500000
-588.000000
26.375000
-541.500000
2672.000000
704.000000
-878.000000
-1326.000000
-1175.000000
-93.812500
1373.000000
-524.500000
-962.500000
-319.250000
1716.000000
580.500000
-133.125000
103.500000
-749.000000
281.000000
290.750000
-1146.000000
1196.000000
-1248.000000
-84.937500
358.750000
-766.500000
703.500000
-358.500000
-1221.000000
322.000000
531.500000
-1251.000000
-660.000000
-343.500000
276.500000
1784.000000
-634.000000
-888.500000
205.875000
586.000000
908.000000
-701.500000
1797.000000
519.500000
-131.625000
567.000000
-1682.000000
-1152.000000
362.500000
553.000000
-324.000000
-869.000000
24.937500
5.351562
987.500000
-271.750000
-583.000000
-1985.000000
1913.000000
49.125000
549.000000
2894.000000
-1659.000000
227.750000
-664.500000
-1195.000000
408.750000
567.000000
-236.000000
116.750000
283.500000
2404.000000
-760.000000
772.000000
-804.000000
227.875000
-1249.000000
-161.875000
-1190.000000
703.000000
483.500000
3136.000000
-590.500000
994.000000
-1023.500000
-771.000000
-457.250000
715.500000
-889.500000
196.375000
-368.000000
-338.250000
1350.000000
214.625000
228.625000
-252.500000
-614.000000
-1209.000000
618.000000
498.750000
-383.750000
-1084.000000
-1480.000000
-200.625000
389.750000
879.000000
-710.500000
-1216.000000
-70.875000
1291.000000
2062.000000
3018.000000
-1051.000000
354.000000
-789.500000
-736.000000
48.343750
631.000000
-721.000000
-173.500000
314.750000
-559.500000
1494.000000
-272.250000
16.000000
121.187500
-479.750000
-381.500000
-78.250000
632.000000
-801.000000
-417.500000
-1390.000000
-704.500000
-86.937500
-920.500000
1603.000000
3154.000000
-1571.000000
1355.000000
-633.000000
-1192.000000
-727.000000
-684.000000
676.500000
-1653.000000
3210.000000
-349.500000
-998.000000
1089.000000
507.250000
-1602.000000
-1105.000000
455.750000
1538.000000
-1129.000000
-72.562500
-1316.000000
-1433.000000
3504.000000
459.500000
-882.500000
-1416.000000
795.500000
1036.000000
-1572.000000
-434.000000
-548.500000
-1140.000000
3632.000000
45.687500
-758.500000
581.000000
3414.000000
758.500000
-1304.000000
-1351.000000
-1352.000000
750.000000
1216.000000
-1103.000000
-190.250000
-1297.000000
96.875000
827.000000
-1026.000000
-493.750000
-633.000000
-2118.000000
2988.000000
887.500000
-1119.000000
-1595.000000
8.734375
1169.000000
-406.500000
695.500000
-2422.000000
-885.000000
2126.000000
2700.000000
-1445.000000
-1302.000000
-520.500000
463.500000
683.000000
-15.101562
-2542.000000
140.250000
901.500000
3298.000000
-1435.000000
821.500000
4208.000000
932.500000
-741.500000
-417.000000
-896.500000
307.500000
-294.250000
-2856.000000
-1658.000000
-497.750000
1534.000000
3702.000000
-1953.000000
-384.250000
-917.500000
-816.000000
2196.000000
-1415.000000
-1506.000000
-966.500000
-1072.000000
1255.000000
-1454.000000
3748.000000
-517.500000
-1224.000000
711.000000
800.500000
-584.000000
104.250000
373.250000
149.750000
1372.000000
-589.000000
-1421.000000
212.250000
-87.750000
375.500000
-663.000000
1537.000000
-363.750000
-54.031250
55.812500
-496.250000
-588.500000
368.000000
295.750000
-314.000000
1989.000000
-1467.000000
604.000000
-196.250000
-1184.000000
-267.250000
-790.000000
-958.000000
1314.000000
396.000000
-1148.000000
-838.000000
647.000000
683.000000
489.000000
-95.250000
-2122.000000
-429.500000
631.500000
1977.000000
76.500000
315.500000
3948.000000
761.500000
-1828.000000
-1650.000000
-786.500000
-149.250000
1286.000000
-1688.000000
-956.500000
-1173.000000
-78.312500
-254.125000
2334.000000
-574.000000
-885.500000
-622.500000
446.500000
1408.000000
-1681.000000
-397.250000
235.875000
4624.000000
-2234.000000
362.250000
-2466.000000
506.750000
1324.000000
-101.250000
-6.542969
-799.000000
158.750000
-753.000000
539.500000
849.000000
3068.000000
-969.000000
-133.250000
-1138.000000
-270.250000
-1042.000000
-211.000000
212.500000
-227.500000
54.843750
-1421.000000
1739.000000
-160.750000
877.500000
-689.500000
91.312500
3212.000000
1869.000000
-1985.000000
-1633.000000
-1379.000000
-558.000000
1508.000000
-820.500000
2778.000000
-696.500000
548.000000
-1102.000000
-1315.000000
132.375000
766.000000
-731.500000
-256.000000
841.500000
-1250.000000
-974.500000
141.875000
709.000000
-433.750000
1244.000000
2996.000000
-2156.000000
1086.000000
-1630.000000
-530.000000
-1201.000000
58.406250
34.500000
-1045.000000
1279.000000
3478.000000
-2320.000000
1339.000000
-1126.000000
-348.500000
893.000000
-672.000000
-958.500000
-196.000000
-511.000000
-48.375000
188.500000
1146.000000
-716.000000
-666.500000
-340.750000
-414.750000
-457.500000
2486.000000
53.812500
-761.000000
-597.500000
81.812500
655.000000
-2414.000000
-827.500000
57.781250
4796.000000
-1665.000000
1065.000000
-2930.000000
-515.500000
1401.000000
653.000000
-1116.000000
-1254.000000
-647.500000
711.000000
425.000000
-72.187500
-2086.000000
-314.000000
1210.000000
2804.000000
-245.375000
-837.000000
292.500000
183.250000
-569.000000
-115.000000
-1703.000000
2266.000000
-137.625000
478.750000
-1327.000000
-764.000000
-406.750000
-136.000000
1983.000000
-251.250000
-740.500000
674.000000
714.500000
545.500000
