44308392
-1069815232
119244616
-293904688
15103048
-262876688
666106632
-24512528
-635871192
760421304
-442877280
890413264
-696361872
188452376
-664989504
502166640
-23734720
882622304
-849726480
-17020448
571718944
58603568
-564040936
-299184824
751818048
-145895432
30772472
337521304
-1062154080
3233216993
-3973541201
-1875371339
1080152416
-713954468
-99875126
3330079781
217672577
4077309547
1827674369
-912607934
1144288954
-1649960424
-3176792942
-153169277
1458069814
3101424468
-2817879564
-2368657722
359347839
-2792265328
2596493933
-2343932961
1103396184
-918301531
-468899782
-1865055417
-4358966650
-1615603286
-81374699
-2653738118
2973092898
782049811
-2463346241
-1907848612
