-647.000000 0.000000
-471.000000 0.000000
3530.000000 1.000000
959.000000 0.000000
-1080.000000 0.000000
-846.000000 0.000000
-1040.000000 0.000000
-28.687500 0.000000
455.000000 0.000000
-926.500000 0.000000

2178.000000 1.000000
-130.750000 0.000000
455.250000 0.000000
-616.000000 0.000000
-236.000000 0.000000
454.250000 0.000000
79.125000 0.000000
-164.000000 0.000000
-557.500000 0.000000
-515.500000 0.000000

-1095.000000 0.000000
-889.000000 0.000000
6.648438 0.000000
391.250000 0.000000
325.750000 0.000000
-354.000000 0.000000
-1162.000000 0.000000
-291.750000 0.000000
1197.000000 0.000000
1918.000000 1.000000

782.000000 1.000000
-1300.000000 0.000000
353.500000 0.000000
222.125000 0.000000
-60.406250 0.000000
-470.750000 0.000000
-589.500000 0.000000
-516.500000 0.000000
713.500000 0.000000
682.500000 0.000000

-1315.000000 0.000000
-392.750000 0.000000
590.500000 0.000000
3564.000000 1.000000
-1826.000000 0.000000
292.500000 0.000000
-1132.000000 0.000000
-821.000000 0.000000
1347.000000 0.000000
-224.500000 0.000000

-794.000000 0.000000
-1357.000000 0.000000
-112.812500 0.000000
257.000000 0.000000
277.500000 0.000000
36.437500 0.000000
-1152.000000 0.000000
1063.000000 0.000000
266.750000 0.000000
1588.000000 1.000000

3628.000000 1.000000
-481.750000 0.000000
1296.000000 0.000000
-1058.000000 0.000000
-534.500000 0.000000
-1035.000000 0.000000
430.000000 0.000000
-606.000000 0.000000
-413.500000 0.000000
-373.000000 0.000000

-1701.000000 0.000000
-807.500000 0.000000
787.500000 0.000000
3722.000000 1.000000
-1335.000000 0.000000
597.500000 0.000000
-2574.000000 0.000000
-562.000000 0.000000
719.500000 0.000000
980.000000 0.000000

2946.000000 1.000000
-1.879883 0.000000
577.000000 0.000000
-385.250000 0.000000
-1120.000000 0.000000
322.000000 0.000000
-301.750000 0.000000
-392.000000 0.000000
-1043.000000 0.000000
-3.511719 0.000000

-2340.000000 0.000000
-918.500000 0.000000
-4.296875 0.000000
3998.000000 1.000000
-1287.000000 0.000000
1319.000000 0.000000
-1785.000000 0.000000
-607.500000 0.000000
764.500000 0.000000
405.000000 0.000000

-1923.000000 0.000000
-1670.000000 0.000000
-1426.000000 0.000000
1121.000000 0.000000
-1665.000000 0.000000
4116.000000 1.000000
-308.250000 0.000000
-1462.000000 0.000000
819.000000 0.000000
1426.000000 0.000000

-196.250000 0.000000
-141.875000 0.000000
1381.000000 0.000000
1038.000000 0.000000
-1162.000000 0.000000
-1303.000000 0.000000
-1884.000000 0.000000
1508.000000 1.000000
613.500000 0.000000
519.000000 0.000000

-1852.000000 0.000000
-1011.000000 0.000000
-1023.500000 0.000000
374.250000 0.000000
1868.000000 1.000000
289.000000 0.000000
-1572.000000 0.000000
243.750000 0.000000
812.500000 0.000000
1223.000000 0.000000

3932.000000 1.000000
-852.000000 0.000000
370.500000 0.000000
-980.000000 0.000000
-1170.000000 0.000000
-74.000000 0.000000
648.000000 0.000000
-312.250000 0.000000
-626.000000 0.000000
344.250000 0.000000

-911.000000 0.000000
-887.000000 0.000000
-581.000000 0.000000
-367.500000 0.000000
2204.000000 1.000000
-781.000000 0.000000
-248.500000 0.000000
-95.562500 0.000000
788.500000 0.000000
758.000000 0.000000

-1079.000000 0.000000
-369.250000 0.000000
276.750000 0.000000
2462.000000 1.000000
61.562500 0.000000
1158.000000 0.000000
-2001.000000 0.000000
-1092.000000 0.000000
716.000000 0.000000
77.750000 0.000000

-599.000000 0.000000
-250.250000 0.000000
202.000000 0.000000
2888.000000 1.000000
-1314.000000 0.000000
1078.000000 0.000000
-895.500000 0.000000
-714.000000 0.000000
115.312500 0.000000
161.750000 0.000000

-376.750000 0.000000
935.000000 1.000000
-343.500000 0.000000
50.937500 0.000000
-87.625000 0.000000
-194.500000 0.000000
-349.750000 0.000000
21.578125 0.000000
504.000000 0.000000
-289.500000 0.000000

-1602.000000 0.000000
-556.000000 0.000000
-890.500000 0.000000
344.500000 0.000000
1094.000000 0.000000
-50.468750 0.000000
-2320.000000 0.000000
-231.500000 0.000000
1255.000000 0.000000
2792.000000 1.000000

3490.000000 1.000000
-1612.000000 0.000000
557.500000 0.000000
-1389.000000 0.000000
-1082.000000 0.000000
-368.500000 0.000000
677.500000 0.000000
58.781250 0.000000
134.625000 0.000000
326.000000 0.000000

-1265.000000 0.000000
-635.000000 0.000000
-161.750000 0.000000
628.500000 0.000000
336.000000 0.000000
-328.500000 0.000000
-2031.000000 0.000000
133.625000 0.000000
994.000000 0.000000
2204.000000 1.000000

-379.000000 0.000000
1521.000000 1.000000
-74.250000 0.000000
-131.500000 0.000000
-79.375000 0.000000
-569.000000 0.000000
-566.500000 0.000000
299.500000 0.000000
513.500000 0.000000
-516.000000 0.000000

-802.000000 0.000000
1185.000000 1.000000
231.625000 0.000000
-128.750000 0.000000
61.437500 0.000000
-1709.000000 0.000000
-769.500000 0.000000
787.500000 0.000000
971.500000 0.000000
-413.500000 0.000000

-96.437500 0.000000
-1038.000000 0.000000
-1116.000000 0.000000
-174.500000 0.000000
-1398.000000 0.000000
3050.000000 1.000000
-194.125000 0.000000
-431.750000 0.000000
651.500000 0.000000
460.000000 0.000000

-440.000000 0.000000
-283.000000 0.000000
169.750000 0.000000
689.500000 0.000000
-327.250000 0.000000
-279.250000 0.000000
-2040.000000 0.000000
1983.000000 1.000000
91.000000 0.000000
597.500000 0.000000

