3.640625 0.000000
-393.500000 0.000000
1224.000000 1.000000
239.750000 0.000000
-573.500000 0.000000
-27.234375 0.000000
-208.125000 0.000000
-149.125000 0.000000
89.375000 0.000000
-324.500000 0.000000

587.000000 1.000000
-154.125000 0.000000
340.750000 0.000000
-216.750000 0.000000
91.062500 0.000000
139.000000 0.000000
-56.375000 0.000000
126.062500 0.000000
-250.250000 0.000000
-307.250000 0.000000

-411.250000 0.000000
-219.750000 0.000000
90.187500 0.000000
300.000000 0.000000
-258.500000 0.000000
139.250000 0.000000
-97.812500 0.000000
-295.250000 0.000000
518.500000 1.000000
131.125000 0.000000

96.437500 0.000000
-440.000000 0.000000
201.750000 0.000000
124.437500 0.000000
-120.750000 0.000000
156.875000 0.000000
-126.875000 0.000000
-264.250000 0.000000
304.500000 1.000000
159.500000 0.000000

-283.000000 0.000000
-201.250000 0.000000
50.156250 0.000000
859.500000 1.000000
-537.000000 0.000000
323.250000 0.000000
-159.875000 0.000000
-383.250000 0.000000
466.000000 0.000000
-90.875000 0.000000

-166.375000 0.000000
-325.000000 0.000000
98.437500 0.000000
71.375000 0.000000
124.437500 0.000000
-175.875000 0.000000
-150.750000 0.000000
162.250000 0.000000
204.750000 1.000000
64.062500 0.000000

1087.000000 1.000000
-316.000000 0.000000
110.750000 0.000000
-144.250000 0.000000
-357.250000 0.000000
-69.375000 0.000000
160.125000 0.000000
-397.750000 0.000000
113.562500 0.000000
-306.750000 0.000000

-316.250000 0.000000
-176.625000 0.000000
202.375000 0.000000
739.500000 1.000000
-206.625000 0.000000
370.500000 0.000000
-751.500000 0.000000
-336.000000 0.000000
40.062500 0.000000
120.125000 0.000000

722.500000 1.000000
-179.750000 0.000000
311.250000 0.000000
-179.625000 0.000000
-122.937500 0.000000
-34.562500 0.000000
-195.125000 0.000000
-109.125000 0.000000
-252.000000 0.000000
-62.593750 0.000000

-560.000000 0.000000
-379.500000 0.000000
202.250000 0.000000
672.500000 1.000000
-277.500000 0.000000
357.500000 0.000000
-407.500000 0.000000
-92.187500 0.000000
25.109375 0.000000
-112.687500 0.000000

-531.500000 0.000000
-680.000000 0.000000
-248.125000 0.000000
76.375000 0.000000
-454.000000 0.000000
896.500000 1.000000
-109.625000 0.000000
-465.000000 0.000000
404.500000 0.000000
425.250000 0.000000

-247.500000 0.000000
-121.125000 0.000000
463.750000 0.000000
522.500000 1.000000
-463.000000 0.000000
-131.875000 0.000000
-499.250000 0.000000
206.500000 0.000000
174.750000 0.000000
74.625000 0.000000

-598.500000 0.000000
-518.500000 0.000000
-274.750000 0.000000
257.750000 0.000000
530.000000 1.000000
218.500000 0.000000
-463.000000 0.000000
120.812500 0.000000
363.250000 0.000000
342.750000 0.000000

1044.000000 1.000000
-307.250000 0.000000
236.750000 0.000000
-113.250000 0.000000
-303.750000 0.000000
-140.500000 0.000000
-139.625000 0.000000
-285.000000 0.000000
-109.062500 0.000000
79.312500 0.000000

-371.750000 0.000000
-271.750000 0.000000
103.937500 0.000000
217.125000 0.000000
279.750000 0.095337
11.195312 0.000000
-155.875000 0.000000
-179.125000 0.000000
282.000000 0.904785
51.718750 0.000000

-371.250000 0.000000
-385.000000 0.000000
-149.625000 0.000000
478.250000 1.000000
12.507812 0.000000
387.500000 0.000000
-740.000000 0.000000
-598.500000 0.000000
401.750000 0.000000
5.753906 0.000000

-172.375000 0.000000
-197.000000 0.000000
135.875000 0.000000
806.000000 1.000000
-429.250000 0.000000
267.500000 0.000000
-189.500000 0.000000
-188.750000 0.000000
81.375000 0.000000
-3.224609 0.000000

-82.187500 0.000000
17.171875 0.000000
-9.132812 0.000000
90.000000 0.000001
-27.031250 0.000000
32.468750 0.000000
-99.750000 0.000000
-56.218750 0.000000
103.812500 1.000000
8.164062 0.000000

-335.000000 0.000000
-406.750000 0.000000
-371.750000 0.000000
103.187500 0.000000
359.500000 0.000000
262.500000 0.000000
-779.500000 0.000000
-168.625000 0.000000
312.000000 0.000000
541.000000 1.000000

803.000000 1.000000
-617.000000 0.000000
218.125000 0.000000
-310.000000 0.000000
-356.250000 0.000000
133.875000 0.000000
157.125000 0.000000
-91.250000 0.000000
-10.679688 0.000000
70.875000 0.000000

-318.500000 0.000000
-390.000000 0.000000
52.343750 0.000000
187.250000 0.000000
63.656250 0.000000
258.250000 0.000000
-586.000000 0.000000
-408.500000 0.000000
402.250000 1.000000
231.375000 0.000000

-93.562500 0.000000
-16.515625 0.000000
-54.156250 0.000000
112.000000 0.000000
-95.687500 0.000000
38.625000 0.000000
-72.812500 0.000000
45.406250 0.000000
251.750000 1.000000
-68.125000 0.000000

-89.312500 0.000000
73.437500 0.000000
256.000000 0.000000
176.125000 0.000000
-134.625000 0.000000
-490.500000 0.000000
-231.375000 0.000000
-2.789062 0.000000
460.000000 1.000000
-234.375000 0.000000

-72.312500 0.000000
-92.375000 0.000000
-188.125000 0.000000
4.859375 0.000000
-428.500000 0.000000
764.000000 1.000000
-49.468750 0.000000
-266.750000 0.000000
105.000000 0.000000
-46.093750 0.000000

-138.250000 0.000000
-226.625000 0.000000
8.289062 0.000000
84.625000 0.000000
179.625000 0.000010
122.750000 0.000000
-516.500000 0.000000
191.125000 1.000000
170.750000 0.000000
114.375000 0.000000
