-712.000000 0.000000
-534.000000 0.000000
3754.000000 1.000000
1022.500000 0.000000
-1182.000000 0.000000
-821.000000 0.000000
-1054.000000 0.000000
-71.000000 0.000000
544.500000 0.000000
-1094.000000 0.000000

2310.000000 1.000000
-88.875000 0.000000
436.750000 0.000000
-720.500000 0.000000
-323.250000 0.000000
500.250000 0.000000
92.500000 0.000000
-232.125000 0.000000
-560.000000 0.000000
-521.000000 0.000000

-1196.000000 0.000000
-960.500000 0.000000
46.593750 0.000000
491.750000 0.000000
347.250000 0.000000
-384.750000 0.000000
-1263.000000 0.000000
-326.500000 0.000000
1259.000000 0.000000
2056.000000 1.000000

874.500000 1.000000
-1448.000000 0.000000
381.750000 0.000000
233.500000 0.000000
-132.375000 0.000000
-479.000000 0.000000
-641.000000 0.000000
-544.500000 0.000000
761.500000 0.000000
711.000000 0.000000

-1380.000000 0.000000
-471.250000 0.000000
658.500000 0.000000
3902.000000 1.000000
-1983.000000 0.000000
293.000000 0.000000
-1231.000000 0.000000
-912.000000 0.000000
1481.000000 0.000000
-249.500000 0.000000

-873.000000 0.000000
-1462.000000 0.000000
-141.500000 0.000000
338.750000 0.000000
200.625000 0.000000
93.125000 0.000000
-1359.000000 0.000000
1179.000000 0.000000
244.000000 0.000000
1693.000000 1.000000

3786.000000 1.000000
-488.500000 0.000000
1276.000000 0.000000
-1133.000000 0.000000
-608.000000 0.000000
-1017.000000 0.000000
513.000000 0.000000
-656.500000 0.000000
-547.500000 0.000000
-343.250000 0.000000

-1883.000000 0.000000
-1029.000000 0.000000
856.500000 0.000000
4058.000000 1.000000
-1460.000000 0.000000
768.500000 0.000000
-2848.000000 0.000000
-628.500000 0.000000
717.500000 0.000000
1127.000000 0.000000

3224.000000 1.000000
0.689453 0.000000
743.500000 0.000000
-492.250000 0.000000
-1215.000000 0.000000
248.000000 0.000000
-343.750000 0.000000
-406.000000 0.000000
-1159.000000 0.000000
50.562500 0.000000

-2462.000000 0.000000
-850.000000 0.000000
51.718750 0.000000
4296.000000 1.000000
-1386.000000 0.000000
1428.000000 0.000000
-1946.000000 0.000000
-795.000000 0.000000
854.500000 0.000000
296.250000 0.000000

-2108.000000 0.000000
-1810.000000 0.000000
-1588.000000 0.000000
1162.000000 0.000000
-1792.000000 0.000000
4496.000000 1.000000
-263.750000 0.000000
-1621.000000 0.000000
891.500000 0.000000
1545.000000 0.000000

-174.125000 0.000000
-152.125000 0.000000
1459.000000 0.000000
1109.000000 0.000000
-1235.000000 0.000000
-1402.000000 0.000000
-2082.000000 0.000000
1661.000000 1.000000
602.500000 0.000000
511.750000 0.000000

-1958.000000 0.000000
-1127.000000 0.000000
-979.500000 0.000000
393.500000 0.000000
1931.000000 1.000000
334.250000 0.000000
-1660.000000 0.000000
201.000000 0.000000
941.500000 0.000000
1260.000000 0.000000

4196.000000 1.000000
-867.500000 0.000000
462.750000 0.000000
-1039.000000 0.000000
-1269.000000 0.000000
-63.843750 0.000000
661.000000 0.000000
-365.000000 0.000000
-802.000000 0.000000
365.500000 0.000000

-1002.500000 0.000000
-972.000000 0.000000
-664.000000 0.000000
-360.250000 0.000000
2382.000000 1.000000
-810.000000 0.000000
-278.500000 0.000000
-157.000000 0.000000
921.000000 0.000000
883.000000 0.000000

-1212.000000 0.000000
-375.000000 0.000000
266.000000 0.000000
2680.000000 1.000000
105.125000 0.000000
1375.000000 0.000000
-2170.000000 0.000000
-1131.000000 0.000000
740.500000 0.000000
34.906250 0.000000

-599.500000 0.000000
-272.250000 0.000000
258.750000 0.000000
3086.000000 1.000000
-1534.000000 0.000000
1222.000000 0.000000
-900.000000 0.000000
-813.500000 0.000000
106.687500 0.000000
47.687500 0.000000

-410.500000 0.000000
1077.000000 1.000000
-364.750000 0.000000
58.656250 0.000000
-58.437500 0.000000
-220.500000 0.000000
-394.250000 0.000000
19.265625 0.000000
468.250000 0.000000
-337.500000 0.000000

-1759.000000 0.000000
-630.000000 0.000000
-958.500000 0.000000
374.000000 0.000000
1164.000000 0.000000
44.968750 0.000000
-2494.000000 0.000000
-277.750000 0.000000
1371.000000 0.000000
3052.000000 1.000000

3760.000000 1.000000
-1757.000000 0.000000
593.500000 0.000000
-1527.000000 0.000000
-1232.000000 0.000000
-421.750000 0.000000
789.000000 0.000000
75.062500 0.000000
112.625000 0.000000
393.000000 0.000000

-1342.000000 0.000000
-662.000000 0.000000
-117.687500 0.000000
752.000000 0.000000
355.500000 0.000000
-384.000000 0.000000
-2200.000000 0.000000
160.750000 0.000000
1019.000000 0.000000
2308.000000 1.000000

-385.250000 0.000000
1688.000000 1.000000
-107.312500 0.000000
-197.250000 0.000000
-111.625000 0.000000
-636.500000 0.000000
-637.500000 0.000000
373.250000 0.000000
529.000000 0.000000
-546.500000 0.000000

-914.000000 0.000000
1305.000000 1.000000
227.375000 0.000000
-164.000000 0.000000
28.890625 0.000000
-1772.000000 0.000000
-728.500000 0.000000
826.500000 0.000000
1055.000000 0.000000
-573.000000 0.000000

-103.062500 0.000000
-1123.000000 0.000000
-1165.000000 0.000000
-235.250000 0.000000
-1545.000000 0.000000
3320.000000 1.000000
-299.000000 0.000000
-412.250000 0.000000
735.500000 0.000000
521.000000 0.000000

-494.000000 0.000000
-305.750000 0.000000
208.750000 0.000000
814.000000 0.000000
-357.000000 0.000000
-251.875000 0.000000
-2166.000000 0.000000
2078.000000 1.000000
103.562500 0.000000
613.000000 0.000000

