-18051072,0.000000
-12034048,0.000000
-3480576,0.000000
-2320384,0.000000
-19529728,0.000000
-4882432,0.000000
-13426688,0.000000
-4927488,0.000000
-3284992,0.000000
-9265152,0.000000
-2316288,0.000000
-6369792,0.000000
25387008,0.000000
33849344,0.000000
-9498624,0.000000
-12664832,0.000000
-16551936,0.000000
8026112,1.606829
11653120,0.000000
8681472,0.000000
11575296,0.000000
1446912,0.000000
8331264,0.000000
11108352,0.000000
1388544,0.000000
11108352,0.000000
-11239424,0.000000
-11239424,0.000000
-5398528,0.000000
-5398528,0.000000
6463488,0.000000
6463488,0.000000
5594624,0.000000
6393856,0.000000
9550848,0.341917
10952704,0.000000
26012672,0.000000
-24002560,0.000000
-25116672,0.000000
-25591808,0.000000
-49184768,0.000000
127533056,0.000000
-10250240,0.000000
-7884800,0.000000
-1675520,0.000000
-3794560,0.000000
-17195008,0.756501
-29507584,1.745772
-19636224,0.000000
-13066752,0.000000
-95436800,8.195429
-146112512,18.912529
-117817344,0.000000
-78400512,0.000000
-15654912,0.000000
-12042240,0.000000
-2558976,0.000000
-5795328,0.000000
-13396992,0.000000
-8226816,0.000000
-6328320,0.000000
-1344768,0.000000
-3045504,0.000000
-7040256,0.000000
-2531328,0.000000
-80781312,9.407441
-121016320,0.000000
19054592,0.000000
-84926464,3.139307
-118992896,0.000000
-11837440,0.276052
-16109568,0.000000
-87490560,0.000000
-65617920,0.000000
3278848,0.000000
4918272,0.000000
1960960,0.000000
15687680,0.000000
2941440,0.000000
3608576,0.000000
5412864,0.000000
10401792,17.642290
32653312,0.000000
6122496,0.000000
-13750272,0.000000
-36667392,0.000000
-21343232,0.000000
-23589888,0.000000
-22452224,0.000000
-24815616,0.000000
63766528,0.000000
15941632,0.000000
-17160192,0.000000
-13074432,0.000000
58705920,0.000000
44728320,0.000000
-9425920,0.000000
-12108800,0.000000
-3302400,0.000000
-79839232,0.000000
-21774336,0.000000
8802816,0.000000
2400768,0.000000
12001792,0.017061
-2485248,0.000000
-12426240,0.000000
27037056,0.000000
5228160,0.000000
-7792128,0.000000
-2801664,0.000000
-3919872,0.000000
-31526400,0.000000
12940224,0.434327
7605248,0.000000
10864640,0.000000
2172928,0.000000
3259392,0.000000
-9431040,0.000000
-12574720,0.000000
-1571840,0.000000
-12574720,0.000000
-2357760,0.000000
-73859072,0.000000
-9232384,0.000000
-73859072,0.000000
-13848576,0.000000
-8683520,0.000000
-1085440,0.000000
-8683520,0.000000
-1628160,0.000000
-15425536,0.000000
-1928192,0.000000
-15425536,0.000000
-2892288,0.000000
-4395008,0.000000
-4395008,0.000000
-8790016,0.000000
-2197504,0.000000
48332800,0.000000
114790400,0.000000
126873600,0.000000
-43089920,0.000000
-102338560,0.000000
-113111040,0.000000
23707648,0.000000
56305664,0.000000
62232576,0.000000
-36667392,0.000000
-73334784,0.000000
-18333696,0.000000
-17973248,0.000000
-11233280,0.000000
-18907136,0.000000
-12998656,0.000000
-3545088,0.000000
63766528,0.000000
39854080,0.000000
-13074432,0.000000
-8171520,0.000000
44728320,0.000000
27955200,0.000000
-12253696,0.000000
-9425920,0.000000
-2003008,0.000000
-4536224,0.000000
-10486336,0.000000
-3770368,0.000000
-11008000,0.000000
-2339200,0.000000
-5297600,0.000000
-12246400,0.000000
-4403200,0.000000
-72581120,0.000000
-15423488,0.000000
-34929664,0.000000
-80746496,0.000000
-29032448,0.000000
20798464,0.039372
13604352,0.000000
9052896,0.000000
1750560,0.000000
-21538816,0.000000
-14083072,0.000000
-9371456,0.000000
-1812160,0.000000
22403840,0.011425
37292800,0.137104
36257408,0.112843
37591552,0.136016
6721920,0.000000
11950080,0.000000
-6566400,0.000000
-10944000,0.000000
-10637568,0.000000
-11031552,0.000000
-1969920,0.000000
-3502080,0.000000
-9152384,0.378962
-14615680,4.547544
-14326208,3.742835
-14738176,4.511453
-2756160,0.000000
-4899840,0.000000
-53384704,0.000000
-52754176,0.000000
-52964352,0.000000
-53594880,0.000000
-20176896,0.000000
-30265344,0.000000
12789408,0.418588
12840576,0.416927
12991392,0.432623
4869120,0.875547
7368192,0.000000
8691712,0.000000
8691712,0.000000
-6287360,0.000000
-6287360,0.000000
-36929536,0.000000
-36929536,0.000000
-3799040,0.000000
-4341760,0.000000
-10311680,0.000000
-7712768,0.000000
-7712768,0.000000
-8790016,0.000000
96665600,0.000000
-86179840,0.000000
47415296,0.000000
-73334784,0.000000
-50417664,0.000000
-16849920,0.000000
-29206528,0.000000
-19096576,0.000000
-15362048,0.000000
-11816960,0.000000
-2511104,0.000000
-5686912,0.000000
51810304,0.000000
39854080,0.000000
8468992,0.000000
19179776,0.000000
44337664,0.000000
-12216320,0.334169
-21082112,0.771159
-13891584,0.000000
-9244032,0.000000
-1787520,0.000000
41932800,0.000000
72683520,0.000000
47523840,0.000000
31624320,0.000000
6115200,0.000000
-8801984,0.393989
-14031680,4.727865
-13758560,3.891247
-10320000,0.000000
-17200000,0.000000
-16718400,0.000000
-17337600,0.000000
-103524352,10.152681
-102720512,9.784789
-103174144,9.745960
-103977984,10.112866
12701376,0.021159
12551456,0.020392
12601472,0.020311
12751392,0.021076
-7766400,0.000000
-12944000,0.000000
-12581568,0.000000
-13047552,0.000000
-2329920,0.000000
16689152,0.244828
30622080,0.000000
35507968,0.122414
38037120,0.141136
-4902912,0.000000
-8974080,0.000000
-10418688,0.000000
-11162880,0.000000
-10987776,0.000000
-4409856,0.000000
-14887104,4.681296
-14326208,3.742835
-14825856,4.699726
-14493184,4.584218
-15132672,0.000000
-53594880,0.000000
-51072768,0.000000
-53384704,0.000000
-52123648,0.000000
5687808,0.750469
10489440,0.000000
12132288,0.375235
12991392,0.432623
12789408,0.418588
10284768,0.000000
20642816,0.000000
22815744,0.000000
-14932480,0.000000
-16504320,0.000000
-73859072,0.000000
-18464768,0.000000
-11397120,0.000000
-8683520,0.000000
-20246016,0.000000
-15425536,0.000000
-5493760,0.000000
66457600,0.000000
18124800,0.000000
-59248640,0.000000
-16158720,0.000000
32598016,0.000000
8890368,0.000000
44443648,0.018429
-13750272,0.000000
-68587520,0.238308
-12707648,0.000000
-2457280,0.000000
-13146368,0.000000
-4726784,0.000000
15941632,0.000000
-7658240,0.033417
44378880,0.000000
-14291424,4.866920
-5098496,9.849720
-8483328,0.000000
-3096000,0.000000
-5504000,0.000000
-7705600,0.000000
-34635776,20.466516
-65323008,0.000000
-32661504,0.000000
4001280,0.000000
5599744,0.036560
10253280,0.000000
-7455744,0.000000
-3727872,0.000000
-13202880,0.000000
36994048,0.138209
29573888,0.008656
45410304,0.000000
-8798976,0.000000
-2495232,0.000000
-12310848,0.000000
-3351872,3.989074
-13212800,1.043015
-11980032,0.000000
-45818368,0.000000
2905824,0.368651
11143872,0.096391
12288480,0.348766
17383424,0.000000
10864640,0.000000
-12574720,0.000000
-8645120,0.000000
-2357760,0.000000
-73859072,0.000000
-46161920,0.000000
-8683520,0.000000
-5427200,0.000000
-15425536,0.000000
-9640960,0.000000
-7141888,0.000000
-5493760,0.000000
-1167424,0.000000
-2643872,0.000000
-6111808,0.000000
-2197504,0.000000
60416000,0.000000
12838400,0.000000
29075200,0.000000
67212800,0.000000
24166400,0.000000
-53862400,0.000000
-11445760,0.000000
-25921280,0.000000
-59921920,0.000000
-21544960,0.000000
77017088,0.042528
50378752,0.000000
33524096,0.000000
6482560,0.000000
-118513664,0.549942
-77918208,0.000000
-51849984,0.000000
-10026240,0.000000
-10531200,0.000000
-17552000,0.000000
-17060544,0.000000
-17692416,0.000000
-3159360,0.000000
-5616640,0.000000
-11078400,0.000000
-18464000,0.000000
-17947008,0.000000
-18611712,0.000000
-3323520,0.000000
-5908480,0.000000
37232128,0.350805
59650560,4.209661
58431232,3.464741
60148736,4.176251
11208960,0.000000
19927040,0.000000
-12918528,0.414422
-12767872,0.399405
-12818944,0.397820
-12969600,0.412797
-4861952,0.835422
-7354368,0.000000
43854720,0.000000
44029440,0.000000
44553600,0.000000
16773120,0.000000
25159680,0.000000
-4241664,0.000000
-14291424,4.866920
-13758560,3.891247
-14232512,4.886081
-13913856,4.765993
-11629760,0.298476
-17909248,0.000000
-14104000,0.000000
-16374400,0.000000
-17544000,0.000000
-17268800,0.000000
-13828800,0.000000
-3921600,0.000000
-92994560,0.000000
-98494464,8.771364
-103977984,10.112866
-102720512,9.784789
-91180032,0.000000
-23628800,8.617481
12751392,0.021076
12151840,0.016851
12701376,0.021159
12401408,0.020639
9903040,0.001293
15204864,0.000000
-12581568,0.000000
-13151104,0.000000
-12840448,0.000000
-10251648,0.000000
-15739904,0.000000
38037120,0.141136
38037120,0.141136
37292800,0.137104
37292800,0.137104
38037120,0.141136
33419264,0.122414
28680192,0.000000
-11162880,0.000000
-11162880,0.000000
-10944000,0.000000
-10944000,0.000000
-11162880,0.000000
-9805824,0.000000
-8404992,0.000000
-14203712,3.773896
-14554432,4.565808
-14676928,4.529427
-14887104,4.681296
-14264960,3.758301
-3001152,0.000000
-50652416,0.000000
-52333824,0.000000
-52754176,0.000000
-53594880,0.000000
-50862592,0.000000
-10298624,0.000000
12991392,0.432623
12738240,0.420263
12738240,0.420263
12991392,0.432623
11418624,0.375235
9824256,0.000000
16296960,0.000000
28248064,0.000000
18469888,0.000000
-10216960,0.000000
-7859200,0.000000
-1670080,0.000000
-3782240,0.000000
-60010496,0.000000
-46161920,0.000000
-9809408,0.000000
-22215424,0.000000
-51355136,0.000000
-8140800,0.000000
-14110720,0.000000
-9226240,0.000000
-6139520,0.000000
-1187200,0.000000
-13935104,3.639582
-22961152,8.399035
-16389632,0.000000
-10906336,0.000000
-2108960,0.000000
-5148352,0.039764
-8543040,0.477167
-8310880,0.392730
56508928,0.231412
91778560,2.776949
89659648,2.285555
92533760,2.754910
-85506560,0.000000
-84496640,0.000000
-84833280,0.000000
-85843200,0.000000
47034112,0.022855
46478976,0.022027
46664192,0.021939
47219328,0.022765
-42959360,0.023831
-71411200,0.285970
-69446912,0.235366
-71984128,0.283700
-12890880,0.000000
-7863296,0.000000
-14392640,0.000000
-16709504,0.000000
-17903040,0.000000
-8271872,0.000000
-15140480,0.000000
-17577728,0.000000
-18833280,0.000000
-18537856,0.000000
17934336,0.000000
60764928,4.333475
58431232,3.464741
60515840,4.350535
59152384,4.243610
-3677184,0.000000
-12969600,0.412797
-12369536,0.330043
-12918528,0.414422
-12614656,0.404236
19568640,0.000000
35817600,0.000000
41583360,0.000000
44553600,0.000000
43854720,0.000000
35118720,0.000000
-12703552,1.084373
-13640736,3.923540
-13972768,4.746853
-14090592,4.709029
-17544000,0.000000
-17544000,0.000000
-17200000,0.000000
-17200000,0.000000
-103977984,10.112866
-103977984,10.112866
-102266880,9.823928
-102266880,9.823928
10902976,0.004696
12051808,0.016990
12451424,0.020556
12551456,0.020392
12751392,0.021076
-11287168,0.000000
-12478016,0.000000
-12892224,0.000000
-12995776,0.000000
-13202880,0.000000
-12529792,0.000000
4780032,0.000000
4780032,0.000000
38240256,0.000000
34016768,0.120266
37887744,0.141692
17732224,0.244828
-11206656,0.000000
-2101248,0.000000
-1400832,0.000000
-2845440,0.000000
-11162880,0.000000
-10681344,0.000000
-1488384,0.000000
-15679488,0.000000
-2939904,0.000000
-1959936,0.000000
-3981120,0.000000
-14887104,4.681296
-14387456,3.727495
-2082432,0.000000
-6145408,8.785028
-10088448,0.000000
-6725632,0.000000
-13661440,0.000000
-53594880,0.000000
-51282944,0.000000
-7145984,0.000000
-23119360,0.000000
2456064,0.000000
1637376,0.000000
3325920,0.000000
12991392,0.432623
12441984,0.344478
1739712,0.000000
5582784,0.811871
12991392,0.432623
12086912,0.000000
4345856,0.000000
-1719200,0.000000
-10097920,0.000000
-2170880,0.000000
-9005504,0.363958
-8611712,0.473380
-1545120,0.000000
-2746880,0.000000
93535488,2.858624
34152448,5.785311
54374400,0.000000
-15148800,0.000000
-26931200,0.000000
-37703680,0.000000
17772544,0.046072
26671104,0.000000
13335552,0.000000
-22917120,0.000000
-31920128,0.510660
-58725120,0.000000
-17622208,0.000000
-14111808,0.000000
-4001856,0.000000
-18316288,0.000000
-14623488,0.000000
-22452224,0.000000
49188352,0.265761
75722752,0.000000
-10109696,0.025316
-15525888,0.000000
-12969600,0.412797
53114880,0.000000
44553600,0.000000
-14031680,4.727865
-14291424,4.866920
-12639232,4.221308
-11311104,0.000000
-1885184,0.000000
-1885184,0.000000
-15081472,0.000000
-17544000,0.000000
-15411200,0.000000
-13209600,0.000000
-2201600,0.000000
-2201600,0.000000
-17612800,0.000000
-100866048,8.118948
-22227968,0.000000
-116129792,0.000000
-21774336,0.000000
-14516224,0.000000
-29486080,0.000000
11201536,0.018280
9603072,0.000000
2400768,0.000000
1600512,0.000000
3251040,0.000000
-11597824,0.000000
-9940992,0.000000
-1656832,0.000000
-13254656,0.000000
-11804928,0.000000
6124416,0.000000
37292800,0.137104
36994048,0.138209
47800320,0.000000
38240256,0.000000
-10944000,0.000000
-10856448,0.000000
-14008320,0.000000
-8404992,0.000000
-14887104,4.681296
-6898432,9.168436
-11759616,0.000000
-52123648,0.000000
-67256320,0.000000
-13030912,0.000000
6291072,0.847304
9824256,0.000000
5224608,0.867047
17247616,0.000000
17043904,0.000000
17111808,0.000000
17315520,0.000000
6518784,0.000000
9778176,0.000000
-12248000,1.831286
-12111520,1.764927
-12160640,1.757923
-12297120,1.824104
-4541440,3.691639
-7073280,0.000000
-72550912,0.997701
-71720192,0.961549
-72008704,0.957733
-72839424,0.993789
-27140096,2.011239
-41545728,0.000000
-8480000,0.000000
-8242560,0.000000
-8547840,0.000000
-1526400,0.000000
-2713600,0.000000
-14406080,4.367499
-14115872,3.594649
-14526592,4.332836
-2711520,0.000000
-4820480,0.000000
-3812864,0.852084
-7038880,0.000000
-8137152,0.426042
-8712672,0.491201
-8577376,0.475266
-6901536,0.000000
-1948960,0.418567
27187200,0.000000
93535488,2.858624
89659648,2.285555
93157888,2.869879
91023360,2.799344
74633728,0.175312
114790400,0.000000
-85843200,0.000000
-81803520,0.000000
-85506560,0.000000
-83486720,0.000000
-66654720,0.000000
-102338560,0.000000
44072704,0.019745
47219328,0.022765
46478976,0.022027
37228416,0.000000
10555264,0.019399
-68004352,0.255330
-72833280,0.294380
-71697664,0.284830
-57579264,0.000000
-16287488,0.250851
-15305344,0.000000
-16920128,0.000000
-17481792,0.000000
-17622208,0.000000
-17903040,0.000000
-16990336,0.000000
-3440192,0.000000
-16100608,0.000000
-17799296,0.000000
-18390144,0.000000
-18537856,0.000000
-18833280,0.000000
-17873152,0.000000
-3618944,0.000000
60764928,4.333475
60764928,4.333475
59650560,4.209661
59650560,4.209661
60764928,4.333475
53698560,3.758626
47824896,0.000000
-12969600,0.412797
-12716800,0.401002
-12716800,0.401002
-12969600,0.412797
-11399168,0.358038
-9805824,0.000000
43505280,0.000000
43854720,0.000000
44553600,0.000000
42282240,0.000000
8561280,0.000000
-3829280,0.000000
-14291424,4.866920
-13817472,3.875299
-2003008,0.000000
-5888448,9.133376
-14291424,4.866920
-6608768,9.531986
-4472000,0.000000
-17544000,0.000000
-16787200,0.000000
-2339200,0.000000
-7568000,0.000000
-17544000,0.000000
-8531200,0.000000
-94515200,8.617481
-103524352,10.152681
-44512256,17.542728
-18598912,0.000000
-102266880,9.823928
-101359616,9.903153
-145162240,0.000000
12701376,0.021159
5949728,0.036560
2050656,0.000000
12501440,0.020473
12401408,0.020639
16005120,0.000000
-12633344,0.000000
-1760384,0.000000
-5695360,0.000000
-13202880,0.000000
-6420224,0.000000
28680192,0.000000
15342208,0.282860
17436032,0.234365
29875200,0.000000
38037120,0.141136
28680192,0.000000
-4508928,0.000000
-5121792,0.000000
-8755200,0.000000
-11162880,0.000000
-8404992,0.000000
-5716672,9.382070
-6608960,7.773581
-12249600,0.000000
-14887104,4.681296
-11759616,0.000000
-23749888,0.000000
-7145984,0.000000
-51282944,0.000000
-53594880,0.000000
5738976,0.743828
1739712,0.000000
12441984,0.344478
12991392,0.432623
7605248,0.000000
13920320,0.000000
16161152,0.000000
17315520,0.000000
-5327360,3.164262
-10069600,0.000000
-11505600,1.582131
-12297120,1.824104
-12111520,1.764927
-20772864,0.000000
-72839424,0.993789
-69551360,0.794564
-72550912,0.997701
-70854656,0.973180
-2442240,0.000000
-8649600,0.000000
-8242560,0.000000
-8615680,0.000000
-8412160,0.000000
-6222336,7.799105
-12352480,0.000000
-13781696,3.899552
-14674464,4.495955
-14466336,4.350098
-12111456,0.000000
-7477056,0.109442
-8242208,0.395989
-8508704,0.479083
-8577376,0.475266
93535488,2.858624
93535488,2.858624
91778560,2.776949
91778560,2.776949
-85843200,0.000000
-85843200,0.000000
-84160000,0.000000
-84160000,0.000000
40375040,0.005072
44628864,0.018352
46108544,0.022204
46478976,0.022027
47219328,0.022765
-62408192,0.065589
-68873984,0.237319
-71124736,0.287118
-71697664,0.284830
-72833280,0.294380
-69160448,0.236339
-2246656,0.000000
-2246656,0.000000
-17973248,0.000000
-16007424,0.000000
-17832832,0.000000
-8354752,0.000000
-18907136,0.000000
-3545088,0.000000
-2363392,0.000000
-4800640,0.000000
-18833280,0.000000
-18020864,0.000000
-2511104,0.000000
63766528,0.000000
11956224,0.000000
7970816,0.000000
16190720,0.000000
60764928,4.333475
58680320,3.450541
8468992,0.000000
25171456,8.132299
-2451456,0.000000
-1634304,0.000000
-3319680,0.000000
-12969600,0.412797
-12420608,0.328691
-1736448,0.000000
-5574400,0.774664
8386560,0.000000
5591040,0.000000
11356800,0.000000
44553600,0.000000
42631680,0.000000
5940480,0.000000
19219200,0.000000
44553600,0.000000
-15081472,0.000000
-3478464,4.765993
-6100000,8.367904
-2003008,0.000000
-13209600,0.000000
-7086400,0.000000
-8049600,0.000000
-87097344,0.000000
-37254144,20.267811
-44162048,16.793039
9603072,0.000000
5149472,0.042239
5849824,0.034997
10003200,0.000000
-3210112,0.000000
-5850688,0.000000
-1760384,0.000000
-12633344,0.000000
38240256,0.000000
4780032,0.000000
9560064,0.000000
16689152,0.244828
-11206656,0.000000
-1400832,0.000000
-7704576,0.000000
-4202496,0.000000
-1959936,0.000000
-3919872,0.000000
-6302720,8.120615
-53805056,0.000000
-6725632,0.000000
-36990976,0.000000
-20176896,0.000000
13099008,0.000000
1637376,0.000000
9005568,0.000000
4869120,0.875547
12441984,0.344478
16840192,0.000000
13444992,0.000000
20642816,0.000000
-9873120,0.000000
-2756320,1.554374
-57990912,0.000000
-16305920,0.846838
-62756352,0.221421
-1933440,0.000000
-7394560,0.000000
-3303008,3.831139
-13004224,1.001720
-13995360,3.624480
-8712672,0.491201
-8276544,0.394353
-1682464,0.000000
-8790016,0.000000
-1648128,0.000000
-1098752,0.000000
93535488,2.858624
89282048,2.294999
18502400,0.000000
96665600,0.000000
18124800,0.000000
12083200,0.000000
-85843200,0.000000
-75407360,0.000000
-64634880,0.000000
-10772480,0.000000
-10772480,0.000000
-86179840,0.000000
44814080,0.018277
9075584,0.000000
5926912,0.000000
5926912,0.000000
47415296,0.000000
42221056,0.019399
-14036736,0.000000
-13750272,0.000000
-9166848,0.000000
-18620160,0.000000
-72833280,0.294380
-7722880,0.000000
-17903040,0.000000
-8705792,0.000000
-17973248,0.000000
-8124160,0.000000
-18833280,0.000000
-9158144,0.000000
-18907136,0.000000
59650560,4.209661
59152384,4.243610
79708160,0.000000
-12969600,0.412797
-6281728,0.808473
-9805824,0.000000
43330560,0.000000
55910400,0.000000
10832640,0.000000
-11782400,0.000000
-14291424,4.866920
-11311104,0.000000
-15081472,0.000000
-1885184,0.000000
-16787200,0.000000
-17544000,0.000000
-17612800,0.000000
-2201600,0.000000
-101773312,8.052400
-103977984,10.112866
-116129792,0.000000
12201856,0.016782
12751392,0.021076
12804096,0.000000
1600512,0.000000
-13202880,0.000000
-13254656,0.000000
-1656832,0.000000
14299136,0.285633
36406784,0.112380
38037120,0.141136
38240256,0.000000
7170048,0.000000
9560064,0.000000
-10681344,0.000000
-11162880,0.000000
-11206656,0.000000
-2101248,0.000000
-2801664,0.000000
-14387456,3.727495
-14887104,4.681296
-15679488,0.000000
-2939904,0.000000
-3919872,0.000000
-51282944,0.000000
-53594880,0.000000
-53805056,0.000000
-10088448,0.000000
-13451264,0.000000
12991392,0.432623
3274752,0.000000
2456064,0.000000
3274752,0.000000
14803072,0.000000
16364864,0.000000
16908096,0.000000
17043904,0.000000
17315520,0.000000
16432768,0.000000
3327296,0.000000
-10664640,0.406419
-11663840,1.470529
-12013280,1.779104
-12111520,1.764927
-12297120,1.824104
-11712960,1.464452
-2406880,0.000000
-72839424,0.993789
-72839424,0.993789
-71431680,0.965395
-71431680,0.965395
-72839424,0.993789
-64069632,0.861960
-55394304,0.000000
-8649600,0.000000
-8480000,0.000000
-8480000,0.000000
-8649600,0.000000
-7598080,0.000000
-6512640,0.000000
-14345824,4.385039
-14466336,4.350098
-14674464,4.495955
-14055616,3.609503
-2952544,0.000000
-2231840,0.000000
-8712672,0.491201
-8345216,0.391120
-1167424,0.000000
-3742144,0.921800
-8712672,0.491201
-4216704,0.962030
24544000,0.000000
93535488,2.858624
90037248,2.276188
12838400,0.000000
39307776,5.364561
93535488,2.858624
44200960,5.598688
-76753920,0.000000
-85506560,0.000000
-40060160,0.000000
-13802240,0.000000
-84160000,0.000000
-83486720,0.000000
-107724800,0.000000
47034112,0.022855
22032000,0.039491
7593856,0.000000
46293760,0.022115
45923328,0.022293
59269120,0.000000
-69733376,0.234401
-9739776,0.000000
-31336960,0.552441
-72833280,0.294380
-35316736,0.576552
-13479936,0.000000
-7231424,0.000000
-8214336,0.000000
-14041600,0.000000
-17903040,0.000000
-13479936,0.000000
-7607168,0.000000
-8641152,0.000000
-14771200,0.000000
-18833280,0.000000
-14180352,0.000000
23427840,8.684980
27046144,7.196002
49817600,0.000000
60764928,4.333475
47824896,0.000000
-5730176,0.709739
-1736448,0.000000
-12420608,0.328691
-12969600,0.412797
19743360,0.000000
5940480,0.000000
42631680,0.000000
44553600,0.000000
-1885184,0.000000
-10368512,0.000000
-5098496,9.849720
-13817472,3.875299
-14291424,4.866920
-2201600,0.000000
-12108800,0.000000
-6604800,0.000000
-16787200,0.000000
-17544000,0.000000
-14516224,0.000000
-79839232,0.000000
-34635776,20.466516
-101773312,8.052400
-103977984,10.112866
3201024,0.000000
5599744,0.036560
3751200,0.000000
12751392,0.021076
3201024,0.000000
-5798912,0.000000
-3883200,0.000000
-13202880,0.000000
-3313664,0.000000
21510144,0.000000
5078784,0.000000
38037120,0.141136
23900160,0.000000
-9805824,0.000000
-1400832,0.000000
-11162880,0.000000
-11075328,0.000000
-7004160,0.000000
-1959936,0.000000
-14887104,4.681296
-14799424,4.493621
-9799680,0.000000
-6725632,0.000000
-53594880,0.000000
-53174528,0.000000
-33628160,0.000000
1637376,0.000000
12991392,0.432623
12891744,0.415279
8186880,0.000000
2172928,0.000000
2172928,0.000000
17383424,0.000000
15482112,0.000000
17247616,0.000000
8080576,0.000000
-12574720,0.000000
-2357760,0.000000
-1571840,0.000000
-3192800,0.000000
-12297120,1.824104
-11811200,1.452448
-1670080,0.000000
-73859072,0.000000
-13848576,0.000000
-9232384,0.000000
-18753280,0.000000
-72839424,0.993789
-69839872,0.791307
-9809408,0.000000
-31144448,1.864967
-1628160,0.000000
-1085440,0.000000
-2204800,0.000000
-8649600,0.000000
-8276480,0.000000
-1153280,0.000000
-3731200,0.000000
-2892288,0.000000
-1928192,0.000000
-3916640,0.000000
-14674464,4.495955
-14176128,3.579917
-2048704,0.000000
-6068928,8.437213
-14674464,4.495955
-8790016,0.000000
-2118592,0.481015
-3847200,0.844543
-1167424,0.000000
72499200,0.000000
36664576,5.729143
42082048,4.746922
-64634880,0.000000
-34673920,0.000000
-39386880,0.000000
35561472,0.000000
19068544,0.045625
21662080,0.037803
37043200,0.000000
-17709568,0.288276
-32206592,0.506141
-9739776,0.000000
-69733376,0.234401
-17973248,0.000000
-2246656,0.000000
-4493312,0.000000
-7863296,0.000000
-18907136,0.000000
-2363392,0.000000
-12998656,0.000000
-7090176,0.000000
7970816,0.000000
15941632,0.000000
25800704,7.517251
-13074432,0.000000
-1634304,0.000000
-8988672,0.000000
-4861952,0.835422
44728320,0.000000
5591040,0.000000
30750720,0.000000
16773120,0.000000
42631680,0.000000
-1885184,0.000000
-3770368,0.000000
-12639232,4.221308
-1885184,0.000000
-2201600,0.000000
-4403200,0.000000
-15411200,0.000000
-2201600,0.000000
-14516224,0.000000
-29032448,0.000000
-92700672,8.771364
-14516224,0.000000
1600512,0.000000
3201024,0.000000
11201536,0.018280
1600512,0.000000
-1656832,0.000000
-3313664,0.000000
-11597824,0.000000
-1656832,0.000000
-13202880,0.000000
4780032,0.000000
4780032,0.000000
4780032,0.000000
26290176,0.000000
-1400832,0.000000
-1400832,0.000000
-1400832,0.000000
-7704576,0.000000
-15679488,0.000000
-2939904,0.000000
-2939904,0.000000
-12739584,0.000000
-5322752,9.474051
-6725632,0.000000
-6725632,0.000000
-6725632,0.000000
-36990976,0.000000
-40353792,0.000000
2456064,0.000000
2456064,0.000000
10642944,0.000000
4869120,0.875547
5022624,0.849015
2784064,0.000000
16976000,0.000000
16840192,0.000000
21729280,0.000000
17383424,0.000000
-12062400,1.771987
-11964160,1.786277
-15718400,0.000000
-9431040,0.000000
-72839424,0.993789
-35079168,1.946361
-55394304,0.000000
-8412160,0.000000
-10854400,0.000000
-2103040,0.000000
-6813824,8.805441
-11569152,0.000000
-5647136,9.010616
-8345216,0.391120
-8712672,0.491201
-1098752,0.000000
-8790016,0.000000
75520000,0.000000
93535488,2.858624
72499200,0.000000
96665600,0.000000
-67328000,0.000000
-85843200,0.000000
-64634880,0.000000
-10772480,0.000000
47219328,0.022765
35561472,0.000000
5926912,0.000000
-72833280,0.294380
-55001088,0.000000
-9166848,0.000000
-18333696,0.000000
-5265600,0.000000
-17903040,0.000000
-4493312,0.000000
-2246656,0.000000
-4493312,0.000000
-5539200,0.000000
-18833280,0.000000
-4726784,0.000000
-2363392,0.000000
-4726784,0.000000
18681600,0.000000
60764928,4.333475
15941632,0.000000
7970816,0.000000
15941632,0.000000
53698560,3.758626
-12969600,0.412797
-3268608,0.000000
-1634304,0.000000
-3268608,0.000000
-11399168,0.358038
44553600,0.000000
5591040,0.000000
11182080,0.000000
39137280,0.000000
-14291424,4.866920
-14208416,4.671803
-9425920,0.000000
-1885184,0.000000
-1885184,0.000000
-17544000,0.000000
-17406400,0.000000
-11008000,0.000000
-2201600,0.000000
-2201600,0.000000
-15423488,0.000000
-103977984,10.112866
-72581120,0.000000
-116129792,0.000000
-21774336,0.000000
-21774336,0.000000
12751392,0.021076
12651488,0.020231
8002560,0.000000
2400768,0.000000
2400768,0.000000
-13202880,0.000000
-8284160,0.000000
-2485248,0.000000
-2485248,0.000000
-10769408,0.000000
28680192,0.000000
38037120,0.141136
36994048,0.138209
28680192,0.000000
38240256,0.000000
-8404992,0.000000
-11162880,0.000000
-10856448,0.000000
-8404992,0.000000
-11206656,0.000000
-11206656,0.000000
-14887104,4.681296
-14493184,4.584218
-11759616,0.000000
-15679488,0.000000
-15679488,0.000000
-53384704,0.000000
-50442240,0.000000
-53805056,0.000000
-53805056,0.000000
12635904,0.423652
9824256,0.000000
13099008,0.000000
4210048,0.000000
7673152,0.000000
2308736,0.000000
16568576,0.000000
17315520,0.000000
-2991040,1.786277
-5376480,3.136260
-1670080,0.000000
-11811200,1.452448
-12297120,1.824104
-17713664,0.973180
-32044800,1.708663
-9809408,0.000000
-69839872,0.791307
-72839424,0.993789
-3493760,0.000000
-3968640,0.000000
-6784000,0.000000
-8649600,0.000000
-6512640,0.000000
-6523616,7.465810
-12051200,0.000000
-14674464,4.495955
-11569152,0.000000
-2197504,0.000000
-3812864,0.852084
-2575200,0.000000
-8712672,0.491201
-2197504,0.000000
24166400,0.000000
40194048,4.958838
28320000,0.000000
93535488,2.858624
24166400,0.000000
-21544960,0.000000
-37703680,0.000000
-25248000,0.000000
-85843200,0.000000
-21544960,0.000000
32598016,0.000000
17772544,0.046072
45184512,0.018127
47219328,0.022765
-50417664,0.000000
-27336704,0.595770
-69733376,0.234401
-72833280,0.294380
-15726592,0.000000
-2246656,0.000000
-17903040,0.000000
-17762624,0.000000
-11233280,0.000000
-10635264,0.000000
-2511104,0.000000
-18833280,0.000000
-11816960,0.000000
35868672,0.000000
8468992,0.000000
60764928,4.333475
39854080,0.000000
-7354368,0.000000
-1736448,0.000000
-12969600,0.412797
-8171520,0.000000
25159680,0.000000
5940480,0.000000
44553600,0.000000
27955200,0.000000
-2827776,0.000000
-12253696,0.000000
-5098496,9.849720
-5275232,9.551243
-14232512,4.886081
-13581824,3.939888
-2201600,0.000000
-12108800,0.000000
-13209600,0.000000
-17544000,0.000000
-17062400,0.000000
-13209600,0.000000
-79839232,0.000000
-87097344,0.000000
-103977984,10.112866
-101359616,9.903153
-87097344,0.000000
8802816,0.000000
9603072,0.000000
12751392,0.021076
12401408,0.020639
9603072,0.000000
-4970496,0.000000
-5125824,0.000000
-13151104,0.000000
-12426240,0.000000
38240256,0.000000
11950080,0.000000
26290176,0.000000
27474944,0.037256
38037120,0.141136
31070208,0.000000
-3502080,0.000000
-7704576,0.000000
-8054784,0.000000
-11162880,0.000000
-9105408,0.000000
-5322752,9.474051
-16659456,0.000000
-14536384,3.912361
-14326208,3.742835
-16814080,0.000000
-36990976,0.000000
-38672384,0.000000
-53594880,0.000000
-43716608,0.000000
4869120,0.875547
13917696,0.000000
12592800,0.361562
12390816,0.345895
2172928,0.000000
17383424,0.000000
2172928,0.000000
11951104,0.000000
-12574720,0.000000
-1571840,0.000000
-3143680,0.000000
-5327360,3.164262
-73859072,0.000000
-9232384,0.000000
-50778112,0.000000
-27140096,2.011239
-1085440,0.000000
-2170880,0.000000
-3799040,0.000000
-2544000,0.000000
-1928192,0.000000
-3856384,0.000000
-6222336,7.799105
-4519200,0.000000
-8790016,0.000000
-1648128,0.000000
-2197504,0.000000
-4944384,0.000000
96665600,0.000000
18124800,0.000000
24166400,0.000000
54374400,0.000000
-86179840,0.000000
-16158720,0.000000
-21544960,0.000000
-48476160,0.000000
47415296,0.000000
8890368,0.000000
11853824,0.000000
26671104,0.000000
6297344,0.000000
-13750272,0.000000
-18333696,0.000000
-41250816,0.000000
-9739776,0.000000
-17973248,0.000000
-3369984,0.000000
-3369984,0.000000
-14603264,0.000000
-18907136,0.000000
-3545088,0.000000
-3545088,0.000000
-15362048,0.000000
-7090176,0.000000
7970816,0.000000
7970816,0.000000
7970816,0.000000
43839488,0.000000
47824896,0.000000
-2451456,0.000000
-2451456,0.000000
-10622976,0.000000
-4861952,0.835422
-5015168,0.810106
5591040,0.000000
5591040,0.000000
30750720,0.000000
33546240,0.000000
44553600,0.000000
-15081472,0.000000
-15081472,0.000000
-4712960,0.000000
-10368512,0.000000
-17612800,0.000000
-17612800,0.000000
-5504000,0.000000
-12108800,0.000000
-116129792,0.000000
-116129792,0.000000
-34635776,20.466516
-123387904,0.000000
12804096,0.000000
4001280,0.000000
8802816,0.000000
9202432,0.005563
-13254656,0.000000
-4970496,0.000000
-14083072,0.000000
-12788672,0.000000
4780032,0.000000
9560064,0.000000
26290176,0.000000
14028544,0.091159
11950080,0.000000
-1400832,0.000000
-2801664,0.000000
-2232576,0.000000
-3720960,0.000000
-3502080,0.000000
-3919872,0.000000
-10779648,0.000000
-5583232,3.023633
-4899840,0.000000
-22270976,9.095089
-13451264,0.000000
-36990976,0.000000
-19756544,0.000000
-16814080,0.000000
-84070400,0.000000
1637376,0.000000
3274752,0.000000
2609568,0.000000
4349280,0.000000
4093440,0.000000
12541632,0.363032
6518784,0.000000
16568576,0.000000
17315520,0.000000
17383424,0.000000
3259392,0.000000
4345856,0.000000
-11811200,1.452448
-12297120,1.824104
-12574720,0.000000
-2357760,0.000000
-3143680,0.000000
-69839872,0.791307
-72839424,0.993789
-73859072,0.000000
-13848576,0.000000
-18464768,0.000000
-8276480,0.000000
-8649600,0.000000
-8683520,0.000000
-1628160,0.000000
-2170880,0.000000
-14674464,4.495955
-3856384,0.000000
-2892288,0.000000
-3856384,0.000000
-1167424,0.000000
-8712672,0.491201
-5493760,0.000000
-8790016,0.000000
-1648128,0.000000
12838400,0.000000
93535488,2.858624
60416000,0.000000
96665600,0.000000
18124800,0.000000
18124800,0.000000
-85843200,0.000000
-85169920,0.000000
-53862400,0.000000
-10772480,0.000000
-10772480,0.000000
-10772480,0.000000
47219328,0.022765
29634560,0.000000
5926912,0.000000
5926912,0.000000
5926912,0.000000
-72270592,0.282579
-45834240,0.000000
-9166848,0.000000
-9166848,0.000000
-6739968,0.000000
-6950592,0.000000
-17832832,0.000000
-16849920,0.000000
-17973248,0.000000
-17973248,0.000000
-7311744,0.000000
-18759424,0.000000
-17725440,0.000000
-18907136,0.000000
-18907136,0.000000
22562560,8.504365
60515840,4.350535
57683968,3.508051
63766528,0.000000
63766528,0.000000
-12969600,0.412797
-12614656,0.404236
-9805824,0.000000
-13074432,0.000000
44378880,0.000000
41932800,0.000000
44728320,0.000000
-16024064,0.000000
-13959392,4.067495
-13758560,3.891247
-2827776,0.000000
-1885184,0.000000
-18713600,0.000000
-16993600,0.000000
-16718400,0.000000
-2201600,0.000000
-4403200,0.000000
-81240064,2.669546
-103977984,10.112866
-94355456,0.000000
-29032448,0.000000
12351776,0.017614
12151840,0.016851
1600512,0.000000
3201024,0.000000
-13202880,0.000000
-10769408,0.000000
-3313664,0.000000
-9112576,0.000000
59586560,0.274207
36702976,0.118433
31070208,0.000000
9560064,0.000000
38240256,0.000000
35809280,0.114253
-17510400,0.000000
-10768896,0.000000
-9105408,0.000000
-11206656,0.000000
-4902912,0.000000
-13307904,0.000000
-14475136,3.928265
-14887104,4.681296
-8819712,0.000000
-6302720,8.120615
-18619392,0.000000
-5716672,9.382070
-53594880,0.000000
-30265344,0.000000
-23539712,0.000000
-63893504,0.000000
-21648128,0.000000
12991392,0.432623
7368192,0.000000
5687808,0.750469
15555072,0.000000
5224608,0.867047
9660000,0.111181
9778176,0.000000
2308736,0.000000
17315520,0.000000
10864640,0.000000
-10828800,1.582131
-1571840,0.000000
-12297120,1.824104
-12209760,1.750975
-7859200,0.000000
-9232384,0.000000
-72839424,0.993789
-72297216,0.953947
-46161920,0.000000
-1085440,0.000000
-8649600,0.000000
-8581760,0.000000
-5427200,0.000000
-1928192,0.000000
-14674464,4.495955
-14586848,4.315710
-9640960,0.000000
-1098752,0.000000
-6043136,0.000000
-6592512,0.000000
-8712672,0.491201
-8474368,0.481015
-6592512,0.000000
78540800,0.000000
34152448,5.785311
35285248,5.609998
93157888,2.869879
88526848,2.314124
-70021120,0.000000
-32317440,0.000000
-33327360,0.000000
-85506560,0.000000
-80793600,0.000000
38524928,0.000000
17772544,0.046072
18328192,0.044676
47034112,0.022855
44443648,0.018429
-50417664,0.000000
-55001088,0.000000
-72833280,0.294380
-70838272,0.288276
-55001088,0.000000
-17973248,0.000000
-6739968,0.000000
-19096576,0.000000
-17341376,0.000000
-17060544,0.000000
-18907136,0.000000
-7090176,0.000000
-20088832,0.000000
-18242432,0.000000
-17947008,0.000000
19927040,0.000000
43839488,0.000000
45307904,1.143930
60764928,4.333475
51810304,0.000000
-4861952,0.835422
-13891584,0.000000
-12571264,0.344992
-12369536,0.330043
13977600,0.000000
30750720,0.000000
32148480,0.000000
44553600,0.000000
36341760,0.000000
-10368512,0.000000
-5363648,3.143527
-4712960,0.000000
-21336576,9.455730
-13900480,4.084030
-12253696,0.000000
-12108800,0.000000
-6467200,0.000000
-5504000,0.000000
-27520000,0.000000
-16924800,0.000000
-14310400,0.000000
-79839232,0.000000
-39856128,6.531867
-36290560,0.000000
-145801216,19.647856
-102123520,8.486116
-94355456,0.000000
2550816,0.000000
4251360,0.000000
4001280,0.000000
12301760,0.017685
12751392,0.021076
7202304,0.000000
-4866944,0.000000
-4142080,0.000000
-20710400,0.000000
-12736896,0.000000
-10769408,0.000000
14747264,0.276977
27183872,0.009416
35361152,0.115699
37591552,0.136016
28368640,0.045100
36257408,0.112843
31368960,0.000000
16689152,0.244828
-7967232,0.000000
-10374912,0.000000
-11031552,0.000000
-8317440,0.000000
-10637568,0.000000
-9192960,0.000000
-4902912,0.000000
-11436608,1.203054
-14799424,4.493621
-11524288,1.488071
-13346240,4.006647
-14738176,4.511453
-17639424,0.000000
-39723264,0.000000
-53174528,0.000000
-40143616,0.000000
-47709952,0.000000
-52964352,0.000000
-60530688,0.000000
12083808,0.354652
12840576,0.416927
9708480,0.138244
12390816,0.345895
10745280,0.000000
5687808,0.750469
2172928,0.000000
2172928,0.000000
2172928,0.000000
11951104,0.000000
-1571840,0.000000
-1571840,0.000000
-1571840,0.000000
-8645120,0.000000
-73859072,0.000000
-13848576,0.000000
-13848576,0.000000
-60010496,0.000000
-27140096,2.011239
-1085440,0.000000
-1085440,0.000000
-1085440,0.000000
-5969920,0.000000
-6512640,0.000000
-2892288,0.000000
-2892288,0.000000
-12533248,0.000000
-5258240,9.098955
-5439008,8.823230
-8790016,0.000000
-8790016,0.000000
-8790016,0.000000
-3263488,0.994098
96665600,0.000000
96665600,0.000000
96665600,0.000000
34152448,5.785311
-86179840,0.000000
-86179840,0.000000
-26931200,0.000000
-59248640,0.000000
47415296,0.000000
47415296,0.000000
17772544,0.046072
50378752,0.000000
-73334784,0.000000
-22917120,0.000000
-50417664,0.000000
-52668416,0.077709
-3369984,0.000000
-2246656,0.000000
-4493312,0.000000
-3580608,0.000000
-5967680,0.000000
-2363392,0.000000
-4726784,0.000000
-12998656,0.000000
-6942464,0.000000
-5908480,0.000000
7970816,0.000000
15941632,0.000000
12703488,0.000000
21172480,0.000000
19927040,0.000000
-1634304,0.000000
-3268608,0.000000
-2604672,0.000000
-4341120,0.000000
-4085760,0.000000
-12520192,0.346394
11182080,0.000000
30750720,0.000000
16423680,0.000000
13977600,0.000000
69888000,0.000000
42981120,0.000000
-15081472,0.000000
-6041088,8.442616
-17909248,0.000000
-5476064,9.754090
-10995104,1.250758
-14208416,4.671803
-11078112,1.547076
-17612800,0.000000
-16512000,0.000000
-6811200,0.000000
-12521600,0.000000
-16305600,0.000000
-17337600,0.000000
-13072000,0.000000
-41893888,17.542728
-137904128,0.000000
-37254144,20.267811
-83508224,2.598923
-103627776,9.707438
-83858432,3.214636
-94061568,8.655443
5599744,0.036560
15204864,0.000000
5149472,0.042239
9452512,0.005416
12651488,0.020231
9552416,0.006699
11351584,0.018038
-13254656,0.000000
-12426240,0.000000
-5125824,0.000000
-9423232,0.000000
-12270912,0.000000
-13047552,0.000000
-9837440,0.000000
-12581568,0.000000
9560064,0.000000
16241024,0.251566
36852352,0.117954
36108032,0.113309
36406784,0.112380
38037120,0.141136
37442176,0.136557
-1400832,0.000000
-8098560,0.000000
-11162880,0.000000
-11162880,0.000000
-11162880,0.000000
-10593792,0.000000
-11162880,0.000000
-6118976,8.344118
-14536384,3.912361
-14264960,3.758301
-14387456,3.727495
-14887104,4.681296
-14676928,4.529427
-14142464,3.789620
-22909184,0.000000
-51913472,0.000000
-50862592,0.000000
-51282944,0.000000
-53594880,0.000000
-52754176,0.000000
-50442240,0.000000
1637376,0.000000
9455328,0.113585
12991392,0.432623
12991392,0.432623
12991392,0.432623
12339648,0.347325
12991392,0.432623
12991392,0.432623
6518784,0.000000
6722496,0.000000
17247616,0.000000
16296960,0.000000
17383424,0.000000
17383424,0.000000
-4688800,3.579772
-12248000,1.831286
-11614720,1.476656
-12574720,0.000000
-12574720,0.000000
-28005632,1.950293
-72550912,0.997701
-68685824,0.804496
-73859072,0.000000
-73859072,0.000000
-8649600,0.000000
-8412160,0.000000
-6512640,0.000000
-8683520,0.000000
-14614208,4.513655
-13935104,3.639582
-15425536,0.000000
-9339392,0.000000
-8446176,0.410518
-8310880,0.392730
-1648128,0.000000
-1098752,0.000000
102707200,0.000000
91038976,2.389076
89659648,2.285555
12083200,0.000000
24166400,0.000000
-61941760,0.000000
-85843200,0.000000
-70021120,0.000000
-21544960,0.000000
45739648,0.019026
44999296,0.018201
5926912,0.000000
11853824,0.000000
-72833280,0.294380
-59584512,0.000000
-18333696,0.000000
-50417664,0.000000
-28083200,0.000000
-17271168,0.000000
-14603264,0.000000
-4493312,0.000000
-17973248,0.000000
-16849920,0.000000
-29542400,0.000000
-18168576,0.000000
-15362048,0.000000
-18907136,0.000000
-8271872,0.000000
-22452224,0.000000
59047424,3.636394
60764928,4.333475
35868672,0.000000
25800704,7.517251
75722752,0.000000
23427840,8.684980
-12969600,0.412797
-7354368,0.000000
-5679104,0.716076
-15525888,0.000000
-5216896,0.827311
44553600,0.000000
25159680,0.000000
19568640,0.000000
53114880,0.000000
17996160,0.000000
33022080,0.000000
-12815968,4.165520
-14149504,4.690342
-16966656,0.000000
-3770368,0.000000
-5864352,8.674982
-13959392,4.067495
-16718400,0.000000
-14448000,0.000000
-7705600,0.000000
-2201600,0.000000
-12728000,0.000000
-17544000,0.000000
-103174144,9.745960
-130646016,0.000000
-14516224,0.000000
-81693696,2.655116
-103977984,10.112866
12601472,0.020311
14404608,0.000000
1600512,0.000000
9252448,0.005533
12751392,0.021076
12751392,0.021076
-14911488,0.000000
-1656832,0.000000
-9578560,0.000000
-13202880,0.000000
-13202880,0.000000
38037120,0.141136
38037120,0.141136
32553728,0.031446
21510144,0.000000
18916992,0.283384
35062400,0.116684
-10506240,0.000000
-11162880,0.000000
-5428224,0.000000
-5559552,0.000000
-10287360,0.000000
-11162880,0.000000
-14887104,4.681296
-6898432,9.168436
-7047360,9.399452
-13836224,3.870251
-14887104,4.681296
-53594880,0.000000
-26061824,0.000000
-26692352,0.000000
-49391360,0.000000
-53594880,0.000000
-48130304,0.000000
6291072,0.847304
6441888,0.868653
11981472,0.357670
12991392,0.432623
11674464,0.367042
17383424,0.000000
5432320,0.000000
11951104,0.000000
12494336,0.000000
17315520,0.000000
14124032,0.000000
-3929600,0.000000
-8645120,0.000000
-8994560,0.481518
-12297120,1.824104
-10216960,0.000000
-27140096,2.011239
-78475264,0.000000
-70670592,0.830552
-69551360,0.794564
-2713600,0.000000
-5969920,0.000000
-6241280,0.000000
-8649600,0.000000
-7055360,0.000000
-5258240,9.098955
-16389632,0.000000
-14324000,3.757463
-14115872,3.594649
-2197504,0.000000
-1751136,0.000000
-2918560,0.000000
-2746880,0.000000
-8411840,0.412187
-8712672,0.491201
-4944384,0.000000
19257600,0.000000
32096000,0.000000
30208000,0.000000
90661376,2.398787
93535488,2.858624
54374400,0.000000
-17168640,0.000000
-28614400,0.000000
-26931200,0.000000
-82813440,0.000000
-85843200,0.000000
-48476160,0.000000
17407744,0.014704
14817280,0.000000
74053632,0.044229
45554432,0.019103
38524928,0.000000
-14609664,0.000000
-24349440,0.000000
-22917120,0.000000
-70296064,0.247027
-72833280,0.294380
-41250816,0.000000
-7231424,0.000000
-13269312,0.000000
-17762624,0.000000
-13409728,0.000000
-15937216,0.000000
-17692416,0.000000
-20219904,0.000000
-7607168,0.000000
-13958784,0.000000
-18685568,0.000000
-14106496,0.000000
-16765312,0.000000
-18611712,0.000000
-21270528,0.000000
45202944,0.289125
56936704,3.552457
60148736,4.176251
46671360,1.384757
58431232,3.464741
52308480,0.000000
25800704,7.517251
-12063104,0.338399
-12818944,0.397820
-9690880,0.131909
-12369536,0.330043
-10725120,0.000000
-5679104,0.716076
44204160,0.000000
33371520,0.000000
39661440,0.000000
44029440,0.000000
50319360,0.000000
-14291424,4.866920
-14291424,4.866920
-14291424,4.866920
-13699648,3.907327
-14291424,4.866920
-14291424,4.866920
-12703552,1.084373
-8483328,0.000000
-17544000,0.000000
-17544000,0.000000
-16649600,0.000000
-17544000,0.000000
-17544000,0.000000
-14998400,0.000000
-9907200,0.000000
-101773312,8.052400
-103977984,10.112866
-102720512,9.784789
-99958784,8.186606
-103977984,10.112866
-45109248,19.806307
12201856,0.016782
12751392,0.021076
12551456,0.020392
12001792,0.017061
12751392,0.021076
6199424,0.041277
-13202880,0.000000
-12529792,0.000000
-13202880,0.000000
-13202880,0.000000
-11287168,0.000000
-7455744,0.000000
36852352,0.117954
31667712,0.000000
37292800,0.137104
38037120,0.141136
38037120,0.141136
37143424,0.137654
36257408,0.112843
28680192,0.000000
-10024704,0.000000
-10593792,0.000000
-11162880,0.000000
-10856448,0.000000
-11075328,0.000000
-11162880,0.000000
-7441920,0.000000
-13468736,3.971655
-14264960,3.758301
-14887104,4.681296
-14493184,4.584218
-14799424,4.493621
-14887104,4.681296
-10412160,0.000000
-44557312,0.000000
-52544000,0.000000
-53594880,0.000000
-53594880,0.000000
-52333824,0.000000
-51072768,0.000000
-40353792,0.000000
12738240,0.420263
12991392,0.432623
12991392,0.432623
12687072,0.421950
12390816,0.345895
9824256,0.000000
2172928,0.000000
4345856,0.000000
11951104,0.000000
6382976,0.000000
5432320,0.000000
-1571840,0.000000
-3143680,0.000000
-2505120,0.000000
-4175200,0.000000
-3929600,0.000000
-18464768,0.000000
-50778112,0.000000
-26946048,0.641885
-23080960,0.000000
-113176576,1.930790
-2170880,0.000000
-5969920,0.000000
-3188480,0.000000
-2713600,0.000000
-13568000,0.000000
-1928192,0.000000
-3856384,0.000000
-3073056,0.000000
-5121760,0.000000
-4820480,0.000000
-14263744,3.772738
-2197504,0.000000
-8790016,0.000000
-8207872,0.397639
-3366496,0.963973
-6247104,0.032772
-8104864,0.402672
-8611712,0.473380
96665600,0.000000
40194048,4.958838
114790400,0.000000
36664576,5.729143
70842112,0.734643
92911360,2.744021
71466240,0.908688
-86179840,0.000000
-80793600,0.000000
-33327360,0.000000
-61268480,0.000000
-79783680,0.000000
-84833280,0.000000
-63961600,0.000000
47415296,0.000000
44443648,0.018429
18328192,0.044676
33708800,0.001519
43888000,0.018662
46664192,0.021939
35188480,0.007275
44999296,0.018201
-31920128,0.510660
-87085056,0.000000
-29331712,0.589986
-54100736,0.075653
-72270592,0.282579
-54663424,0.093576
-64863488,0.251956
-71984128,0.283700
-2246656,0.000000
-12988480,0.000000
-17903040,0.000000
-17903040,0.000000
-17903040,0.000000
-16990336,0.000000
-4726784,0.000000
-8050304,0.000000
-18242432,0.000000
-17873152,0.000000
-18020864,0.000000
-18833280,0.000000
-18537856,0.000000
7970816,0.000000
45556992,1.137746
60764928,4.333475
60764928,4.333475
60764928,4.333475
58182144,3.479059
60764928,4.333475
-1634304,0.000000
-9438080,0.108379
-12969600,0.412797
-12969600,0.412797
-12969600,0.412797
-12318464,0.331407
-12969600,0.412797
-12969600,0.412797
19044480,0.000000
43155840,0.000000
42282240,0.000000
42631680,0.000000
44553600,0.000000
43854720,0.000000
41932800,0.000000
44553600,0.000000
-6750688,9.772162
-13287264,4.023715
-14291424,4.866920
-12933792,4.129140
-13699648,3.907327
-14291424,4.866920
-8737600,0.000000
-16168000,0.000000
-17544000,0.000000
-15755200,0.000000
-16649600,0.000000
-17544000,0.000000
-17062400,0.000000
-103977984,10.112866
-103977984,10.112866
-102577152,8.451759
-96169984,0.000000
-102266880,9.823928
-103977984,10.112866
-103977984,10.112866
12751392,0.021076
12751392,0.021076
12351776,0.017614
10603392,0.000000
12501440,0.020473
12751392,0.021076
12751392,0.021076
-6575552,0.000000
-12167360,0.000000
-13202880,0.000000
-11856704,0.000000
-12529792,0.000000
-13202880,0.000000
-12840448,0.000000
-13099328,0.000000
26290176,0.000000
37740928,0.135478
38037120,0.141136
30173952,0.000000
7916928,0.000000
35507968,0.122414
33867392,0.120796
-6303744,0.000000
-11162880,0.000000
-10199808,0.000000
-3720960,0.000000
-8580096,0.000000
-11162880,0.000000
-10418688,0.000000
-14799424,4.493621
-14887104,4.681296
-12372096,0.000000
-3246144,0.000000
-13985152,4.060308
-13346240,4.006647
-8662400,0.400312
-53174528,0.000000
-53594880,0.000000
-42455552,0.000000
-11139328,0.000000
-50021888,0.000000
-47709952,0.000000
-29844992,0.000000
12891744,0.415279
12991392,0.432623
10335936,0.000000
2711904,0.000000
12132288,0.375235
11572128,0.370275
7263168,0.036995
9875424,0.000000
27161600,0.000000
16704384,0.000000
14124032,0.000000
4345856,0.000000
17383424,0.000000
16296960,0.000000
-18951680,3.543974
-11898560,1.530680
-10216960,0.000000
-12574720,0.000000
-5327360,3.164262
-14932480,0.000000
-70382080,0.833928
-72839424,0.993789
-41545728,0.000000
-31756288,1.723919
-87707648,0.000000
-29124864,1.991713
-8649600,0.000000
-4884480,0.000000
-3799040,0.000000
-10311680,0.000000
-3493760,0.000000
-14674464,4.495955
-8676864,0.000000
-6222336,7.799105
-18317824,0.000000
-5647136,9.010616
-11256800,1.155423
-7761504,0.420411
-8611712,0.473380
-9888768,0.000000
-2197504,0.000000
-3709856,0.875535
-8446176,0.410518
89659648,2.285555
79296000,0.000000
40194048,4.958838
12083200,0.000000
69331712,0.750527
93535488,2.858624
-84833280,0.000000
-96952320,0.000000
-10772480,0.000000
-62278400,0.000000
-85843200,0.000000
46664192,0.021939
53342208,0.000000
5926912,0.000000
34262912,0.005977
47219328,0.022765
47219328,0.022765
-82501632,0.000000
-9166848,0.000000
-52954880,0.077289
-72833280,0.294380
-72833280,0.294380
-17903040,0.000000
-17903040,0.000000
-15305344,0.000000
-10109952,0.000000
-8916416,0.000000
-16498880,0.000000
-17725440,0.000000
-18833280,0.000000
-9158144,0.000000
-9379712,0.000000
-17356160,0.000000
-18833280,0.000000
60764928,4.333475
28265472,8.487220
28881664,8.701071
56438528,3.582690
60764928,4.333475
-12969600,0.412797
-6281728,0.808473
-6432384,0.828844
-11960960,0.341279
-12969600,0.412797
-11654528,0.350221
21665280,0.000000
22189440,0.000000
41059200,0.000000
44553600,0.000000
40010880,0.000000
-13913856,4.765993
-14208416,4.671803
-14291424,4.866920
-10015040,0.000000
-10368512,0.000000
-14208416,4.671803
-14291424,4.866920
-17544000,0.000000
-17131200,0.000000
-16718400,0.000000
-13209600,0.000000
-9907200,0.000000
-17544000,0.000000
-16030400,0.000000
-103627776,9.707438
-103977984,10.112866
-77117440,0.000000
-65323008,0.000000
-103977984,10.112866
-96783360,8.432556
-38558720,0.000000
12751392,0.021076
8502720,0.000000
7202304,0.000000
12751392,0.021076
11651680,0.017574
4251360,0.000000
-12581568,0.000000
-9940992,0.000000
-13202880,0.000000
-12063808,0.000000
-4400960,0.000000
35507968,0.122414
16241024,0.251566
38037120,0.141136
38037120,0.141136
14299136,0.285633
38240256,0.000000
36257408,0.112843
38037120,0.141136
-4771584,0.000000
-11162880,0.000000
-11162880,0.000000
-15409152,0.000000
-10725120,0.000000
-11119104,0.000000
-9499392,0.000000
-11820864,0.000000
-14142464,3.789620
-11024640,0.000000
-15679488,0.000000
-14326208,3.742835
-14887104,4.681296
-13836224,3.870251
-53594880,0.000000
-53594880,0.000000
-53805056,0.000000
-51072768,0.000000
-53594880,0.000000
-49391360,0.000000
12991392,0.432623
12991392,0.432623
12493152,0.343072
12940224,0.434327
11092704,0.096835
11520960,0.371914
6722496,0.000000
12358528,0.000000
16093248,0.000000
17111808,0.000000
12901760,0.000000
16500672,0.000000
14259840,0.000000
7605248,0.000000
-8928960,0.121702
-11467360,1.495348
-12160640,1.757923
-9278400,0.582890
-11762080,1.458425
-10315200,0.000000
-5327360,3.164262
-54389504,0.255395
-72297216,0.953947
-54931712,0.315901
-64935168,0.850568
-72008704,0.957733
-83091456,0.000000
-6410880,0.000000
-8581760,0.000000
-6478720,0.000000
-7699840,0.000000
-8547840,0.000000
-9768960,0.000000
-13754336,3.685653
-14526592,4.332836
-11284160,1.436677
-14115872,3.594649
-12653760,0.000000
-6222336,7.799105
-8276544,0.394353
-8345216,0.391120
-8712672,0.491201
-8577376,0.475266
-8207872,0.397639
-8712672,0.491201
-4216704,0.962030
89282048,2.294999
90037248,2.276188
93535488,2.858624
92156160,2.765886
88526848,2.314124
93535488,2.858624
44200960,5.598688
-85843200,0.000000
-85843200,0.000000
-81466880,0.000000
-85843200,0.000000
-85843200,0.000000
-73387520,0.000000
-48476160,0.000000
47219328,0.022765
44814080,0.018277
47219328,0.022765
47219328,0.022765
40375040,0.005072
26671104,0.000000
-72833280,0.294380
-71697664,0.284830
-68587520,0.238308
-72833280,0.294380
-35316736,0.576552
-17903040,0.000000
-16077632,0.000000
-16990336,0.000000
-17903040,0.000000
-17411584,0.000000
-17762624,0.000000
-17903040,0.000000
-11935360,0.000000
-18242432,0.000000
-15657472,0.000000
-18464000,0.000000
-18833280,0.000000
-18833280,0.000000
-18390144,0.000000
-17947008,0.000000
-14180352,0.000000
52806656,0.000000
59650560,4.209661
60764928,4.333475
60764928,4.333475
59401472,4.226567
58431232,3.464741
47824896,0.000000
-12318464,0.331407
-12969600,0.412797
-12614656,0.404236
-12870016,0.396248
-12969600,0.412797
-8682240,0.000000
42282240,0.000000
44553600,0.000000
43330560,0.000000
44204160,0.000000
44553600,0.000000
29702400,0.000000
-11900224,0.000000
-3122336,0.000000
-13429184,4.221308
-12815968,4.165520
-8330688,0.416185
-11370016,0.000000
-13581824,3.939888
-10604160,0.000000
-3646400,0.000000
-16374400,0.000000
-15617600,0.000000
-9769600,0.000000
-13278400,0.000000
-16512000,0.000000
-12384000,0.000000
-88911872,0.000000
-103977984,10.112866
-98494464,8.771364
-40532992,18.025557
-103977984,10.112866
-103977984,10.112866
2650848,0.000000
11901632,0.018280
11351584,0.018038
7102144,0.001802
9653088,0.000000
12001792,0.017061
9002880,0.000000
-12322688,0.000000
-11753152,0.000000
-7352192,0.000000
-9992768,0.000000
-12426240,0.000000
-9319680,0.000000
35062400,0.116684
31817088,0.000000
37442176,0.136557
35657344,0.121902
47800320,0.000000
36852352,0.117954
36257408,0.112843
-9893376,0.000000
-10681344,0.000000
-11162880,0.000000
-3370752,0.000000
-7967232,0.000000
-10462464,0.000000
-13284992,4.024375
-14387456,3.727495
-14887104,4.681296
-4716096,0.000000
-11112320,0.312331
-14046400,4.043319
-44767488,0.000000
-52754176,0.000000
-50232064,0.000000
-67256320,0.000000
-51913472,0.000000
-51072768,0.000000
12789408,0.418588
12183456,0.373664
16373760,0.000000
12592800,0.361562
12390816,0.345895
2172928,0.000000
12562240,0.000000
17315520,0.000000
17315520,0.000000
17315520,0.000000
16432768,0.000000
-3143680,0.000000
-5180000,3.251352
-11947680,1.524483
-11712960,1.464452
-11811200,1.452448
-12297120,1.824104
-12111520,1.764927
-9232384,0.000000
-53235456,0.260918
-72839424,0.993789
-72839424,0.993789
-72839424,0.993789
-69262848,0.797847
-72839424,0.993789
-1085440,0.000000
-6275200,0.000000
-8649600,0.000000
-8649600,0.000000
-8649600,0.000000
-8208640,0.000000
-8649600,0.000000
-8649600,0.000000
-6041568,8.013759
-14324000,3.757463
-14055616,3.609503
-14176128,3.579917
-14674464,4.495955
-14466336,4.350098
-13935104,3.639582
-14674464,4.495955
-4317664,0.986270
-8036192,0.406099
-8712672,0.491201
-7830176,0.416740
-8276544,0.394353
-8712672,0.491201
45202688,5.739757
86638848,2.363361
93535488,2.858624
84373248,2.425283
89282048,2.294999
93535488,2.858624
91023360,2.799344
-85843200,0.000000
-85843200,0.000000
-83150080,0.000000
-71367680,0.000000
-84160000,0.000000
-85843200,0.000000
-85843200,0.000000
47219328,0.022765
47219328,0.022765
45739648,0.019026
39265792,0.000000
46293760,0.022115
47219328,0.022765
47219328,0.022765
-36165888,0.591079
-67155200,0.243378
-72833280,0.294380
-65436416,0.249755
-69160448,0.236339
-72833280,0.294380
-70838272,0.288276
-72270592,0.282579
-12356608,0.000000
-17762624,0.000000
-17903040,0.000000
-14182016,0.000000
-3721024,0.000000
-16709504,0.000000
-15937216,0.000000
-10635264,0.000000
-18833280,0.000000
-17208448,0.000000
-6277760,0.000000
-14475776,0.000000
-18833280,0.000000
-17577728,0.000000
60397824,4.159744
60764928,4.333475
50315776,0.000000
13201664,0.000000
57054720,3.758626
54445824,3.708952
35239424,0.370569
-12870016,0.396248
-12969600,0.412797
-10316544,0.000000
-2706816,0.000000
-12111616,0.358038
-11552384,0.353306
-7249664,0.035300
44204160,0.000000
44553600,0.000000
35293440,0.000000
9260160,0.000000
41583360,0.000000
39661440,0.000000
24810240,0.000000
33720960,0.000000
-20179968,2.686287
-13876384,3.859482
-14232512,4.886081
-12644640,1.089370
-12757056,4.183952
-13817472,3.875299
-14291424,4.866920
-24217600,0.000000
-16856000,0.000000
-17475200,0.000000
-14929600,0.000000
-15548800,0.000000
-16787200,0.000000
-17544000,0.000000
-5297600,0.000000
-116129792,0.000000
-101319680,8.085537
-103977984,10.112866
-97690624,8.360789
-96623616,0.000000
-102720512,9.784789
-98948096,8.734664
12804096,0.000000
12151840,0.016851
12751392,0.021076
11751712,0.017424
10653408,0.000000
12551456,0.020392
11951648,0.018203
-12685120,0.000000
-13151104,0.000000
-11235392,0.000000
-11701376,0.000000
-12633344,0.000000
-13202880,0.000000
-3986752,0.000000
9560064,0.000000
37442176,0.136557
36556160,0.111921
36108032,0.113309
37292800,0.137104
29427072,0.000000
8802944,0.116190
-7223040,0.000000
-11162880,0.000000
-11162880,0.000000
-11075328,0.000000
-11162880,0.000000
-4684032,0.000000
-3919872,0.000000
-14676928,4.529427
-14448704,3.712281
-14264960,3.758301
-14615680,4.547544
-12065856,0.000000
-3474368,3.853851
-13451264,0.000000
-52754176,0.000000
-51493120,0.000000
-50862592,0.000000
-52544000,0.000000
-41404672,0.000000
-12400384,0.000000
-6725632,0.000000
12789408,0.418588
12493152,0.343072
12339648,0.347325
12738240,0.420263
10080096,0.000000
3008160,0.356155
1637376,0.000000
17315520,0.000000
17315520,0.000000
14803072,0.000000
9778176,0.000000
8623808,0.000000
15957440,0.000000
-11614720,1.476656
-12297120,1.824104
-5873280,3.572555
-6009760,3.662571
-11369120,1.508074
-12297120,1.824104
-72839424,0.993789
-35079168,1.946361
-35909888,1.995403
-67243264,0.821613
-72839424,0.993789
-8649600,0.000000
-4206080,0.000000
-4307840,0.000000
-7971200,0.000000
-8649600,0.000000
-7767680,0.000000
-6813824,8.805441
-6961696,9.027310
-13633824,3.717020
-14674464,4.495955
-13272288,3.814409
-8474368,0.481015
-8646048,0.471509
-8712672,0.491201
-5837120,0.000000
-6043136,0.000000
-8646048,0.471509
-8712672,0.491201
93535488,2.858624
91400960,2.788101
89659648,2.285555
72499200,0.000000
54374400,0.000000
93535488,2.858624
85883648,2.383647
-85169920,0.000000
-85843200,0.000000
-57228800,0.000000
-48476160,0.000000
-85843200,0.000000
-78437120,0.000000
-28614400,0.000000
47219328,0.022765
31486720,0.000000
26671104,0.000000
47219328,0.022765
43147136,0.018983
15743360,0.000000
-69446912,0.235366
-55001088,0.000000
-72833280,0.294380
-66582272,0.245467
-24349440,0.000000
-16709504,0.000000
-7652672,0.000000
-17903040,0.000000
-17903040,0.000000
-6739968,0.000000
-17973248,0.000000
-17060544,0.000000
-17903040,0.000000
-8050304,0.000000
-18833280,0.000000
-18833280,0.000000
-25997312,0.000000
-18094720,0.000000
-18759424,0.000000
-16026752,0.000000
48073984,0.000000
57683968,3.508051
44835840,0.000000
63766528,0.000000
58431232,3.464741
60764928,4.333475
56438528,3.582690
-12969600,0.412797
-12969600,0.412797
-13074432,0.000000
-12369536,0.330043
-12969600,0.412797
-11960960,0.341279
44553600,0.000000
44553600,0.000000
42806400,0.000000
44378880,0.000000
37914240,0.000000
39486720,0.000000
-4536224,0.000000
-10687168,0.324716
-13488096,4.203646
-3770368,0.000000
-14090592,4.709029
-13876384,3.859482
-12521600,0.000000
-16443200,0.000000
-4403200,0.000000
-17268800,0.000000
-16856000,0.000000
-145162240,0.000000
-102577152,8.451759
-101319680,8.085537
-74849280,0.000000
-103977984,10.112866
-103977984,10.112866
16005120,0.000000
12351776,0.017614
12151840,0.016851
8252640,0.000000
12751392,0.021076
12751392,0.021076
12651488,0.020231
-12788672,0.000000
-12581568,0.000000
-12995776,0.000000
-12685120,0.000000
-12529792,0.000000
-12944000,0.000000
4780032,0.000000
8063744,0.031737
23588608,0.054234
14299136,0.285633
24943232,0.010262
-12607488,0.000000
-4202496,0.000000
-11162880,0.000000
-16809984,0.000000
-1488384,0.000000
-8492544,0.000000
-1959936,0.000000
-3272576,1.052672
-9503104,1.798870
-2082432,0.000000
-11882112,0.000000
-11173568,0.310625
-11349504,0.000000
-33207808,0.000000
-7145984,0.000000
-40774144,0.000000
-38462208,0.000000
2760384,0.097283
8071104,0.166243
1739712,0.000000
9926592,0.000000
9361056,0.028706
2251392,0.000000
16772288,0.000000
14395648,0.000000
16976000,0.000000
17315520,0.000000
17315520,0.000000
16908096,0.000000
16500672,0.000000
13037568,0.000000
-11074400,1.547587
-11712960,1.464452
-12297120,1.824104
-11964160,1.786277
-12209760,1.750975
-12297120,1.824104
-8350400,0.000000
-65512192,0.843140
-69262848,0.797847
-72839424,0.993789
-70854656,0.973180
-72297216,0.953947
-72839424,0.993789
-49047040,0.000000
-7191040,0.000000
-8480000,0.000000
-8649600,0.000000
-8649600,0.000000
-8446080,0.000000
-8242560,0.000000
-6512640,0.000000
-14406080,4.367499
-14674464,4.495955
-14674464,4.495955
-14345824,4.385039
-14115872,3.594649
-11569152,0.000000
-2918560,0.000000
-6729856,0.000000
-8712672,0.491201
-8137152,0.426042
-3709856,0.875535
-8712672,0.491201
-8712672,0.491201
32096000,0.000000
74009600,0.000000
93535488,2.858624
87640576,2.479419
39061248,5.095319
93535488,2.858624
93535488,2.858624
-17841920,0.000000
-80120320,0.000000
-76417280,0.000000
-47802880,0.000000
-64971520,0.000000
-80793600,0.000000
-60595200,0.000000
36302336,0.000000
47219328,0.022765
44072704,0.019745
20180352,0.040577
47219328,0.022765
47219328,0.022765
-56146944,0.000000
-72833280,0.294380
-68004352,0.255330
-31060736,0.524715
-72833280,0.294380
-72833280,0.294380
-15235136,0.000000
-15867008,0.000000
-17130752,0.000000
-17903040,0.000000
-5406016,0.000000
-12777856,0.000000
-16779712,0.000000
-17356160,0.000000
-15731328,0.000000
-18537856,0.000000
-17651584,0.000000
-23633920,0.000000
-18242432,0.000000
-17947008,0.000000
53055744,0.000000
59899648,4.192889
57303808,3.742899
79708160,0.000000
59296512,3.621672
58431232,3.464741
-12420608,0.328691
-12969600,0.412797
-3932544,0.000000
-9292544,0.027541
-12162688,0.356540
42631680,0.000000
44553600,0.000000
13453440,0.000000
31799040,0.000000
41758080,0.000000
-14291424,4.866920
-14208416,4.671803
-14291424,4.866920
-5746528,8.837132
-16966656,0.000000
-5098496,9.849720
-14291424,4.866920
-16649600,0.000000
-17200000,0.000000
-13553600,0.000000
-4059200,0.000000
-2201600,0.000000
-3715200,0.000000
-10870400,0.000000
-102266880,9.823928
-89365504,0.000000
-24536064,8.325362
-14516224,0.000000
-23939072,2.274057
-68888576,3.886047
12751392,0.021076
5349664,0.038268
14404608,0.000000
4799488,0.042653
12751392,0.021076
-13202880,0.000000
-5540032,0.000000
-14911488,0.000000
-4970496,0.000000
-13202880,0.000000
26290176,0.000000
24497664,0.000000
4780032,0.000000
14299136,0.285633
11950080,0.000000
33419264,0.122414
-8011008,0.000000
-1926144,0.000000
-7004160,0.000000
-4202496,0.000000
-11206656,0.000000
-1400832,0.000000
-2694912,0.000000
-9799680,0.000000
-5322752,9.474051
-15679488,0.000000
-1959936,0.000000
-6725632,0.000000
-20176896,0.000000
-16814080,0.000000
-47079424,0.000000
1637376,0.000000
4869120,0.875547
4093440,0.000000
11418624,0.375235
11951104,0.000000
17179712,0.000000
17315520,0.000000
13716608,0.000000
3598912,0.000000
16161152,0.000000
15414208,0.000000
-7073280,0.000000
-12297120,1.824104
-11270880,1.521019
-4175200,0.000000
-9627520,0.000000
-12297120,1.824104
-11505600,1.582131
-72297216,0.953947
-72839424,0.993789
-58279424,0.000000
-15291136,0.000000
-68073984,0.861960
-64935168,0.850568
-40933888,0.084982
-8581760,0.000000
-8649600,0.000000
-6851840,0.000000
-1797760,0.000000
-8072960,0.000000
-7699840,0.000000
-4816640,0.000000
-14586848,4.315710
-14674464,4.495955
-12171712,0.000000
-3193568,0.000000
-13781696,3.899552
-13151776,3.848017
-8523456,0.384463
-11629408,0.000000
-12053504,0.271118
-8379552,0.389524
-8678336,0.493135
-7442720,0.109946
-7727168,0.422272
-8345216,0.391120
-8712672,0.491201
130818048,1.577812
90414848,2.266897
93157888,2.869879
81414912,0.639850
83240448,2.457477
90037248,2.276188
93535488,2.858624
29075200,0.000000
-86179840,0.000000
-81803520,0.000000
-85843200,0.000000
-79110400,0.000000
-71704320,0.000000
-84496640,0.000000
-80456960,0.000000
47415296,0.000000
44999296,0.018201
47219328,0.022765
43517568,0.018821
39451008,0.000000
46478976,0.022027
44257920,0.019663
-70019840,0.233445
-72546816,0.295539
-62121728,0.065892
-64577024,0.253070
-69733376,0.234401
-72833280,0.294380
-22057728,0.000000
-4493312,0.000000
-17622208,0.000000
-17200960,0.000000
-16990336,0.000000
-17552000,0.000000
-13830976,0.000000
-4142272,0.000000
-12186240,0.000000
-18833280,0.000000
-18833280,0.000000
-18685568,0.000000
-18833280,0.000000
-7902592,0.000000
15941632,0.000000
59899648,4.192889
58929408,3.436458
58182144,3.479059
59650560,4.209661
49070336,0.000000
14171904,3.567509
-3268608,0.000000
-12767872,0.399405
-12471680,0.327349
-12318464,0.331407
-12716800,0.401002
-10061184,0.000000
-3003008,0.339833
-1634304,0.000000
43854720,0.000000
42806400,0.000000
42282240,0.000000
43680000,0.000000
34419840,0.000000
10308480,0.000000
5591040,0.000000
-20393984,9.849720
-2003008,0.000000
-11428928,0.000000
-10746080,0.322942
-2592128,0.000000
-9425920,0.000000
-5098496,9.849720
-6604800,0.000000
-11489600,0.000000
-12108800,0.000000
-11283200,0.000000
-2201600,0.000000
-6604800,0.000000
-34635776,20.466516
-75199488,0.735324
-79839232,0.000000
-74395648,0.000000
-14516224,0.000000
-34635776,20.466516
4799488,0.042653
8352544,0.001532
8802816,0.000000
8202624,0.000000
1600512,0.000000
4799488,0.042653
4001280,0.000000
-1760384,0.000000
-10044544,0.000000
-9475008,0.000000
-2278144,0.000000
-8284160,0.000000
-4970496,0.000000
23900160,0.000000
28680192,0.000000
38240256,0.000000
16689152,0.244828
-8404992,0.000000
-11206656,0.000000
-4902912,0.000000
-13162496,4.060308
-4899840,0.000000
-5322752,9.474051
-7839744,0.000000
-16814080,0.000000
-20176896,0.000000
-26902528,0.000000
9824256,0.000000
13099008,0.000000
5687808,0.750469
8186880,0.000000
9642368,0.000000
13105472,0.000000
16296960,0.000000
12222720,0.000000
23902208,0.000000
16636480,0.000000
17247616,0.000000
-6964160,0.155985
-9480160,0.000000
-11614720,1.476656
-8841600,0.000000
-12574720,0.000000
-11762080,1.458425
-12297120,1.824104
-30890752,1.771367
-72839424,0.993789
-72839424,0.993789
-100999168,0.548520
-70128384,0.788077
-72550912,0.997701
-62467840,0.222441
-6546560,0.000000
-8140800,0.000000
-6105600,0.000000
-8310400,0.000000
-8615680,0.000000
-7360640,0.000000
-7665920,0.000000
-13935104,3.639582
-10846080,0.000000
-14115872,3.594649
-14674464,4.495955
-13633824,3.717020
-12834528,0.000000
-10987520,0.000000
-8446176,0.410518
-8310880,0.392730
-5665440,0.000000
-8712672,0.491201
120832000,0.000000
91038976,2.389076
89659648,2.285555
62304000,0.000000
93535488,2.858624
93535488,2.858624
-61268480,0.000000
-80456960,0.000000
-21544960,0.000000
-84496640,0.000000
-82476800,0.000000
-81466880,0.000000
33708800,0.001519
44257920,0.019663
11853824,0.000000
46478976,0.022027
45369728,0.018053
44814080,0.018277
-52126208,0.019641
-68290816,0.254262
-47266560,0.000000
-72833280,0.294380
-72833280,0.294380
-72270592,0.282579
-20219904,0.000000
-6739968,0.000000
-17903040,0.000000
-26959872,0.000000
-2387072,0.000000
-13620352,0.000000
-2363392,0.000000
-3988224,0.000000
-11669248,0.000000
-7090176,0.000000
-12333952,0.000000
-12998656,0.000000
21815296,8.770127
60764928,4.333475
21815296,8.770127
41466624,0.315094
43839488,0.000000
-4861952,0.835422
-12969600,0.412797
-4861952,0.835422
-8526464,0.030015
-8988672,0.000000
-8375808,0.000000
44553600,0.000000
16773120,0.000000
29178240,0.000000
30750720,0.000000
28654080,0.000000
-4712960,0.000000
-12639232,4.221308
-9425920,0.000000
-11311104,0.000000
-5504000,0.000000
-15411200,0.000000
-15411200,0.000000
-5504000,0.000000
-36290560,0.000000
-92700672,8.771364
-92700672,8.771364
-36290560,0.000000
12804096,0.000000
1600512,0.000000
4001280,0.000000
4799488,0.042653
-11597824,0.000000
-9940992,0.000000
-13254656,0.000000
19120128,0.000000
11950080,0.000000
33419264,0.122414
59586560,0.274207
-3502080,0.000000
-9805824,0.000000
-17510400,0.000000
-4899840,0.000000
-3919872,0.000000
-8819712,0.000000
-33628160,0.000000
-84070400,0.000000
4093440,0.000000
20295168,0.840525
14735168,0.000000
15346304,0.000000
16568576,0.000000
17315520,0.000000
5228608,0.000000
12358528,0.000000
16229056,0.000000
-11369120,1.508074
-10462560,0.000000
-12111520,1.764927
-11554720,1.575511
-15718400,0.000000
-11947680,1.524483
-11762080,1.458425
-61453056,0.000000
-71720192,0.961549
-68362496,0.858353
-92323840,0.000000
-70670592,0.830552
-69551360,0.794564
-8276480,0.000000
-8649600,0.000000
-2611840,0.000000
-6173440,0.000000
-8106880,0.000000
-14176128,3.579917
-14674464,4.495955
-4639712,0.000000
-10933696,0.299966
-13841952,3.883236
-8712672,0.491201
-8646048,0.471509
-8712672,0.491201
-3641184,0.891901
-9888768,0.000000
-3263488,0.994098
-8712672,0.491201
89282048,2.294999
91778560,2.776949
74387200,0.000000
21754112,2.353347
12083200,0.000000
20259328,0.642812
59005440,1.098477
-84160000,0.000000
-66318080,0.000000
-19861760,0.000000
-10772480,0.000000
-18178560,0.000000
-53189120,0.000000
47219328,0.022765
19809920,0.041336
53342208,0.000000
17772544,0.046072
47219328,0.022765
-72833280,0.294380
-30487808,0.534523
-82501632,0.000000
-27336704,0.595770
-72833280,0.294380
-12356608,0.000000
-11514112,0.000000
-2246656,0.000000
-6739968,0.000000
-5616640,0.000000
-15726592,0.000000
-13515648,0.000000
-3249664,0.000000
-11816960,0.000000
-7090176,0.000000
-18907136,0.000000
-2363392,0.000000
10959872,0.000000
39854080,0.000000
21815296,8.770127
63766528,0.000000
7970816,0.000000
-1634304,0.000000
-4861952,0.835422
-4085760,0.000000
-11399168,0.358038
5591040,0.000000
16773120,0.000000
13977600,0.000000
39137280,0.000000
-15081472,0.000000
-6041088,8.442616
-9425920,0.000000
-9425920,0.000000
-7705600,0.000000
-11008000,0.000000
-11008000,0.000000
-41893888,17.542728
-72581120,0.000000
-72581120,0.000000
6402048,0.000000
4001280,0.000000
-5798912,0.000000
-8284160,0.000000
-8284160,0.000000
21510144,0.000000
38240256,0.000000
16689152,0.244828
-6303744,0.000000
-11206656,0.000000
-4902912,0.000000
-10779648,0.000000
-1959936,0.000000
-30265344,0.000000
-53805056,0.000000
-23539712,0.000000
9005568,0.000000
1637376,0.000000
4345856,0.000000
17043904,0.000000
16636480,0.000000
16432768,0.000000
16976000,0.000000
13377088,0.000000
4006336,0.000000
-8104800,0.000000
-12297120,1.824104
-12297120,1.824104
-12209760,1.750975
-12297120,1.824104
-5081760,3.312125
-18464768,0.000000
-71720192,0.961549
-70128384,0.788077
-69262848,0.797847
-71431680,0.965395
-56836864,0.000000
-16882944,0.818131
-2170880,0.000000
-8513920,0.000000
-8310400,0.000000
-8208640,0.000000
-8480000,0.000000
-6682240,0.000000
-2001280,0.000000
-1085440,0.000000
-14466336,4.350098
-14236384,3.565305
-14055616,3.609503
-14406080,4.367499
-11870432,0.000000
-3423520,3.701270
-1928192,0.000000
-13053952,0.994098
-1167424,0.000000
-6661184,0.000000
-6281440,0.032593
-1510784,0.000000
-5493760,0.000000
-3263488,0.994098
34152448,5.785311
62928128,0.207855
66457600,0.000000
61926400,0.000000
12083200,0.000000
34152448,5.785311
-32317440,0.000000
-56218880,0.000000
-59248640,0.000000
-55208960,0.000000
-10772480,0.000000
-32317440,0.000000
17772544,0.046072
30930560,0.001655
32598016,0.000000
30375424,0.000000
5926912,0.000000
17772544,0.046072
14817280,0.000000
-9739776,0.000000
-55574016,0.000000
-52412672,0.019533
-12604416,0.000000
-45834240,0.000000
-27336704,0.595770
-11233280,0.000000
-13479936,0.000000
-17973248,0.000000
-7863296,0.000000
-14180352,0.000000
-18907136,0.000000
-8271872,0.000000
53698560,3.758626
19927040,0.000000
21815296,8.770127
31883264,0.000000
-4085760,0.000000
-4861952,0.835422
-6537216,0.000000
33546240,0.000000
44728320,0.000000
19568640,0.000000
27955200,0.000000
-3770368,0.000000
-8483328,0.000000
-10368512,0.000000
-4403200,0.000000
-9907200,0.000000
-12108800,0.000000
-29032448,0.000000
-65323008,0.000000
-79839232,0.000000
3201024,0.000000
7202304,0.000000
8802816,0.000000
-20710400,0.000000
-7455744,0.000000
-13254656,0.000000
19556352,0.000000
6518784,0.000000
17315520,0.000000
26075136,0.000000
2308736,0.000000
13173376,0.000000
-1571840,0.000000
-2641600,0.410182
-7706560,0.700944
-4541440,3.691639
-8192160,0.132634
-8645120,0.000000
-27140096,2.011239
-72839424,0.993789
-27140096,2.011239
-48146688,0.072260
-50778112,0.000000
-3256320,0.000000
-8649600,0.000000
-3256320,0.000000
-5664640,0.000000
-5969920,0.000000
-5562880,0.000000
-14674464,4.495955
-5258240,9.098955
-10029856,0.326909
-10605056,0.000000
-9881984,0.000000
-2746880,0.000000
-7658496,0.426042
-5493760,0.000000
-6592512,0.000000
30208000,0.000000
82485248,2.479419
82485248,2.479419
30208000,0.000000
-26931200,0.000000
-75407360,0.000000
-75407360,0.000000
-26931200,0.000000
47415296,0.000000
5926912,0.000000
14817280,0.000000
17772544,0.046072
-64004096,0.255330
-55001088,0.000000
-73334784,0.000000
-8986624,0.000000
-5616640,0.000000
-15726592,0.000000
-28083200,0.000000
-5908480,0.000000
-16543744,0.000000
-29542400,0.000000
19927040,0.000000
15941632,0.000000
35868672,0.000000
-8171520,0.000000
-20264960,0.802005
13977600,0.000000
69888000,0.000000
-15081472,0.000000
-6041088,8.442616
-7705600,0.000000
-41893888,17.542728
5599744,0.036560
11951104,0.000000
11136256,0.000000
2172928,0.000000
6518784,0.000000
5432320,0.000000
15210496,0.000000
-8978080,0.121037
-2161280,0.000000
-7859200,0.000000
-4541440,3.691639
-12574720,0.000000
-1571840,0.000000
-12694528,0.000000
-46161920,0.000000
-27140096,2.011239
-73859072,0.000000
-9232384,0.000000
-1085440,0.000000
-3256320,0.000000
-2713600,0.000000
-7598080,0.000000
-1928192,0.000000
-5258240,9.098955
-4820480,0.000000
-12971008,3.899552
-8790016,0.000000
-3812864,0.852084
-5493760,0.000000
-5493760,0.000000
40194048,4.958838
60416000,0.000000
60416000,0.000000
-37703680,0.000000
-53862400,0.000000
-53862400,0.000000
23707648,0.000000
14817280,0.000000
-31920128,0.510660
-45834240,0.000000
-45834240,0.000000
-10109952,0.000000
-17973248,0.000000
-7863296,0.000000
-10635264,0.000000
-18907136,0.000000
-8271872,0.000000
43839488,0.000000
7970816,0.000000
-7354368,0.000000
-13074432,0.000000
-5679104,0.716076
30750720,0.000000
5591040,0.000000
10864640,0.000000
13037568,0.000000
17383424,0.000000
7605248,0.000000
-9431040,0.000000
-12574720,0.000000
-5327360,3.164262
-64069632,0.861960
-23080960,0.000000
-27140096,2.011239
-36929536,0.000000
-2713600,0.000000
-3256320,0.000000
-4341760,0.000000
-11569152,0.000000
-15425536,0.000000
-6222336,7.799105
-9640960,0.000000
-2197504,0.000000
-4944384,0.000000
-6043136,0.000000
24166400,0.000000
54374400,0.000000
66457600,0.000000
-21544960,0.000000
-48476160,0.000000
-59248640,0.000000
11853824,0.000000
26671104,0.000000
32598016,0.000000
-113930240,0.571939
-41250816,0.000000
-73334784,0.000000
8691712,0.000000
5432320,0.000000
15210496,0.000000
27161600,0.000000
9778176,0.000000
17383424,0.000000
7605248,0.000000
-3929600,0.000000
-10828800,1.582131
-18951680,3.543974
-7073280,0.000000
-12574720,0.000000
-5327360,3.164262
-23080960,0.000000
-18464768,0.000000
-41545728,0.000000
-50778112,0.000000
-9232384,0.000000
-2713600,0.000000
-2170880,0.000000
-4884480,0.000000
-5969920,0.000000
-1085440,0.000000
-4820480,0.000000
-21997056,8.734998
-8676864,0.000000
-15425536,0.000000
-6222336,7.799105
-1098752,0.000000
12083200,0.000000
-10772480,0.000000
5926912,0.000000
-31920128,0.510660
-87264,0.000000
-7332748,0.008836
-12790848,0.064005
4062808,0.800083
-1067257,0.191526
-11045760,0.000000
-424376,8.802242
-15964160,0.000000
-7359832,0.111183
-4724128,4.217247
-87264,0.000000
-7332748,0.008836
-12790848,0.064005
4062808,0.800083
-1067257,0.191526
-11045760,0.000000
-424376,8.802242
-15964160,0.000000
-7359832,0.111183
-4724128,4.217247
3572224,0.228800
16243296,3.924753
-4744736,2.851433
25106384,7.820151
-2884472,0.283199
-4239840,0.000000
-362516,0.035296
4060160,0.000000
14058240,0.000000
15167232,4.219409
4074880,3.116346
102269,0.040074
669648,1.208545
5245466,9.215732
-5067134,2.559875
-16547520,0.000000
-277066,0.960844
1646080,0.000000
2444637,21.348509
4621536,3.629982
4113024,3.321599
-1153885,3.678287
269927,0.811362
2708720,1.489628
-10666204,1.307535
-62515200,0.000000
7389,0.000000
-2243840,0.000000
280964,2.876066
535144,0.029890
3768448,0.054316
-3126956,0.000000
-3745088,0.218262
8413420,0.024336
-16955320,0.048292
-87352320,0.000000
-728,18.018017
-4956160,0.000000
1943749,21.243118
-738176,0.000000
5932160,2.194787
-11402072,0.362405
-25207,0.000000
13144516,3.835654
-17090640,0.191364
-96560640,0.000000
-157042,1.366680
-18247680,0.000000
7757860,1.661467
-606908,1.659245
2192128,19.300726
-15756768,4.041042
-8945824,0.387678
13712336,3.903852
-11415980,0.017937
-82621440,0.000000
405422,7.908449
-26009600,0.000000
5423188,2.359846
-14316416,1.201339
-87264,0.000000
-7332748,0.008836
-12790848,0.064005
4062808,0.800083
-1067257,0.191526
-11045760,0.000000
-424376,8.802242
-15964160,0.000000
-7359832,0.111183
-4724128,4.217247
-87264,0.000000
-7332748,0.008836
-12790848,0.064005
4062808,0.800083
-1067257,0.191526
-11045760,0.000000
-424376,8.802242
-15964160,0.000000
-7359832,0.111183
-4724128,4.217247
2415040,17.837004
409988,0.049489
-321763,2.671547
2932389,0.000000
-2690684,1.277417
-9414240,0.000000
-182907,18.483013
805760,0.000000
1121835,0.000000
8352384,0.122450
8495104,1.519468
-13298432,0.000000
9205088,0.005562
21093056,2.572994
-5882392,8.650680
-39283200,0.000000
-105231,8.868028
-9088000,0.000000
17070720,0.000000
16433792,3.892536
520128,0.000000
-3273928,0.000000
2342272,0.087360
2242954,1.439895
-664279,0.383901
-4445760,0.000000
20079,0.829753
-2280960,0.000000
4418304,0.000000
400172,0.832648
372968,8.105178
-4247692,3.772710
1604720,0.159275
767468,0.000000
-1030901,0.983536
-3804240,0.000000
83144,2.403982
-4497920,0.000000
8387708,0.485961
-52535,0.000000
387352,7.799676
-3463330,0.018707
2258088,0.473899
1319220,2.571276
-1023864,0.793755
-2547600,0.000000
98380,0.517736
-3120640,0.000000
8588540,0.474651
771040,0.000000
373312,8.069346
-2421576,1.683768
1111600,0.912786
1271295,9.379569
-942115,0.000000
-1155000,0.000000
96992,0.000000
-3335680,0.000000
6948256,1.851475
652224,0.000000
-807192,0.000000
3359934,0.000000
-11726176,0.004366
-2621712,0.000000
-4292534,0.191222
-9623200,0.000000
-5837574,10.128868
5098872,0.042658
-3754284,0.004475
-3001651,19.067900
33077376,0.125222
-7746192,0.000000
-4466096,0.194511
-17434848,0.000000
-11601440,0.282749
-3693800,0.000000
-5059994,0.040616
-1288644,0.670907
7163520,0.000000
9636120,19.077679
38241504,1.705568
-46876,0.000000
620536,0.082441
-3698652,0.000000
-20380936,2.555809
-14413040,0.023307
-3861834,1.105657
-525430,0.103427
1570201,0.859195
3014325,16.412636
38637216,1.817902
548862,0.000000
249196,0.055347
-1760160,0.000000
-42900528,1.305457
-54291968,0.315864
103149,0.000000
575537,19.727272
147237,0.115327
401992,0.135143
34866720,0.029727
1432674,0.000000
-3438304,0.014889
-5387016,0.000000
-68194592,0.048215
-76102400,0.000000
-9814,20.803745
1444384,8.793874
1246861,0.854953
-555092,0.000000
55429920,1.201201
5243076,0.000000
-23095,0.000000
-8749848,0.000000
-68739008,0.191060
-83942016,0.217277
-2187529,1.572657
5656624,2.985574
4017198,0.066868
-429266,7.502122
22472640,10.563235
7523280,0.000000
-8226032,0.026446
-9134304,0.000000
-45915248,0.017908
-71292672,0.955988
5585936,9.100353
8162912,1.780413
2827542,0.094975
-10304660,5.431746
-3154464,0.327600
5396328,0.000000
-18777536,0.174882
-5178576,0.000000
-45426528,0.000000
-26578880,0.653071
345150,8.701587
3854416,0.000000
6210954,0.860798
-1381334,0.665045
-807192,0.000000
3359934,0.000000
-11726176,0.004366
-2621712,0.000000
-4292534,0.191222
-9623200,0.000000
-5837574,10.128868
5098872,0.042658
-3754284,0.004475
-3001651,19.067900
24534576,9.762143
-187937,0.000000
-302345,0.182240
-1877118,0.000000
-10822192,1.275388
-8018344,2.236777
-2465899,21.268673
-248626,3.433463
571642,0.000000
6253692,0.553645
79128576,0.831601
6092928,0.000000
8434288,0.000379
-13858944,0.000000
-23662624,8.636937
-33535872,2.010659
-1447341,10.204607
2309852,20.456903
8698560,0.000000
10595324,17.599751
4811184,0.000000
1500012,0.000000
2147776,0.005959
-1456764,0.000000
-2671756,0.383291
-3873200,0.000000
279932,0.954955
580326,20.376545
2251392,0.000000
292023,3.764743
3587706,4.435942
2022462,0.000000
1472456,0.010865
-491282,0.000000
-4146364,0.981974
-3314300,0.000000
1156284,2.766276
1400234,2.573847
4294074,0.019558
-39506,0.000000
3720222,4.268742
1587087,0.000000
2078076,0.032327
-866763,0.000000
-4118048,0.792494
-2165740,2.422167
1372189,0.595764
961782,3.546135
4396410,0.019103
579805,0.000000
3590352,4.416331
1128492,0.000000
1027208,0.062266
-898029,0.000000
-3789198,0.000000
-1003562,0.267130
1353897,0.000000
1065310,0.051039
3604656,0.074515
490458,0.000000
23313744,10.790975
8447436,0.000000
-8204464,0.024956
9180624,0.000000
-65888768,0.792494
-13985440,0.382928
15321328,0.851516
26856576,0.000000
-1504428,0.753636
-18689480,3.764741
-35868416,0.005709
-21969344,8.838112
297028,2.890136
-17805728,2.903664
4770480,0.182123
598235,0.000000
574079,0.001394
-1831798,0.001747
-3080000,0.000000
-21326832,9.111941
-42104640,0.077765
-145705,0.089142
-41931,1.224942
-3757172,3.421851
8450284,1.646235
2334190,0.027411
442699,0.037935
-742663,0.000269
-677729,0.475793
-6549106,7.839056
-42586816,0.082886
1566133,8.283101
-16903,0.821452
-1841120,0.553107
17705752,0.840865
8788032,0.371486
-11699,0.000000
1011837,0.051365
-63339,0.063112
-792704,0.064547
-37774272,0.001355
4457208,0.000000
234535,0.221225
-5665624,0.009036
28017968,0.031056
12325280,0.000000
1395,0.711744
2235568,0.022897
-538159,0.473444
1093832,0.000000
-60731840,0.054768
16178672,0.816097
1578,0.000000
-9072136,1.424199
28256032,0.123065
13589744,0.255539
251915,0.053957
8232200,0.007774
-1727735,0.037029
881724,3.583192
-27083392,0.481626
21275840,9.099982
560217,0.392940
-9468320,1.449522
18862392,0.011535
11526688,1.124333
-694748,0.312229
11734256,0.004636
-1216235,0.052594
20915016,2.594328
3427264,0.014937
16788576,0.000000
1252351,2.598461
-5444848,0.037599
18660432,0.000000
4299640,0.768073
-42747,0.298542
5442360,0.000000
-2680785,0.476681
2731495,0.317641
-48022976,0.001066
-31132352,0.425773
1167208,2.772206
-27651424,0.007406
26249488,0.000000
-2486810,0.000000
-32988,0.000000
-18783408,0.057209
-957528,0.016707
-51859776,1.000854
-29316640,0.445101
-584043,0.111169
20143,2.709621
-1974378,0.000000
4466008,0.821497
1293391,2.630662
352613,0.729719
-363504,0.009077
-245782,0.000000
-12359000,0.264434
-86388736,0.037916
18955776,0.000000
-576484,0.005724
-14437760,0.955366
10047216,5.563183
5411728,2.364725
182156,0.350117
4098066,0.053265
-3740000,0.000000
-23208024,8.406049
-5210912,0.000000
4666704,0.000000
-146687,0.088546
-1524052,0.534641
1099014,0.246884
627290,0.000000
-32043,0.034317
1028559,0.053056
-968000,0.000000
-587204,1.798126
-4057932,0.202255
5757544,8.495728
-100497,0.160939
-516737,0.000000
1709266,0.632504
536772,0.000000
-134737,0.094910
2029199,0.006702
-1846425,0.010831
77846,0.000000
-4200788,0.194631
4935524,0.042126
-141408,0.479977
-902969,0.954728
1696432,0.510458
349222,2.848702
-156521,0.020440
1407815,0.009233
-1890425,0.010579
-1142530,0.000000
-4060128,0.201361
3377744,3.791659
-69608,0.925161
-911663,3.482683
1556537,0.000000
162456,0.314172
-153546,0.000000
1504963,0.000133
-1550360,0.041264
-966468,0.000000
-1760366,0.492010
1507357,8.231070
34929,0.370804
594687,1.463417
1696432,0.510458
141468,0.450362
-109501,0.029215
2370060,0.000000
40564,0.417342
2348813,1.798128
-553984,0.000000
21394464,9.597637
1149634,2.856095
-4044232,3.139220
21081360,2.574384
4249912,0.824411
-112594,0.113554
8107580,0.006413
-3423780,0.079381
5203232,2.457153
-29154816,0.447560
-54181,0.005537
-212221,3.716659
-5518070,8.831863
4785264,0.000000
-1584011,0.211671
495070,0.008483
-1135410,0.011272
-763330,21.362123
-9397068,0.369131
-29481472,0.477038
631710,0.428731
-86282,2.495197
-2839280,1.427580
9945056,0.000000
-5824928,2.868654
-13079,0.000000
1514619,2.150011
-87744,2.877889
-1052789,0.003039
-26251776,0.007801
1656028,0.000000
1212258,0.671228
-8813484,0.023322
15609792,0.000000
-8379536,0.000000
1568,0.190961
3386208,0.958416
-606930,21.256666
1451824,0.000000
-42099200,0.315209
6057912,0.042241
8196,0.000000
-13792284,3.675885
15756928,0.000000
-9080088,1.973297
281752,0.012066
12547088,0.325388
-2422760,1.662527
1211741,0.168728
-18390016,2.771913
8655200,0.471012
2885409,1.192237
-14388528,3.741243
10506848,0.000000
-7237584,8.682223
-778596,0.069821
17907744,0.194041
-1693640,2.361351
28464688,0.122164
2380288,0.085966
6237616,0.000000
6149564,7.884120
-8466216,0.097045
10393152,0.000000
-2771084,5.931149
-47901,0.066760
8321392,0.000000
-3017880,21.402006
3636474,0.014957
-33374720,0.006136
-11613792,0.022038
5708862,8.411284
-43015856,0.019115
14619968,0.000000
1690697,0.000000
-36879,0.000000
-28048224,2.394626
-1354900,0.750106
-69495680,0.047129
-23456768,2.717968
-12571696,0.001273
-2011625,0.000000
-11033904,0.297249
3638272,0.000000
1100,0.000000
28779,0.000000
-42168160,0.309869
19178880,4.292421
-61690016,0.004150
-59932672,0.218222
7042816,0.000000
-2992863,0.017104
-22120128,2.465819
5925568,0.000000
-3080232,18.260675
204201,0.078293
6129524,2.229531
-5331200,0.000000
-33497488,0.395830
-3621632,0.000000
1733864,0.000000
-760252,0.268661
-2351014,1.379918
613624,0.000000
-426473,0.000000
-35832,0.008372
1538562,2.220773
-1379840,0.000000
-792984,0.084671
-2793120,1.164042
2327484,0.439736
-520078,0.489823
-803954,0.000000
958056,0.000000
-364934,0.000000
-150743,0.021224
3094158,0.280515
-2619480,0.486270
103324,0.000000
-2892512,1.120166
1834474,0.002180
-727005,1.457390
-1383456,2.464171
949696,0.000000
-190627,21.997898
-175014,0.004571
2144434,0.386482
-2682200,0.474954
-1516460,0.000000
-2794752,1.158895
1301864,0.196255
-354548,2.807110
-1337475,8.988869
866932,0.000000
-108109,2.426059
-171660,0.000000
2300970,0.005563
-2169920,1.852656
-1282776,0.000000
-1194704,2.831674
607674,0.426038
179984,1.125077
903506,3.777109
949696,0.000000
-93255,3.477721
-122446,0.006533
3623832,0.000000
47185,18.737621
3171934,0.084671
-385024,0.000000
8749104,0.496771
5612120,8.665820
-5969724,8.102388
12051776,0.000000
-2727916,6.366196
-125988,0.025393
12364040,0.268445
-4710240,3.564058
7071936,0.115704
-226540,0.000000
642637,0.495481
835439,0.971041
-3638271,4.338220
4982560,0.000000
-1407448,0.758144
10442,0.000000
979247,0.000000
184440,18.172138
-779463,0.066668
21486128,0.010275
1130533,0.192106
-36038,5.773153
-1241280,3.242704
10242816,0.343720
-1843160,0.449370
-42717,0.000000
1440995,0.180106
179399,1.216900
-978285,0.000000
19044464,0.000168
2956664,0.000000
519296,1.553021
-3924208,0.052976
16130560,0.012695
-2587068,0.000000
5088,0.838043
3186032,0.080286
1410141,8.988225
1349040,0.000000
30633200,0.006790
10818288,0.018927
3542,0.000000
-5844784,8.349662
16276480,0.050305
-2850946,0.309114
919808,0.062800
11736616,0.027258
4917764,0.702987
1127857,0.000000
13712224,0.059707
15493312,0.211051
1227328,2.758481
-6091712,8.498120
10858240,0.004715
-2413676,1.360057
-2535624,0.363397
16730800,0.016255
3452084,0.998480
26481840,0.000000
-1728112,0.001852
11136608,0.000000
2359040,18.241505
-3766048,0.220434
10741248,0.000000
-901027,0.929105
-156015,0.347473
7760664,0.000000
7019964,9.049681
3379530,0.000000
24211440,0.000132
-20737728,0.009875
2169728,19.461206
-19153856,0.043419
15109632,0.000000
521979,0.000000
-120456,0.000000
-26746224,0.200597
2735506,0.317177
-64606080,0.000000
17480672,0.058545
-22445600,0.000570
-869440,0.000000
-4895680,0.675193
3760128,0.000000
339,0.000000
94001,0.000000
-39438704,0.025958
-39551424,1.815019
-57324960,0.000000
-1267742,0.000000
-4486704,0.182251
-37656,18.998451
-667826,20.195358
3673216,0.013937
-245973,3.321240
417722,0.130061
2295758,0.006969
-28064096,9.054302
-5373060,0.000000
2627128,0.000000
3095632,0.000000
-327424,0.621601
-1028472,3.134442
633536,0.100918
-131668,0.000000
-117001,0.037592
1464747,0.186034
2773760,0.000000
-737468,0.000000
2049475,0.025073
4165608,0.197037
-223328,1.133305
-358067,0.000000
987584,0.258548
-112669,0.000000
-491926,0.110464
2893099,0.023499
5280540,0.205616
96009,0.000000
2121483,0.024128
3275300,0.000977
-308112,3.371970
-596374,5.597292
979456,0.208659
-72851,3.445945
-571529,0.023790
2007043,0.032375
5406620,0.200831
-1409100,0.000000
2050568,0.024962
2326864,0.087938
-147424,6.494824
-520882,20.417953
895968,0.000000
-34078,0.380028
-560684,0.000000
2146031,0.000466
4409504,0.783382
-1191960,0.000000
891348,0.060994
1087501,0.190899
76628,2.603081
382322,8.579586
979456,0.208659
-29667,0.543096
-399830,0.034003
3379644,0.000000
-107475,7.923032
2949870,0.000000
279296,0.000000
15663648,0.222593
2123264,20.050125
-2360752,18.404331
12324352,1.052329
-890499,0.997255
-411068,0.132163
11559340,0.022488
9670512,1.507036
6578880,0.000000
164331,0.000000
1150515,0.222015
356432,2.246698
-1526988,9.854136
5116672,0.636341
-437330,0.118762
34106,0.000000
913261,0.000000
-418284,7.683955
-724763,0.000000
4054290,0.050489
549068,0.093526
1523904,10.170898
-1136348,0.045740
4632448,0.044190
-196357,0.264124
886446,0.000000
4668332,0.054808
-21774192,0.674970
-3083850,0.000000
-913040,0.000000
722252,0.022425
-894940,0.014301
6121856,0.000000
-2282428,0.452199
374206,0.000000
3520042,1.150238
1746080,0.000000
-5480200,0.000584
-6677708,2.431288
-913040,0.000000
722252,0.022425
-894940,0.014301
6121856,0.000000
-2282428,0.452199
374206,0.000000
3520042,1.150238
1746080,0.000000
-5480200,0.000584
-6677708,2.431288
30229792,1.704775
-40358,0.126210
-22982,0.596886
4383184,0.000000
-5667744,3.016016
318797,0.042956
1675597,2.415278
-88130,0.000000
834405,0.000000
11596272,0.070594
90124288,0.145223
1310032,0.000000
643762,0.001243
32361472,0.000000
-10987328,20.424492
1330318,0.038472
873403,1.158839
994000,0.000000
12696960,0.000000
23195632,2.244089
5442080,0.000000
322515,0.000000
163912,0.019519
3401632,0.000000
-1416872,0.906400
150612,0.000000
-154778,0.108425
249480,0.000000
3286272,0.000000
557276,0.480031
4213644,0.774654
393212,9.574424
112361,0.035587
1147172,0.000000
-2180568,2.322156
128879,0.000000
-649892,0.314139
491960,0.000000
6268964,0.002552
-72901,0.000000
4362932,0.745456
341075,0.047474
158497,0.105883
2023944,0.000000
-2171456,1.874078
86267,0.046346
-756267,0.067655
341320,0.000000
6418340,0.002493
1069940,0.000000
4216032,0.771230
232267,4.273085
78293,0.203944
2096952,0.000000
-2020076,0.000000
39126,0.005111
-742243,0.000000
364840,0.000000
5264992,0.009724
905064,0.000000
123948416,1.670195
5863520,3.415650
-918252,0.000000
64203776,0.000000
-47958656,18.413860
4974970,0.041149
7021928,2.419119
7069440,0.000000
14946936,0.000000
49093184,0.266275
5414448,0.009455
639539,0.000000
-167979,0.001191
2128048,0.000000
-5027160,0.205815
446079,0.007846
-408418,2.094191
1212960,0.000000
4269172,0.047949
920338,0.055601
32254752,1.599461
-234949,4.494606
-36010,0.022211
10318464,0.000000
-2992280,19.068598
11850,0.000000
49586,1.037800
-2515520,0.000000
1254525,0.000000
17038640,0.060063
115870336,1.886750
-2719914,0.000000
1710648,0.000000
94315520,0.000000
-2672092,1.528322
93730,0.000000
903025,0.000000
-6979840,0.000000
53289760,0.000240
78471488,0.208354
6886152,0.620681
-277987,0.923804
215694,0.000000
5662176,0.000000
-648120,6.013991
-130577,0.001532
-621986,0.000000
-479920,0.000000
7106804,0.036009
6750428,2.369593
4849960,0.000000
-331091,0.048905
98720,0.644122
4253392,0.000000
-666395,19.931681
-248271,0.003222
-1202565,0.000000
-380240,0.000000
2693436,0.000000
5812428,2.247404
3903740,0.212676
-527208,0.000000
43521,0.000000
3553056,0.000000
-38100,21.717690
-317546,0.042810
-950471,0.013465
-766640,0.000000
89056,0.000000
6590028,2.106761
6761640,0.602123
-363324,10.816225
223138,0.003585
2887872,0.000000
163433,20.239622
-248450,0.003220
-467371,0.000000
-995680,0.000000
-164110,0.000000
8601368,0.409045
84840,0.000000
3073420,0.000260
6634712,0.493370
3540384,0.014460
1682207,0.123494
3246784,0.000000
5694622,10.320659
2598851,0.000077
686203,0.000000
-2022538,0.128386
-2333392,18.346632
-171909,0.001745
136756,20.593187
2535244,0.000000
4257640,0.823666
2208112,20.204567
2398327,21.671398
-131164,0.006861
-104480,0.000000
3433576,0.003728
-8255488,1.562882
5573376,0.000000
-4793564,0.042872
18709248,0.046501
9577168,5.577877
9449728,18.162066
1411873,10.397833
1478916,0.036905
-1589840,0.000000
7012712,0.118501
-505680,0.000000
1372104,0.000000
-1213040,0.673401
1967000,0.026023
1047754,0.247536
1306784,0.000000
-273612,0.972856
371187,0.036895
-411488,0.000000
165648,0.025349
-361694,8.336755
1847948,0.111135
-827026,1.227747
663527,0.000000
1629526,0.634175
1118216,0.000000
-1129772,2.818656
732195,0.004643
-784984,0.000000
-21571,0.000000
-375682,8.022525
1451746,0.000551
-1138767,3.652968
1170110,0.046470
1617296,0.511806
585000,21.879173
-1341297,0.607045
507985,0.006496
-803688,0.000000
316590,0.000000
-362032,8.299898
