-233472
-155648
33792
22528
-1638400
-409600
-1126400
-184320
-122880
-1507328
-376832
-1036288
798720
1064960
755712
1007616
1204224
1605632
200704
3144704
747520
149504
-344064
-491520
-98304
-11231232
-851968
674816
172032
824320
942080
2237440
163840
163840
408576
466944
1108992
-933888
-2048000
-425984
-950272
1703936
-26624
-20480
-102656
-255616
-1597440
-2768896

-2639616
660480
1144832
748544
825792
292864
225280
260864
640896
463616
-372736
-286720
-519680
-1284864
-777728
-114688
2842624
1011712
1507328
-2022400
-2033152
480256
651776
-393216
-294912
53248
79872
1024
8192
1536
-53248
-79872
5.561862

802816
224256
3144704
-147456
-344064
-393216
-1703936
-425984
344064
86016
2472960
327680
81920
933888
233472
-642048
-75264
-522240
-678912
-491520
-638976
138240
179712
-419840
-545792
-419840
636672
122880
-221440
-308672
-344064
597312
851968
106496
851968
159744
9572352
942080
188416
282624
-1273344
-1070080
-214016
-321024
240128
343040
68608
102912
-55296
-745472
-93184
-745472
-139776
-200704
-200704
-401408
-100352
98304
233472
258048
-98304
-233472
-258048
638976
795648
262144
524288
131072
-147456
-92160
262144
180224
49152
-73728
-46080
1884160
1177600
-131072
-81920
-1277952
-900608
-2749440
-426496
-570528
-226912
-783360
-1357824
-887808
-918464
-310848
-9650176
-36929536
-835584
-2808832
-1459200
138240
388064
583872
186368
220224
525728
667200
198656
684288
580224
614912
718976
184320
276480
2778112
1833472
2148352
-873472
-331520
-225280
-929664
-1746048
-1644992
-1868544
-462400
-312320
-2594304
-1963776
-2173952
-2804480
-516096
-774144
653472
-3023328
-1264640
-1110528
-622592
-622592
729088
729088
688128
688128
215040
245760
583680
-114688
-114688
1179648
1310720
196608
-196608
1277952
-2031616
-971776
-747520
-289920
-687424
-30720
-53248
-34816
-391808
2895872
9773056
905216
1831168
1177600
381312
894400
1441152
-106496
-81920
-476160
-1186304
-549888
-32768
-2560000
-2369536
-2433024
5249536
4866304
4994048
-1084672
-14624768
-13263872
-13717504
-15078400
514368
364320
414336
564384
-688512
-754304
-785088
-857856
-363840
215040
1130880
1341696
1521792
-315392
-782080
-915968
-1004800
-829696
-281088
-2052288
-1644992
-1991040
-1623552
-387072
-2804480
-1920768
-2594304
-1388032
-1867680
-2703808
-3023328
-2763104
-1607456
-1478656
-1634304
1731584
1913856
1376256
344064
645120
491520
-301056
-229376
266240
5632
1536
-292864
-79872
416768
113664
568320
98304
11501568
-431936
-216768
542720
65536
-18432
1497216
-915968
-1041280
-30720
-2643968
-196608
-294912
362240
61440
86016
279552
419328
209664
248320
871936
923040
580224
418688
142208
888832
2577408
1089536
1269120
1420288
-2571264
-778240
-3061248
-2344448
-3023328
-1245184
-856064
-233472
1458176
911360
1376256
946176
258048
337920
92160
-157696
-43008
1105920
1916928
1253376
1202688
382464
1753088
4227072
1392640
1704960
646144
675840
1171456
765952
919296
344320
-81920
-132096
-326144
-205824
-32768
-472960
-1117376
-1643392
-520192
4382464
-341184
-407296
-605632
-55296
-82944
1341440
797696
978944
1522688
98304
147456
-269760
-170592
-203648
-302816
-27648
-41472
1971072
1985088
2116864
658880
588800
-3208192
-2909696
-3667968
-1169920
-40960
-1212416
-1546240
-2330624
-2623488
-2369536
-1304832
-116736
-1935360
-2306048
-2643968
-1423360
-714752
-419840
485120
576000
654592
389376
219904
109312
971936
805920
936256
722176
773184
885248
1450592
1787840
1425152
958656
943616
718976
718976
545536
545536
718976
430080
368640
3092992
3092992
1518592
1518592
3092992
802816
688128
1707584
1876032
2000064
2248128
1769600
286272
-961024
-981504
-1674752
-2804480
-1204224
-1032192
551136
653472
858144
586176
147936
492544
378880
211584
510016
-1958400
-3394560
-2219520
-1681760
3387392
10625024
1462272
1546496
399360
307200
409344
1008000
685824
-186368
-143360
-112384
-273792
-241408
-57344
1612800
1377792
1456128
2889728
2407424
2568192
913920
867840
930048
1037312
-420864
-898048
-820736
-1013760
-309760
-5275776
-4956480
-5062912
-5382208
-2877440
304128
4501376
3467648
4382464
188928
4806080
3627712
4680576
-236544
-596800
-699264
-767936
-628416
-660480
-536000
-1157760
-1366848
-1132608
-301760
-200448
-1053984
-823968
-1002048
-690432
-846144
-1531520
-1531520
-505600
-1052672
-796672
-813056
-1423360
298496
250624
256768
389376
654592
971936
971936
793536
793536
971936
1848288
1848288
1546048
1546048
1848288
491520
92160
61440
157568
718976
599552
130816
114688
114688
917504
2062336
2778112
2605568
458240
149504
149504
1196032
1818880
2186112
1481664
248896
-81920
-81920
-655360
-1959936
-2714624
-2713088
-449024
-1328128
-246784
-1974272
-2512000
-2958272
-1843424
-373536
-2698048
-1576704
-588032
1161344
364544
344064
1320192
-473344
1691136
442368
663552
1008640
409600
1097728
270336
405504
202752
-40960
-581632
-391680
-1170432
-585216
-5382208
3668992
1524480
1284096
650304
927808
-457280
-153152
-525952
-257728
-510848
-207840
-705216
-720096
-1531520
-502528
-223616
-98304
-18432
-12288
-2643968
-1101824
-403456
-524288
-98304
-65536
654592
172032
147456
24576
24576
196608
770240
175456
93184
93184
745472
795008
209440
148992
99328
259104
1848288
407808
718976
369152
491520
2262016
3092992
1689600
917504
1938048
1814016
1495040
-3061248
-1693696
-491520
-2567936
-2467840
-953280
-1565184
-1494528
-1599744
-1782784
-915200
-389120
1296768
1571456
1605312
1730304
624960
455680
1494528
4194816
3747584
4434944
815360
430080
1519872
998016
1171968
1693824
184320
276480
-347776
-389632
-515200
-86016
-129024
331776
1691136
1340928
1612800
1142784
1354752
1400832
1827840
2676736
3050496
2407424
1184768
578560
986880
1161728
1291520
952576
647936
242432
-1187328
-820736
-1129472
-782336
-445440
-155648
-4367168
-5275776
-4637184
-2199168
-2470912
4501376
4501376
3906816
3906816
4501376
3043328
811008
4806080
4806080
4178560
4178560
4806080
3209216
503808
-541760
-558656
-628416
-767936
-576640
-136256
-874688
-1015488
-1132608
-1366848
-933248
-116928
-1053984
-794304
-794304
-1053984
-623616
-534528
-906752
-1326336
-1479296
-220544
-505600
-95232
-122880
-1679360
-2338816
-2365440
-387072
-1118208
-507904
-655360
654592
449536
157184
477696
654592
357376
971936
841600
164544
516928
971936
492160
1787840
1295072
184608
1546048
1425152
993280
315648
249728
130816
599552
718976
2089984
716288
744448
2119680
3092992
764800
1109568
273536
1893632
2248128
-2672128
-2019840
-512000
-3061248
-491520
-1713312
-1542400
-3023328
-1480704
-350208
-2215168
-1599744
-2071040
410112
1968576
1605312
1889152
2699264
1675520
4064768
4795136
4314880
215040
1253760
1489152
1693824
998016
557952
-64512
-515200
-340608
-473344
-222208
-423168
1691136
1691136
1299456
1558528
1913856
2085888
2407424
777728
760576
783104
952576
1291520
-1187328
-1187328
-898048
-898048
-1187328
-5382208
-5382208
-4850048
-4850048
-5382208
1081344
202752
135168
389248
4501376
3586560
372992
83968
83968
671744
3711232
4680576
3793856
230464
-67584
-67584
-540672
-612608
-733056
-480704
-119360
-38912
-38912
-311296
-1030912
-1308288
-1070400
-107200
-1074048
-89088
-712704
-831360
-1002048
-675360
-163296
-794304
-98304
-73728
-1473152
-1068928
-524288
-1945600
-534528
-675840
440832
152320
157184
377152
361824
164544
595968
1245408
1174176
620800
61440
491520
61440
337920
917504
114688
229376
401408
1196032
149504
822272
972800
-81920
-163840
-286720
-1224192
-246784
-493568
-1388032
-750432
-1638656
-1116928
-416512
1412608
1570176
1731584
1752576
1634304
1412352
583680
1693824
-272384
-515200
1299456
1691136
1032192
884736
147456
147456
1179648
3050496
1671168
983040
163840
163840
1310720
845312
219904
720896
135168
90112
264960
-638976
-98304
-24576
-16384
-90624
-3917824
-1560576
-260096
-2080768
-4343552
287872
3906816
3668992
1351680
1081344
4178560
3927552
839680
503808
-767936
-392960
-405504
-956928
-389120
-550528
-541824
-534528
-630816
-912896
-1531520
-12288
-98304
-409600
-2643968
-393216
-524288
153600
654592
147456
24576
971936
559104
93184
1848288
595968
99328
198656
242304
718976
122880
61440
122880
1202688
3092992
229376
114688
229376
522432
2248128
299008
149504
299008
1570816
-3061248
-163840
-81920
-163840
-573440
-3023328
-246784
-493568
-2251776
-2215168
-2215168
-1494528
-1494528
-2215168
-1089536
-933888
1968576
1968576
1571456
1571456
1968576
1275904
1093632
3507456
4074752
4314880
4795136
3627520
378112
634752
650112
998016
1693824
808704
266112
-515200
-305920
-305920
-515200
-200704
-172032
1345536
1612800
1064448
262656
1299456
1142784
1474560
2314240
2889728
2223104
365568
2246656
1925120
1638400
1291520
1014784
259584
801280
1291520
676864
-1187328
-878592
-132096
-924672
-1187328
-948224
-5275776
-3752512
-431552
-4850048
-4637184
-2600960
1474304
2689152
372992
3586560
4501376
1555328
3040832
334976
3753216
4806080
-327552
-271424
-137344
-646400
-767936
-1050944
-953280
-243200
-1366848
-233472
-571488
-556800
-1053984
-534528
-24576
-43008
-643200
-1531520
-24576
-131072
-229376
-1062912
-2643968
-131072
49152
86016
254208
654592
49152
512512
279552
841600
971936
546304
822272
1511040
1848288
430080
61440
718976
649600
307200
516096
744448
3092992
573440
672768
273536
2248128
747520
-368640
-775168
-3061248
-409600
-1110528
-376896
-3023328
-1233920
-1245184
-233472
-155648
-455424
-2215168
-1743872
-443904
182272
182272
1458176
1593600
1889152
1193920
307264
172032
172032
1376256
3781632
4675072
3539712
335104
61440
61440
491520
1125888
1519872
1432704
250752
824064
-28672
-229376
-368128
-473344
-393344
-77696
-305920
1179648
884736
990720
907776
1310720
1382400
1258496
485376
666112
400128
259584
-506880
-639488
-132096
-1560576
-3622464
-3539648
-1625600
135168
1081344
135168
743424
671744
83968
167936
2915328
-540672
-67584
-371712
-202752
-38912
-77824
-660480
-263232
-89088
-178176
-311808
-356256
-98304
-18432
-24576
-55296
-524288
-98304
-131072
-294912
196608
36864
49152
110592
745472
139776
186368
419328
164544
148992
198656
446976
220224
491520
92160
92160
399360
917504
172032
172032
745472
344064
149504
149504
149504
822272
897024
-122880
-122880
-532480
-245760
-1285632
-246784
-246784
-1357312
-1480704
-3023328
-1370624
-2215168
-1160192
-1245184
1068928
1968576
1001216
1458176
4194816
3954688
1720320
1693824
926208
368640
-222208
-286720
-301312
921600
1691136
884736
1179648
147456
2396160
3050496
1310720
163840
1014784
1291520
720896
-878592
-1187328
-131072
-16384
-5382208
-2080768
-260096
2502656
3586560
4501376
1081344
202752
270336
3753216
4806080
671744
125952
167936
-646400
-767936
-540672
-101376
-135168
-1050368
-1366848
-311296
-58368
-77824
-1053984
-178176
-133632
-178176
-422656
-1531520
-61440
-98304
-18432
-675840
-2643968
-327680
-524288
-98304
-98304
654592
521984
122880
24576
24576
24576
971936
465920
93184
93184
93184
1727392
496640
99328
99328
184320
288384
684288
460800
491520
491520
1288704
2778112
860160
917504
917504
1158848
2186112
1645568
1196032
1196032
-3061248
-634880
-491520
-655360
-2958272
-2375168
-1974272
-933888
-1475840
-1265408
-972800
-2215168
-933888
1102784
1035072
1139200
1968576
1093632
3453696
3299584
1075200
4795136
1032192
388992
409344
1156608
1693824
-142208
-112384
-382464
-515200
147456
811008
442368
1419264
1691136
163840
901120
1015808
2396160
3050496
90112
495616
270336
1014784
1291520
-32768
-581632
-210432
-1187328
-32768
-3007488
-904512
-5382208
-520192
608256
372992
4501376
675840
3209216
83968
4806080
4555072
419840
-67584
-767936
-698176
-337920
-38912
-1366848
-1249728
-194560
-89088
-1053984
-950112
-445440
-12288
-67584
-73728
-1531520
-95232
-73728
-425984
-196608
-1112064
-2338816
-491520
159744
73728
272640
588288
184320
605696
279552
386592
936256
698880
546304
595968
1848288
1425152
595968
491520
184320
522240
703616
564864
917504
344064
974848
3064320
1804800
373760
822272
990720
2248128
971776
-245760
-696320
-3040768
-1654272
-616960
-1357312
-1550080
-3023328
-1604096
-1245184
-155648
-311296
-544768
1458176
182272
1002496
546816
172032
344064
2699264
491520
61440
337920
184320
-229376
-28672
-157696
-86016
-382464
147456
294912
1032192
147456
163840
327680
1671168
163840
90112
180224
630784
90112
-16384
-32768
-638976
-16384
-260096
-520192
-3917824
-260096
-5382208
135168
135168
135168
743424
83968
83968
83968
461824
-540672
-101376
-101376
-439296
-202752
-38912
-38912
-38912
-214016
-233472
-133632
-133632
-579072
-267264
-423072
-98304
-98304
-98304
-36864
-524288
-524288
-524288
-196608
196608
196608
61440
135168
745472
745472
279552
792064
794624
248320
546304
702208
92160
61440
122880
196224
327040
114688
229376
630784
2204672
286720
149504
299008
410304
683840
373760
-81920
-163840
-1162752
-1937920
-204800
-2694144
-493568
-1357312
-1200064
-616960
-5181952
-2765504
-782592
-2215168
-311296
-155648
-311296
648384
1968576
364544
182272
364544
747264
4795136
344064
172032
344064
3301376
1693824
122880
61440
122880
430080
-515200
-28672
-57344
-200704
1691136
1534464
737280
147456
147456
3050496
2728960
819200
163840
163840
259584
1291520
450560
720896
135168
135168
-1187328
-1071616
-81920
-24576
-24576
-5382208
-1300480
-390144
-390144
-1690624
811008
4501376
3668992
811008
1081344
503808
4806080
3927552
503808
671744
671744
-767936
-523776
-405504
-540672
-540672
-1308288
-816128
-311296
-311296
-690432
-534528
-712704
-70656
-1531520
-79872
-12288
-24576
-376832
-2643968
-425984
-65536
-131072
648448
383232
24576
49152
971936
605696
186368
512512
1450592
99328
198656
153600
668928
718976
276480
491520
215040
583680
2749440
3092992
516096
917504
860160
1288704
2017664
971776
1196032
1645568
1158848
-2694144
-532480
-655360
-614400
-1285632
-2530304
-1604096
-1974272
-2375168
-1459808
-1747648
-1089536
-155648
-2215168
-1926912
-778240
820224
341120
1968576
911360
774144
412160
4795136
860160
276480
409344
1693824
307200
-129024
-112384
-515200
-143360
221184
958464
442368
677376
1612800
1105920
163840
901120
983040
3050496
1925120
983040
495616
540672
1291520
698368
540672
-90112
-98304
-1187328
-782336
-98304
-2877440
-3196736
-5275776
-4047872
1081344
337920
743424
1301504
4501376
878592
209920
461824
1138176
4806080
545792
-202752
-574464
-751040
-611520
-97280
-214016
-354816
-1366848
-252928
-267264
-757248
-1031712
-823968
-24576
-633984
-1056640
-30720
-1323264
-1531520
-55296
-1013760
-1689600
-163840
-2322432
-2643968
-294912
235776
392960
61440
582144
654592
110592
470336
232960
1164800
912960
605696
330336
550560
248320
1631936
1848288
446976
427136
526720
649600
596096
534144
614912
552960
2548224
2233856
2463232
2863616
1747456
2148352
1032192
1194368
1918272
2062080
1362816
1831616
1095808
1047552
-2327040
-2021376
-2550784
-1654272
-1225728
-286720
-2893216
-2005472
-2446944
-2828160
-2221056
-1245184
-233472
-233472
-1011712
1458176
273408
273408
1184768
546816
172032
172032
172032
946176
1032192
92160
92160
399360
184320
706176
-28672
-28672
-157696
-172032
-515200
1179648
1179648
368640
811008
1310720
1310720
409600
901120
720896
720896
270336
765952
-131072
-40960
-90112
-225280
-2080768
-2877440
-2210816
-4792896
135168
270336
743424
1609472
337920
83968
167936
502464
837440
209920
-135168
-371712
-395136
-168960
-844800
-77824
-214016
-589440
-97280
-2583552
-89088
-178176
-289440
-482400
-222720
-979776
-24576
-98304
-92160
-652416
-1298688
-1115008
-915968
-524288
-229376
-622592
-2332672
-1902592
-2033664
-2512896
196608
184320
272640
532992
509696
455680
539136
745472
698880
386592
726592
853984
864896
749888
805920
871936
943616
1245408
1004448
1727392
1125344
1400928
1666944
61440
387968
718976
718976
718976
530176
229376
1947136
3064320
1489920
2119680
3092992
1833472
149504
1052736
2248128
2248128
2248128
1769600
2248128
-81920
-817664
-3061248
-3061248
-3061248
-1307648
-3061248
-3061248
-1651616
-2830560
-2505280
-2635392
-3023328
-2763104
-2375168
-3023328
-933888
-2215168
-1206272
-933888
-1245184
1093632
1968576
1412608
1093632
1458176
1458176
4795136
3954688
1032192
1376256
1376256
1519872
460800
491520
491520
-222208
-172032
-229376
847872
1691136
958464
147456
294912
1073152
3050496
1064960
163840
327680
1268992
930048
90112
180224
-1187328
-106496
-32768
-90112
-4367168
-260096
-520192
337920
3824384
4501376
608256
1081344
2570240
1284096
4004224
4806080
377856
671744
3251200
3249856
-716160
-439296
-540672
-506880
-307392
-1167488
-252928
-311296
-816128
-816704
-565376
-579072
-712704
-668160
-423072
-801600
-1301760
-707712
-490240
-43008
-12288
-275840
-1374208
-1728512
-589824
-131072
-1738752
-2627584
383232
292352
86016
411392
648448
316928
677056
326144
481248
948640
770240
766528
871936
1149344
1692384
1390144
1511040
460800
718976
369152
61440
718976
718976
3092992
1403904
516096
3092992
3092992
2248128
1264256
672768
2248128
2248128
2079680
-1246208
-368640
-3061248
-3061248
-3040768
-1926976
-1110528
-3023328
-3023328
-2830560
-1864320
-1245184
-466944
-1323008
-2176256
-1599744
1458176
546816
1549312
1923008
1605312
430080
946176
1513472
4795136
1118208
184320
522240
1678464
982656
-71680
-157696
-164864
-515200
-186368
811008
875520
368640
1843200
1575936
958464
901120
1546240
409600
4145152
2717696
1064960
495616
756224
225280
1126400
1184256
585728
-198144
-330240
-40960
-994304
-1187328
-73728
-1878144
-650240
-11639808
-4686464
-1690624
2859392
1456896
3671680
4144640
2014976
3467648
1116416
2570240
1214848
3857728
4429568
1891200
3627712
796800
2915328
-563008
-698176
-632768
-577728
-663296
-608256
-647616
-1249728
-764736
-972352
-1191168
-350208
-905568
-898176
-823872
-823968
-682944
-311808
-502528
-912896
-1531520
-710784
-92160
-1531520
-866816
-1101824
-1712128
-2643968
-1423360
-491520
-2643968
-1466368
654592
654592
316928
654592
654592
298496
110592
971936
770240
971936
971936
700352
419328
1848288
1606496
1269248
1848288
1269632
718976
603520
530176
718976
476160
649600
718976
391936
3064320
2004992
1518592
3092992
3092992
1203712
1804800
688128
1219840
1938048
2248128
2248128
1876032
1831616
897024
-1307648
-3061248
-634880
-2368000
-3061248
-1123328
-2505280
-3023328
-2567936
-2893216
-3023328
-1425728
-233472
-155648
-311296
-665856
-1109760
182272
364544
1002496
977792
455680
172032
344064
618240
1030400
430080
61440
122880
614016
1023360
153600
1504512
-57344
-157696
-329984
-71680
-358400
-466176
1179648
516096
1400832
990720
1239552
1534464
1396224
1310720
1753088
1498112
1865728
2515968
2568192
2037760
315392
856064
863488
941824
1122048
1111296
884992
-581632
-155648
-978432
-514560
-1071616
-630272
-812544
-2080768
-4047872
-3196736
-2069120
-4515008
-5062912
-2658432
-4367168
270336
3131008
3943296
3348736
3586560
4501376
4025728
83968
1263680
4806080
4806080
4806080
3502208
4806080
-394048
-751040
-576640
-646400
-767936
-628416
-506880
-943552
-1226048
-933248
-1050368
-1366848
-1132608
-816128
-89088
-564192
-1053984
-1053984
-1053984
-772032
-1053984
-1053984
-12288
-1531520
-1531520
-1528448
-900608
-505600
-1531520
-2643968
-2643968
-2627584
-1646592
-1118208
-2643968
556288
377088
654592
503552
316928
654592
190464
599200
782624
971936
830688
770240
971936
722176
900576
1848288
1848288
1692384
887424
1546048
1848288
1848288
1485600
276480
718976
480128
327040
507392
718976
630784
2463232
3092992
1346560
1746432
2720768
1747456
672768
2248128
1670208
683840
1145088
2248128
1980288
-368640
-3061248
-940544
-1937920
-1878016
-3061248
-2673664
-1999360
-3023328
-2378528
-942240
-1740928
-3023328
-2703808
-1651616
-389120
-2032128
-2215168
-700416
-1245184
-544768
-1478656
1843584
1968576
820224
1458176
1367040
785088
4107776
1118208
1376256
3387392
2973440
1504512
399360
491520
460800
706176
1381632
-186368
-229376
-215040
-211584
-408832
1317888
1340928
1115136
516096
147456
926208
2153472
2568192
1474560
327680
1860608
2878464
930048
755200
315392
716544
1268992
845312
-222208
-581632
-866816
-1052160
-762880
-1903488
-3007488
-3474624
-4792896
-4260736
-4473600
3110912
4501376
3603968
135168
4501376
4501376
4806080
1473152
377856
4806080
4806080
-767936
-525952
-304128
-767936
-767936
-751040
-510848
-175104
-1366848
-1366848
-1226048
-705216
-400896
-1053984
-1053984
-1031712
-786816
-1531520
-300416
-707712
-73728
-55296
-1531520
-294272
-2033664
-2643968
-954368
-360448
-2033664
-2643968
-1019904
256768
383232
147456
521984
654592
286208
757856
805920
559104
900576
971936
653760
1848288
642368
1727392
1848288
741696
451232
469248
403328
460800
476672
675840
634240
684288
2376704
1003008
860160
1890304
917504
1804800
3092992
1320256
2248128
2248128
2168832
1955648
2186112
1202240
-838144
-614400
-1837056
-2347520
-2714624
-899584
-1266688
-2375168
-1617536
-2570336
-3023328
-2508640
-1929376
-1475840
-1615616
-1926912
-1903872
-1521920
-1782784
-1400832
1102784
1445184
1809728
1604032
1514176
1730304
1640448
1666560
3944704
4434944
2233856
3747584
1358336
2699264
1315200
1171968
1396992
982656
747264
215040
-431488
-457856
-326272
-389632
-258048
1691136
1691136
1691136
1262592
1691136
1691136
1152000
663552
3050496
3050496
2074624
3050496
3050496
1558528
737280
1014784
1291520
952576
675840
1291520
676864
-878592
-1187328
-955904
-647168
-1187328
-948224
-5382208
-4260736
-5382208
-5382208
-2492800
-1170432
3943296
1354240
3906816
4501376
4501376
3787904
3467648
811008
3836736
3502208
4806080
3927552
4555072
4806080
691840
-647488
-576640
-767936
-523776
-698176
-767936
-424576
-487168
-1074048
-1366848
-1366848
-1015488
-991808
-233472
-794304
-1053984
-1053984
-742368
-823968
-534528
-1056640
-894464
-1531520
-1320192
-1065856
-1531520
-1531520
-1689600
-1613824
-2643968
-2306048
-1738752
-2643968
-2643968
368384
576000
370944
502272
213760
184320
400384
701824
971936
889664
481248
971936
971936
837760
1848288
1607104
1149344
1848288
1848288
449408
499456
599552
718976
311680
546048
688256
1776128
2319872
1833472
3035648
1146880
3064320
1804800
1281856
2000064
2042304
1495040
2079680
1831616
-2000896
-3061248
-1917440
-2530304
-3020288
-2635392
-3023328
-880544
-1747648
-2768864
-311296
-1226496
-2176256
-1455616
-1743872
-2215168
-1638656
182272
1127488
1968576
1968576
1968576
1525888
1968576
3256576
4227840
3627520
3867648
4795136
4314880
3387392
1069440
1678464
808704
1156608
1693824
998016
460800
-28672
-206720
-515200
-515200
-515200
-298752
-515200
-515200
147456
1691136
1691136
1654272
1271808
1299456
1691136
3050496
3050496
2878464
1708032
2246656
3050496
931072
907520
1291520
1054464
845312
1291520
698368
-1121792
-816640
-1187328
-928256
-762880
-1187328
-782336
-1071616
-5382208
-5382208
-4792896
-2116352
-4850048
-5382208
-5382208
-4743616
608256
4501376
3196032
932480
1286656
4501376
461824
4555072
4806080
775808
753472
3983232
3585728
-304128
-767936
-524864
-343360
-545024
-767936
-699264
-175104
-1366848
-864960
-390080
-467712
-1366848
-1157760
-943552
-1053984
-697824
-482400
-742272
-1053984
-957504
-549216
-36864
-98304
-707712
-1531520
-704640
-1105792
-710784
-1525376
-524288
-1406976
-2643968
-1390592
-1951744
-1423360
-2611200
270336
515840
588288
232192
304640
449536
654592
386816
877280
936256
664672
723648
841600
971936
388064
1450592
1848288
1425760
947872
1606496
1667552
993280
480640
718976
718976
649600
718976
303744
229376
1833472
2434560
1489920
1518592
2262528
1145344
1057600
2248128
2248128
2124096
2248128
1196224
1345536
-2142720
-3061248
-3061248
-2368000
-3061248
-1306112
-737280
-1559200
-3023328
-3023328
-2893216
-3023328
-1521504
-2221056
-1264640
-1167360
-2215168
-1160192
-155648
-2215168
-2215168
1968576
1389184
820224
1968576
1968576
4795136
1925632
774144
4795136
4795136
4227840
762624
276480
1693824
1693824
1678464
-277248
-129024
-515200
-515200
-508032
-353792
1691136
1221120
1340928
884736
663552
1691136
1147392
2728960
3050496
1181696
901120
2728960
3050496
1345536
783104
930048
540672
1122048
1291520
732672
-840192
-820736
-98304
-1071616
-1187328
-218112
-5382208
-1578368
-5169344
-5382208
-1838464
-922304
1287936
929920
3110912
1219072
3584000
3705472
4382464
1109888
629312
3251200
963840
671744
3627712
4806080
-394048
-767936
-767936
-743424
-681280
-733056
-491072
-292032
-816128
-448256
-1108928
-1308288
-452288
-913792
-668160
-697728
-823968
-1053984
-801696
-838752
-122880
-1528448
-707712
-1087360
-1531520
-655360
-2627584
-1406976
-1853440
-2643968
-2643968
532992
642304
49152
389376
515840
316928
726592
925344
186368
829216
877280
770240
908992
1667552
798880
1848288
1848288
1727392
552960
184320
718976
737280
130816
438016
114688
2061312
2434048
344064
2777600
630784
972800
2248128
972800
1181632
822272
-245760
-3061248
-245760
-2835968
-450560
-1796096
-3023328
-1264640
-1689312
-1357312
-1494144
-2215168
-1810176
-1455616
-2215168
-1206272
-1926912
-2215168
-1105408
1923008
1502464
1571456
1968576
1968576
1492032
1605312
1093632
1598464
4194816
4795136
4795136
4074752
3747584
1032192
808704
1693824
476160
1345920
1693824
670464
-298752
-515200
-222208
-431488
-515200
-234240
1078272
612864
1539072
1267200
1096704
963072
1105920
1124352
1049600
2676736
2153472
1660928
1143808
1753088
1544192
879616
1291520
1161728
716544
1291520
1291520
-313856
-990208
-812544
-416768
-156160
-647168
-321536
-4621440
-4237120
-1744000
-1667008
-4047872
-1856256
3433856
1473152
4025728
3909504
1351680
3943296
3467648
3460224
3753216
4806080
816448
1214848
4108736
-542848
-646400
-767936
-326464
-580992
-734144
-545728
-1132608
-1216320
-389120
-1226048
-991808
-846240
-1009440
-890880
-1031712
-823968
-502528
-505600
-1099648
-637056
-12288
-1249536
-1289472
-2033664
-2643968
-1128448
-589824
-196608
-2643968
521984
654592
278784
221184
73728
654592
793536
737504
270112
93184
353856
656704
898208
486240
99328
511680
965568
580736
215552
307200
184320
491520
61440
1832960
114688
344064
286720
802816
995584
149504
972800
373760
1570816
-1488896
-409600
-245760
-655360
-81920
-1233920
-1264640
-1974272
-246784
-700416
-2215168
-1272576
-1109760
-1510400
-2215168
1002496
1809728
1968576
1298048
670528
1798016
1514176
774144
4795136
3464448
1030400
1512448
4795136
4064768
276480
1693824
619392
1023360
1064448
1693824
1489152
1069440
-515200
-249728
-280960
-339456
-515200
-459008
-302464
442368
1179648
1340928
1691136
1304064
1350144
1377792
1617408
1310720
2235392
3050496
2194432
1868800
2407424
2837504
991232
1099520
1206784
692992
800256
1014784
1291520
626432
-936448
-1129472
-299520
-754688
-878592
-1187328
-326144
-4367168
-5382208
-4302144
-2222784
-4956480
-4727872
-2600960
1270400
4501376
4501376
4263552
4501376
2893184
167936
4304064
3878720
3502208
4178560
1131328
1178816
-512320
-767936
-767936
-698176
-767936
-324288
-608256
-487360
-1366848
-1366848
-1249728
-1366848
-826432
-350208
-705120
-1053984
-1053984
-950112
-1053984
-445344
-801792
-267264
-36864
-1497728
-67584
-882176
-12288
-36864
-786432
-675840
-1003520
-2496512
-1302528
-327680
-196608
157184
280064
599296
295936
122880
73728
164544
630464
762272
259200
465920
279552
822272
919776
546304
738432
99328
822272
248320
430080
153600
184320
802816
286720
344064
458752
897024
1196032
1047552
-491520
-655360
-286720
-409600
-616960
-1264640
-987136
-1993216
-1226496
-2215168
-2215168
-466944
-1245184
-1599744
-2215168
989504
1968576
1968576
2004992
1764160
1889152
1309760
1152256
3387392
1426432
1376256
3747584
4795136
3704576
1693824
1693824
491520
982656
1693824
967296
-515200
-515200
-424320
-473344
-235392
-284416
723456
1281024
1617408
294912
1377792
1497600
1865728
2837504
327680
2407424
2556928
901120
1268992
930048
874240
1291520
1291520
-163840
-1052160
-820736
-371200
-1187328
-1187328
-1071616
-4792896
-4367168
-4956480
-4580032
-4260736
-4850048
135168
916224
1879808
2502656
1508224
755712
2873344
4806080
11493376
334976
754816
-67584
-310656
-530304
-137344
-475264
-615872
-409728
-667264
-156032
-350592
-623936
-445248
-734784
-192960
-638400
-853536
-319104
-98304
-12288
-86016
-30720
-524288
-65536
-393216
-524288
196608
24576
147456
196608
652288
559104
745472
794624
99328
248320
822272
307200
307200
122880
573440
573440
229376
747520
747520
3965952
-204800
-163840
-368640
-1233920
-1110528
-1560832
-1732352
-1638656
-2137344
-1556480
-2176256
-1599744
1434752
1684736
1968576
807232
1479040
1877440
3541504
3867648
4795136
987392
1666560
4184832
1269120
998016
1663104
614400
1678464
982656
-347776
-500864
-286720
-508032
-340608
1262592
1299456
1276416
493056
147456
691200
1170432
2728960
3050496
1539072
1474560
1015808
3050496
1122048
1291520
547072
811008
270336
1291520
-898048
-387584
-333312
-16384
-371712
-556032
-2092736
-1298752
-260096
-1028736
-2398336
1575808
644608
675840
2502656
1081344
135168
921856
83968
2873344
209920
3209216
-477440
-67584
-202752
-168960
-473088
-282880
-194560
-641024
-311296
-38912
-445440
-267264
-712704
-89088
-36864
-49152
-30720
-196608
-262144
-163840
73728
98304
61440
326144
465920
465920
397312
248320
276480
337920
61440
516096
630784
114688
672768
1196032
1047552
-450560
-81920
-1110528
-1974272
-1388032
-1498880
-2215168
-2215168
-1926912
-2215168
-938240
364544
1650880
1764160
1525888
1571456
1490752
557248
1460480
4795136
4795136
4555008
4795136
3016448
1548288
1176960
1693824
1693824
1345920
1693824
721536
552960
-352640
-515200
-515200
-431488
-515200
-218752
-258048
-86016
442368
1285632
811008
1050624
147456
442368
4063232
485376
1304576
2026496
847872
819200
1015808
259584
710144
1088768
451584
450560
270336
-132096
-214016
-495104
-251904
-81920
-573440
-2877440
-2045504
-1430528
-1726208
-260096
-2877440
-650240
3043328
337920
2502656
3209216
209920
2873344
335872
-405504
-540672
-236544
-233472
-311296
-660480
-194560
-222720
-267264
-356352
-86016
-153600
-55296
-458752
-819200
-294912
-524288
307200
110592
196608
1164800
419328
745472
446976
546304
99328
-155648
-1098240
-1604096
-466944
-1787136
1640448
546816
1968576
2187264
341120
1252480
172032
978432
2061824
412160
1272320
1786624
1135872
1335552
409344
716544
1555584
-294144
-387328
-112384
-255744
-450688
-203264
1179648
147456
1032192
368640
1310720
163840
983040
1310720
720896
90112
540672
720896
-638976
-98304
-131072
-2080768
-260096
-650240
-2877440
675840
675840
270336
419840
419840
167936
-337920
-337920
-844800
-97280
-77824
-175104
-445440
-400896
-12288
-65536
24576
93184
871936
-1864960
-771072
-778240
-466944
-1245184
-155648
1229056
182272
546816
455680
1275904
1340416
172032
2613248
430080
3301376
772608
307200
184320
491520
61440
-143360
-86016
-229376
-28672
442368
589824
368640
1015808
655360
409600
270336
360448
225280
-581632
-81920
-81920
-1040384
-650240
608256
743424
135168
377856
461824
83968
-304128
-540672
-236544
-214016
-38912
-400896
-712704
-311808
-1089536
-389120
-466944
1275904
455680
546816
729088
1032192
1376256
2699264
368640
491520
215040
307200
-71680
-86016
-114688
1032192
1843200
663552
1671168
4145152
737280
1310720
1126400
405504
720896
-2301952
-73728
-131072
-1170432
-1430528
-260096
-778240
-778240
-311296
-700416
-856064
-155648
911360
911360
364544
820224
1002496
182272
860160
860160
10539008
774144
1376256
2699264
307200
768000
276480
491520
215040
-143360
-129024
-157696
-28672
1179648
516096
1097728
315392
-581632
4302
-5883
-777728
-57344
-196608
233472
136192
272384
26196
-561171
-865824
-130420
-102694
292876
2337560
-369984
-213628
184054

-297856
-96696
-235520
-142680
-426528
791872
1992264
-170560
2702664
-346341
-37344
-63491
46080
183920
1278464
214272
14095
2927
598644
58611
1708
7941
910092
3195
74669
-102336
84622
-1200096
1101288
445048
-7585
14308
-135680
760
64884
848896
-135102
-96792
648512
-269344
-2671616
24
-110080
674879
-91000
186624
-1773776
2860
390608
-150630
151568
1464224
-193746
326908
-978000
1062584
-2603264
2104080
757296
152766
4302
-5883
-133848
-1694216
-1196160
191198
1028824
26196
-561171
-865824
-130420
-102694
292876
2337560
-369984
-213628
184054
26196
-561171
-96696
-235520
-142680
-426528
660800
75772
-12574
82191
-153739
-206528
-39489
143360
22606
749952
48384
-986952
2360448
878960
-83685
9479
106670
158644
33486
-5607
63790
-151764
160551
189072
6654
17395
101114
105406
-113447
-209552
95272
-42305
-105705
-275872
56896
-53661
-106066
76751
-46866
-97200
162804
-2930
-938100
102778
322400
-126787
142848
-150974
9240
-62258
27364
97376
-938470
258986
678944
-19985
1033
-8054
-59138
-2418400
461088
-107056
240655
809468
497424
-129280
390296
-642696
-13349
-1935200
-108912
178144
-568816
999152
347592
1594416
2225728
-560
17580
-43908
-1988784
-1402000
-537516
-36090
100420
725005
1217088
21739
5547
-32376
-2383024
-1695040
9729
212826
235
55858
5282048
15885
-60420
-395136
-1416576
-4219648
466
154342
124336
-103284
-413040
395736
-1380800
-1121856
-142842
4154
1515040
-208033
-929864
31909
-506400
650560
-1805856
-2208192
138018
3179232
93489
-6291
3325024
1529308
340800
1313280
1977580
-62064
78840
3496448
-717076
1033
-8054
154404
461088
-107056
240655
685052
22561
-11256
52949
-380664
-42205
-643456
-85568
15356
-308724
1559408
-342288
1911168
-164248
-205568
-77920
28420
-729060
1554416
-644028
1629804
613830
-1668072
-644384
-188032
73200
2816848
-3005832
129779
-14710
119760
800928
2682
4977
232526
-160562
114084
61131
135477
-62145
109920
2864448
-48089
5175
193466

142144
79776
119560
-30190
73542
-51012
65744
54264
-106380
-12958
95144
87736
106608
-19315
46522
-22066
-139310
-61967
126800
36020
224144
-52129
207594
-42164
-14955
-25522
-94736
-41532
83040
54000
-5379
82543
2269
-1745504
421450
-110796
-30611
130069
1341
-44211
-4376
-41064
1467
-816888
28764
-610
-52884
-361608
-936896
-778760
-2904
-181320
-75072
45154
-89832
-413184
-604144
-879464
-1257536
-1232968
-86506
-2006120
-69137
131224
-3200896
2445088
-195
-554656
2123696
1774080
10569
1138020
-118270
7086
-1382080
1837824
29472
-583888
1515864
1690040
-97568
1161096
-116165
2059640
143628
1284976
67910
-344360
1071568
668720
-5329
502008
-193830
117122
1751648
-783344
-301488
-3341024
-2027968
145788
-64445
508
45670
3497
12349
37973
27144
-48808
-72051
5523
-65448
-20013
-778728
-2401664
865872
-72851
-712304
1654052
776360
11103
22500
-862810
-2473296
-230008
137004
-87429
87428
-67575
889
163200
-12320
47994
76297
-1990
107859
-90575
157938
-4614
571
151254
4611
63916
131075
93582
-4314
-33939
26814
62844
35107
-190070
4621
87172
85572
124655
-58719
-27894
-197252
-144334
110899
15039
479
756154
-13079
98260
32948
-611586
-260656
1956
31196
64106
-1970
2066848
6.257661

164693
-839180
724856
182954
2296512
-3679
23540
-166556
1064760
504240
785384
18330
-91099
-144966
1531584
86104
-1874448
-1211736
809712
14167
50859
172092
-484464
42283
2304
-81816
-2336272
-957920
-11631
-44896
78
10008
-811600
1510368
-721100
-1576384
-29349
-1821304
-1181968
-202056
-25567
-313016
-863036
1806432
-973424
-996992
-30541
-1924960
81036
-1113088
2338672
-1933568
132163
824991
-2767040
1733152
371736
963136
232597
-767872
234717
-1486848
-830716
3114452
904432
-772880
150188
-751616
-1023232
510482
-1354096
1200864
79124
-6586
-2397088
-218020
-2113888
-1772544
-678752
-199717
819552
1493552
-1011584
1901760
1063872
1314160
-1399088
1095180
1320512
91576
-68184
-1813668
-682224
176604
190992
74800
-1341728
171216
-57522
467131
703658
-54963
14531
28672
-56898
-94488
-103384
-84677
-43709
12034
11935
-88225
-4049
104950
-55120
-8466
-123200
89454
-56923
-97177
93876
-48307
-8585
64968
-100200
-119357
-81536
79066
-94984
276371
-515136
-32468
3171
-241924
173966
76424
38347
175955
-1186912
-10831
-202336
-75053
-4331
-2595904

161024
-498380
3627
223284
-65532
-10351
2790464
329728
-1344480
-566252
2321408
-5214560
-98742
2884064
-509920
78671
-45907
310
67138
48702
-35577
578976
75410
-8660
-35312
1377024
-60801
-2909
123387
369
-87197
1023616
-490352
-2681776
-1560800
-2133296
-113360
572388
1264632
125913
151804
292968
-376084
-2440944
-2020736
-1158176
-117722
552656
129480
5076
435280
1284864
58240
-914144
1350912
-134269
-364501
2005672
189580
2402256
-38237
1153136
584192
-282096
1095168
-49922
-19886
890840
793128
85836
131264
-1673728
88192
-487616
1596672
39187
-23630
-1912336
248762
-788064
-57344
-974248
2100864
57936
1390472
-1737456
314304
-2608704
-131632
-2375920
-2979840
-1152576
1329120
20697
506724
-1689752
17472
-662440
4653
162907
168118
188144
-47924
5518
-20756
-239590
-30462
-231312
747
360023
720210
196108
74271
-46063
-94600
-7153
31481
-9930
36134
-115065
-78293
-64711
106680
-29214
-181540
-65451
27867
-12048
57968
149288
-64134
123690
56531
97344
145538
30163
46804
239718
53780
117613
-65173
118732
39093
99264
-616908
416
-109330
-5417
10660
2344928
-360448
-1230240
1002152
-888752
-12306784
-36930
-1050160
-31830
-88335
3700336
-409054
-5889
-27252
43878
-16475
59010
-3200
-858632
-151780
-616692
-153395
-157978
-53679
1210000
-3840
30848
820680
34710
-204046
-134499
-747944
42240
38528
1048676
-731804
-49992
-164670
-294160
-145295
378600
10795
-47352
1137072
17800
-724928
248274
87682
38258
1448
194554
1774
11147
80883
9605
3592
-18337
-8623
1714384
1417464
2854920
-102840
-109398
983300
-142667
-119744
-154210
-82340
-19050
86472
30790
71754
-46214
85400
-2714
32712
58992
87250
171572
43560
5240
152160
-81268
2558
-82544
45400
86136
6145
118328
6834
7101
63992
-85164
2763
-111452
31008
193500
77243
69872
8706
4378
119424
-234628
3794
-100440
31704
201480
50146
98489
94020
-379236
-41756
1756512
-1038336
21383
283716
443136
-438016
1336192
1436160
-1867840
158238
156216
-236696
-50092
111888
56094
69440
1134048
-13298
-7365
187424
-772872
485
6349
-283968
132474
899120
3064320
-128472

-75196
968024
1940800
-29540
-249024
125694
-82445
-151796
45445
-49560
41441
78523
184294
-37420
-266304
158936
-84960
62342
54660
-814736
4853
52494
-147268
2832
37969
-53844
-192496
62766
38118
-872092
-105764
8809
-14028
22964
-72343
81388
86727
-15709
144545
-18308
93873
-1041512
-10439
88296
-293669
173058
39581
-10571
-670492
96150
-627656
1772992
44030
38255
-6864
-54457
6173
-6180
-37289
28357
11143
-138488
-13703
1441240

-649168
-332296
-766032
-107696
27900
97782
879200
1143624
925316
1084680
-2210912
-1330784
-301784
186936
2421936
697996
87816
79279
115632
588736
-1039
194951
782824
-13780
-48561
2213
194002
122670
244640
2002816
17340
205316
54388
-35511
144136
34080
-117040
4882
-125748
-202886
-25647
28380
46669
-32858
95561
34008
-115872
3102
43574
-91775
14483
-45224
21649
2694
-52198
35000
20144
-33179
67881
2830
-13773
-5868
498376
55688
45746
