-18874368,1.221865
-12582912,1.221865
3538944,0.945830
2359296,0.945830
-98566144,1.635056
-24641536,1.635056
-67764224,1.635056
-2359296,7.246377
-1572864,7.246377
-85983232,1.722846
-21495808,1.722846
-59113472,1.722846
18874368,4.059963
25165824,4.059963
11010048,6.422976
14680064,6.422976
20447232,5.561862
27262976,5.561862
3407872,5.561862
13762560,3.662820
19660800,3.662820
3932160,3.662820
-38535168,0.884956
-55050240,0.884956
-11010048,0.884956
-55967744,1.314459
-63963136,1.314459
6422528,2.290076
7340032,2.290076
9175040,8.243728
10485760,8.243728
24903680,8.243728
8388608,10.096576
-25690112,0.222717
-29360128,0.222717
-69730304,0.222717
-14680064,9.677419
31457280,3.807615
-67108864,1.348748
16777216,1.443696
27262976,6.411698
42598400,2.260232
32768000,2.260232
6553600,8.009630
14745600,8.606970
-94371840,0.065062
-163577856,0.065062
-106954752,0.065062
-4718592,15.114673
-88604672,1.654846
-68157440,1.654846
-13631488,7.439856
-30670848,8.040895
-74973184,2.759848
-17694720,2.040816
-30670848,2.040816
-20054016,2.040816
-12976128,4.746871
-2359296,10.437318
-7864320,17.152103
-13631488,17.152103
-8912896,17.152103
-5767168,19.440720
-1048576,24.253351
-31457280,4.525112
18350080,5.882353
24903680,5.882353
10485760,7.979871
7864320,7.979871
10485760,10.863510
7864320,10.863510
-12451840,1.689708
1310720,4.903418
10485760,4.903418
1966080,4.903418
2621440,8.701854
3932160,8.701854
9175040,8.701854
-46137344,3.429355
-8650752,3.429355
-27262976,0.775194
2359296,4.596273
5505024,4.596273
24772608,0.395257
57802752,0.395257
66060288,0.395257
-16777216,0.871249
-4194304,0.871249
46137344,0.564972
11534336,0.564972
-11010048,0.871249
16777216,10.096576
4194304,10.096576
-58720256,0.222717
-14680064,0.222717
-10092544,9.677419
-11534336,4.921077
-3145728,4.921077
12976128,9.929632
3538944,9.929632
15859712,2.493075
4325376,2.493075
21626880,2.493075
-12976128,2.131603
-64880640,2.131603
17301504,5.589819
3145728,11.229908
-74973184,1.772933
-27262976,0.656716
4194304,4.029991
15335424,5.252669
-56885248,3.119087
40370176,0.914849
57671680,0.914849
11534336,0.914849
17301504,0.914849
80216064,1.389728
106954752,1.389728
13369344,1.389728
106954752,1.389728
20054016,1.389728
-14680064,10.444777
-1835008,10.444777
-14680064,10.444777
-2752512,10.444777
10485760,4.974016
1310720,4.974016
10485760,4.974016
1966080,4.974016
-16777216,2.290076
-2097152,2.290076
-16777216,2.290076
-3145728,2.290076
23068672,0.914849
23068672,0.914849
46137344,0.914849
11534336,0.914849
7340032,0.055772
17432576,0.055772
19267584,0.055772
-27262976,0.775194
-64749568,0.775194
-71565312,0.775194
6291456,4.596273
14942208,4.596273
-14680064,0.884956
-3670016,0.884956
-29884416,7.636801
-33030144,7.636801
29360128,3.552207
20185088,3.552207
5505024,3.552207
31457280,2.090770
19660800,2.090770
-8388608,6.055046
-5767168,6.055046
-1572864,6.055046
-10092544,2.076503
-2752512,2.076503
-8650752,5.360444
-2359296,5.360444
-23855104,9.677419
-15597568,9.677419
-10092544,12.172518
-1835008,17.419355
29491200,3.807615
51118080,3.807615
33423360,3.807615
21626880,6.464864
3932160,12.052677
-62914560,1.348748
-109051904,1.348748
-71303168,1.348748
-46137344,4.073920
-8388608,9.804569
10485760,1.443696
2097152,7.241126
8912896,8.161435
5767168,10.698412
1048576,16.033312
23855104,5.134992
15597568,5.134992
10092544,7.755572
1835008,13.266279
4718592,9.313653
8126464,6.290775
7864320,6.701289
8126464,7.034499
1310720,16.031160
2621440,5.535055
44826624,5.092683
77201408,1.929106
74711040,2.358727
-15728640,11.168944
-31457280,0.065062
-8257536,6.909091
-14221312,3.806061
-13762560,4.227460
-14221312,4.569504
-2293760,13.804714
-4587520,3.030303
26411008,4.598185
26411008,3.457924
26411008,3.841028
26411008,4.972310
10223616,2.290076
15335424,2.290076
20316160,4.838134
20316160,5.215761
-14221312,13.253538
-2293760,21.648357
-4587520,11.854403
-15597568,3.374778
-17825792,3.374778
8257536,7.171636
9437184,7.171636
12845056,4.477612
14680064,4.477612
34865152,4.477612
22020096,1.103753
22020096,1.103753
-4587520,2.140673
-5242880,2.140673
-12451840,2.140673
18874368,5.882353
-54525952,0.775194
12582912,4.596273
132120576,0.395257
-13631488,0.871249
-10485760,0.871249
-2097152,6.702352
-4718592,7.308181
43253760,0.564972
74973184,0.564972
49020928,0.564972
31719424,3.311796
-7864320,0.871249
-13631488,0.871249
-8912896,0.871249
-5767168,3.609612
13631488,10.096576
-13762560,2.076503
-23855104,2.076503
-15597568,2.076503
-10092544,4.781572
-1835008,10.469946
-11796480,5.360444
-20447232,5.360444
-13369344,5.360444
-8650752,7.974796
-1572864,13.472405
-29491200,4.179663
-50790400,0.985652
-49152000,1.419407
-43646976,4.644295
-75169792,1.465772
-72744960,1.897423
-65011712,3.679092
-65011712,2.527846
-65011712,2.914640
-65011712,4.056821
16252928,3.771798
16252928,2.621660
16252928,3.008082
16252928,4.149163
15335424,10.155231
26411008,7.160405
25559040,7.567110
26411008,7.897227
4259840,16.810400
22937600,2.260232
40960000,4.644129
47513600,4.724260
7864320,6.701289
8126464,7.766510
22413312,1.138211
77201408,3.852065
74711040,2.358727
77201408,3.473529
6422528,7.533540
11468800,9.788819
13303808,9.864627
14221312,10.071835
14221312,8.638717
-38535168,0.738552
-68812800,3.159563
-79822848,3.240942
-85327872,3.463376
-85327872,1.924944
5898240,3.686983
20316160,6.330869
19660800,4.876032
20316160,5.962093
20316160,3.686983
15728640,6.605559
92274688,0.914849
23068672,0.914849
106954752,1.389728
26738688,1.389728
-19267584,10.444777
10485760,4.974016
2621440,4.974016
-16777216,2.290076
-4194304,2.290076
31719424,0.914849
8650752,0.914849
9175040,0.055772
11927552,0.055772
-34078720,0.775194
-44302336,0.775194
7864320,4.596273
10223616,4.596273
82575360,0.395257
107347968,0.395257
82575360,0.395257
-11534336,1.985055
-4194304,0.871249
5767168,9.087974
-1048576,9.367999
4194304,10.096576
-33030144,4.213809
0,-50790400,2.927110
-19660800,0.187149
-29491200,0.187149
-12124160,11.707681
-24248320,0.671141
-33947648,0.671141
6291456,1.158301
9437184,1.158301
4718592,1.158301
2621440,8.161435
3670016,8.161435
6553600,10.401401
8257536,5.134992
4128768,5.134992
14221312,7.739130
8126464,5.535055
39321600,5.222044
62259200,2.260232
-78643200,0.562251
-22020096,1.818306
-11468800,3.512739
-3211264,4.731526
-12386304,3.919933
5963776,4.004285
23003136,3.186498
4587520,5.376685
17694720,4.570589
19660800,4.086622
92274688,0.914849
57671680,0.914849
106954752,1.389728
73531392,1.389728
20054016,1.389728
-14680064,10.444777
-9175040,10.444777
10485760,4.974016
6553600,4.974016
-16777216,2.290076
-10485760,2.290076
37486592,0.914849
28835840,0.914849
5767168,6.743387
12976128,7.348949
31719424,2.028165
11534336,0.914849
9175040,0.055772
1835008,5.934844
4128768,6.545658
10092544,1.178741
3670016,0.055772
-34078720,0.775194
-6815744,6.611947
-15335424,7.218363
-37486592,1.890079
-13631488,0.775194
20447232,4.596273
13369344,4.596273
8650752,7.231735
1572864,12.773736
214695936,0.395257
140378112,0.395257
90832896,3.146769
16515072,8.932807
-9437184,4.836399
-16252928,1.664279
-15728640,2.095061
-16252928,2.444721
-2621440,11.885554
-5242880,0.871249
25952256,4.542373
44695552,1.360452
43253760,1.792565
44695552,2.143306
7208960,11.613308
14417920,0.564972
-4718592,4.836399
-8126464,1.664279
-7864320,2.095061
-8126464,2.444721
-1310720,11.885554
-2621440,0.871249
16252928,12.220279
16252928,11.171119
16252928,11.523614
16252928,12.564513
6291456,10.096576
9437184,10.096576
-56885248,1.415274
-56885248,1.806484
-56885248,2.961701
-22020096,0.222717
-33030144,0.222717
-4128768,9.677419
-14221312,12.156863
-13762560,10.792513
-14221312,11.811024
-14221312,9.677419
-11010048,12.414467
-17432576,9.677419
24576000,6.153771
28508160,6.232634
30474240,6.448191
30474240,4.957325
24576000,4.286184
6881280,5.495201
-52428800,3.754876
-60817408,3.835754
-65011712,4.056821
-65011712,2.527846
-52428800,1.839550
-14680064,3.079471
16252928,4.149163
15728640,2.660440
16252928,3.771798
16252928,1.443696
12582912,4.430251
19922944,1.443696
25559040,7.567110
26411008,8.622446
26411008,6.411698
20447232,9.247707
32374784,6.411698
50790400,4.943285
50790400,4.943285
50790400,3.042150
50790400,3.042150
50790400,4.943285
45875200,2.260232
39321600,2.260232
-97517568,2.808374
-97517568,2.808374
-97517568,0.864541
-97517568,0.864541
-97517568,2.808374
-88080384,0.065062
-75497472,0.065062
-13762560,3.432667
-14221312,3.419739
-14221312,4.189303
-14221312,5.692216
-13762560,3.831706
-2752512,5.009276
25559040,2.695512
26411008,2.682486
26411008,3.457924
26411008,4.972310
25559040,3.097596
5111808,4.284156
20316160,6.330869
20316160,4.457487
20316160,4.457487
20316160,6.330869
18350080,3.686983
15728640,3.686983
86507520,0.914849
149946368,0.914849
98041856,0.914849
86900736,1.389728
66846720,1.389728
13369344,7.190332
30081024,7.792992
-11927552,10.444777
-9175040,10.444777
-1835008,15.712732
-4128768,16.260052
-10092544,11.451016
9830400,4.974016
17039360,4.974016
11141120,4.974016
7208960,7.599044
1310720,13.119100
-15728640,2.290076
-27262976,2.290076
-17825792,2.290076
-11534336,4.989245
-2097152,10.665213
25952256,4.878254
44695552,1.707530
43253760,2.138122
8257536,4.053542
14221312,0.855326
13762560,1.289652
14221312,1.642189
-52822016,3.119087
-52822016,1.961148
-52822016,2.350191
-52822016,3.499012
12189696,6.849905
12189696,5.736557
12189696,6.110618
12189696,7.215199
74317824,4.379447
127991808,1.192095
123863040,1.624945
127991808,1.976285
20643840,11.462451
-7340032,0.871249
-13107200,3.289023
-15204352,3.370293
-16252928,3.592430
20185088,0.564972
36044800,2.990216
41811968,3.071737
44695552,3.294561
44695552,1.753438
-2359296,0.871249
-8126464,3.592430
-7864320,2.095061
-8126464,3.212873
-8126464,0.871249
4718592,10.096576
16252928,12.564513
15728640,11.206495
16252928,12.220279
16252928,10.096576
-25690112,0.222717
-45875200,2.656310
-53215232,2.738111
-56885248,2.961701
-56885248,1.415274
-45875200,0.719122
-12386304,10.506066
-13762560,10.052202
-14221312,10.040161
-14221312,10.756972
30474240,6.448191
30474240,6.448191
30474240,4.577154
30474240,4.577154
-65011712,4.056821
-65011712,4.056821
-65011712,2.137958
-65011712,2.137958
14155776,2.347882
15728640,1.852643
16252928,1.839504
16252928,2.621660
16252928,4.149163
23003136,7.270307
25559040,6.800032
26411008,6.787555
26411008,7.530284
26411008,8.980789
25559040,7.185156
8388608,5.535055
1572864,5.535055
1048576,5.535055
2097152,6.988362
8126464,8.128211
7864320,7.083661
1048576,11.091817
9961472,1.138211
9961472,1.138211
79691776,1.138211
69730304,2.872629
77201408,3.473529
34865152,6.953610
12451840,3.549474
1835008,7.533540
1835008,7.533540
-12845056,4.731526
-14221312,5.320926
-6422528,8.734403
-2293760,5.395418
3407872,2.290076
3407872,2.290076
27262976,2.290076
23855104,4.004285
26411008,4.598185
11927552,8.037719
4259840,4.673245
26411008,3.071756
2621440,3.686983
20971520,3.686983
18350080,5.376685
20316160,5.962093
9175040,9.352454
3276800,6.036081
20316160,4.457487
63438848,3.652008
11534336,9.407862
73531392,2.497709
26738688,1.389728
-3670016,10.444777
5898240,8.775055
-16252928,4.598185
44695552,3.634833
17301504,0.914849
25952256,0.914849
2293760,11.160686
4587520,0.055772
6422528,0.055772
-20447232,0.775194
-30670848,0.775194
-15335424,0.775194
3932160,4.596273
5505024,4.596273
9830400,6.923193
74317824,0.395257
37158912,0.395257
127991808,3.129505
-16252928,0.871249
-12582912,3.875150
-19922944,0.871249
36044800,1.059673
10092544,2.309446
-6553600,1.364427
-1835008,2.610350
-7077888,1.780687
3670016,11.673829
14155776,10.921378
-12845056,1.973196
-49545216,1.138105
-55050240,0.636731
-14221312,12.156863
-13762560,10.423887
-2752512,11.520738
-14680064,9.677419
-2752512,9.677419
-1835008,9.677419
30474240,6.448191
29491200,4.602593
5898240,5.770725
31457280,3.807615
5898240,3.807615
3932160,3.807615
-65011712,4.056821
-58720256,1.348748
-50331648,1.348748
-8388608,1.348748
-8388608,1.348748
-67108864,1.348748
15728640,2.258211
3145728,3.455049
2097152,1.443696
2097152,1.443696
16777216,1.443696
14680064,3.172754
5111808,8.321664
5111808,6.411698
3407872,6.411698
6815744,7.851519
26411008,8.980789
21299200,7.591492
50790400,4.943285
24576000,5.413128
52428800,2.260232
-40894464,5.516058
-97517568,2.808374
-47185920,3.288769
-100663296,0.065062
-14221312,3.806061
-14221312,3.030303
-18350080,3.030303
26411008,4.972310
12779520,5.442009
20447232,2.290076
20316160,3.686983
26214400,3.686983
4587520,13.007598
51904512,4.878254
89391104,1.707530
86507520,2.138122
89391104,2.487629
14417920,11.924310
28835840,0.914849
60162048,5.334139
103612416,2.178610
100270080,2.607139
103612416,2.954971
16711680,12.346425
33423360,1.389728
-8257536,14.026986
-14221312,11.161220
-13762560,11.550398
-14221312,11.866289
-2293760,20.395357
-4587520,10.444777
10158080,7.218724
10158080,6.109785
10158080,6.482365
10158080,7.582573
3932160,4.974016
5898240,4.974016
-16252928,3.457924
-16252928,3.841028
-16252928,4.972310
-6291456,2.290076
-9437184,2.290076
12976128,0.914849
44695552,3.634833
43253760,2.138122
44695552,3.255443
44695552,0.914849
34603008,3.917429
54788096,0.914849
11468800,2.493436
13303808,2.575375
14221312,2.799339
14221312,1.250325
11468800,0.553007
3211264,1.809180
-42598400,3.195311
-49414144,3.276659
-52822016,3.499012
-52822016,1.961148
-42598400,1.268849
-11927552,2.515980
12189696,7.215199
11796480,5.774097
12189696,6.849905
12189696,4.596273
9437184,7.487296
14942208,4.596273
123863040,1.624945
127991808,2.748125
127991808,0.395257
99090432,3.413583
156893184,0.395257
-16252928,3.592430
-16252928,3.592430
-16252928,1.664279
-16252928,1.664279
-16252928,3.592430
-14680064,0.871249
-12582912,0.871249
44695552,3.294561
44695552,3.294561
44695552,1.360452
44695552,1.360452
44695552,3.294561
40370176,0.564972
34603008,0.564972
-7864320,1.282571
-8126464,1.269356
-8126464,2.056055
-8126464,3.592430
-7864320,1.690495
-1572864,2.894284
15728640,10.469619
16252928,10.457634
16252928,11.171119
16252928,12.564513
15728640,10.839580
3145728,11.931339
-56885248,2.961701
-56885248,1.020935
-56885248,1.020935
-56885248,2.961701
-51380224,0.222717
-44040192,0.222717
-12845056,11.262026
-14221312,11.811024
-6422528,14.990513
-2293760,11.880409
-14221312,10.400001
-14221312,9.677419
-18350080,9.677419
27525120,5.495201
30474240,6.079876
13762560,9.465991
4915200,6.153771
30474240,4.577154
30474240,3.807615
39321600,3.807615
-65011712,4.056821
-62914560,2.965981
-8388608,7.151762
-27262976,6.729725
-65011712,4.056821
-31457280,4.531046
16252928,4.149163
15728640,3.059373
2097152,7.241126
6815744,6.819494
16252928,4.149163
7864320,4.622931
26411008,8.622446
11927552,11.916893
4259840,8.694341
26411008,7.160405
26411008,6.411698
34078720,6.411698
11468800,11.718919
22937600,3.125186
6553600,8.009630
49152000,3.862523
50790400,4.943285
-22020096,9.736185
-44040192,0.949442
-12582912,5.943587
-94371840,1.703339
-97517568,2.808374
-3211264,12.414467
-6422528,3.888442
-1835008,8.734403
-13762560,4.619970
-14221312,5.692216
10223616,8.930556
11927552,6.465714
21299200,2.290076
26411008,4.972310
20447232,2.290076
9175040,7.802924
16384000,3.686983
20316160,6.330869
15728640,3.686983
25952256,0.914849
89391104,3.634833
86507520,2.138122
89391104,3.255443
30081024,1.389728
103612416,4.096677
100270080,2.607139
103612416,3.719105
-6422528,10.444777
-11468800,12.629051
-13303808,12.702473
-14221312,12.903157
-14221312,11.515159
4587520,4.974016
8192000,7.291723
9502720,7.369629
10158080,7.582573
10158080,6.109785
8192000,5.446782
-4718592,2.290076
-16252928,4.972310
-15728640,3.496372
-16252928,4.598185
-16252928,2.290076
-12582912,5.250983
44695552,3.634833
44695552,3.634833
44695552,1.707530
12386304,0.972692
13762560,0.470479
14221312,0.457155
14221312,1.250325
-46006272,1.685513
-51118080,1.186915
-52822016,1.173687
-52822016,1.961148
-52822016,3.499012
12189696,7.215199
12189696,7.215199
12189696,5.359503
12189696,5.359503
12189696,7.215199
127991808,3.129505
127991808,3.129505
127991808,1.192095
127991808,1.192095
127991808,3.129505
-16777216,0.871249
-3145728,0.871249
-2097152,0.871249
-4194304,2.396307
-16252928,3.592430
-15728640,2.496310
-2097152,6.702352
5767168,0.564972
5767168,0.564972
46137344,0.564972
40370176,2.309446
44695552,2.913831
20185088,6.414091
7208960,2.990216
-1048576,0.871249
-1048576,0.871249
-8388608,0.871249
-7340032,2.610350
-8126464,3.212873
-3670016,6.702352
-1310720,3.289023
2097152,10.096576
2097152,10.096576
16777216,10.096576
14680064,11.673829
16252928,12.220279
7340032,15.385013
2621440,12.289342
16252928,10.815804
-7340032,0.222717
-58720256,0.222717
-51380224,1.973196
-56885248,2.579661
-25690112,6.091969
-9175040,2.656310
-56885248,1.020935
-14680064,9.677419
-11010048,9.677419
-5505024,15.815846
-6422528,13.537359
31457280,3.807615
6881280,13.116556
13762560,4.658875
3932160,9.465991
-14680064,10.895642
-29360128,2.221768
-8388608,7.151762
3670016,10.981402
7340032,2.315876
2097152,7.241126
20447232,6.411698
10223616,12.772068
11927552,10.411199
21299200,6.411698
6553600,2.260232
52428800,2.260232
6553600,2.260232
36044800,2.260232
-100663296,0.065062
-12582912,0.065062
-25165824,0.065062
-44040192,0.065062
-14680064,3.030303
-1835008,3.030303
-10092544,3.030303
-5505024,3.030303
3407872,2.290076
6815744,2.290076
11927552,2.290076
7667712,6.198473
2621440,3.686983
5242880,3.686983
9175040,3.686983
5898240,7.539503
89391104,2.099133
72089600,1.407810
20185088,2.653185
103612416,1.389728
80216064,4.377918
127008768,1.389728
-11010048,13.158571
-17432576,10.444777
7864320,7.853591
12451840,4.974016
10158080,7.582573
-19922944,2.290076
-16252928,4.972310
44695552,1.707530
44695552,3.634833
40370176,0.914849
34603008,0.914849
5767168,0.914849
5767168,0.914849
46137344,0.914849
14221312,2.799339
12845056,0.055772
11010048,0.055772
1835008,0.055772
1835008,0.055772
14680064,0.055772
-51118080,1.595234
-10223616,2.800190
-54525952,0.775194
-10223616,0.775194
-6815744,0.775194
-13631488,2.301729
11010048,4.596273
9437184,4.596273
2359296,4.596273
1572864,4.596273
3145728,6.064023
115605504,0.395257
99090432,0.395257
16515072,0.395257
132120576,0.395257
115605504,2.142709
-2621440,3.289023
-16252928,1.664279
-16252928,0.871249
-20971520,0.871249
-16777216,0.871249
44695552,1.360452
44695552,0.564972
57671680,0.564972
34603008,0.564972
-8126464,3.592430
-3932160,4.068951
-6291456,0.871249
16252928,10.096576
20971520,10.096576
3670016,18.796907
-27525120,3.441339
-44040192,0.222717
-22020096,7.003698
-13762560,11.158117
-14221312,12.156863
-1835008,9.677419
-14680064,9.677419
24576000,3.807615
30474240,6.448191
23592960,3.807615
31457280,3.807615
-52428800,1.348748
-65011712,4.056821
-50331648,1.348748
-8388608,1.348748
16252928,4.149163
12582912,1.443696
2097152,1.443696
26411008,8.980789
20447232,6.411698
3407872,6.411698
6815744,6.411698
14745600,6.169823
50790400,4.943285
13107200,2.260232
6553600,2.260232
13107200,2.260232
-28311552,4.062459
-97517568,2.808374
-25165824,0.065062
-12582912,0.065062
-25165824,0.065062
-4128768,6.909091
-14221312,5.692216
-3670016,3.030303
-1835008,3.030303
-3670016,3.030303
-12845056,3.030303
26411008,4.972310
6815744,2.290076
3407872,2.290076
6815744,2.290076
23855104,2.290076
20316160,6.330869
2621440,3.686983
5242880,3.686983
18350080,3.686983
89391104,3.634833
89391104,3.634833
89391104,1.707530
89391104,1.707530
89391104,3.634833
80740352,0.914849
69206016,0.914849
103612416,4.096677
103612416,4.096677
103612416,2.178610
103612416,2.178610
103612416,4.096677
93585408,1.389728
80216064,1.389728
-13762560,10.816376
-14221312,10.804437
-14221312,11.515159
-14221312,12.903157
-13762560,11.184903
-2752512,12.272435
9830400,5.368315
10158080,5.355647
10158080,6.109785
10158080,7.582573
9830400,5.759355
1966080,6.913322
-16252928,4.972310
-16252928,3.071756
-16252928,3.071756
-16252928,4.972310
-14680064,2.290076
-12582912,2.290076
40370176,2.653185
44695552,3.255443
20185088,6.743387
7208960,3.331559
44695552,1.707530
44695552,0.914849
57671680,0.914849
12845056,1.809180
14221312,2.416660
6422528,5.934844
2293760,2.493436
14221312,0.855326
14221312,0.055772
18350080,0.055772
-52822016,3.499012
-51118080,2.401830
-6815744,6.611947
-22151168,6.187456
-52822016,3.499012
-25559040,3.975994
12189696,7.215199
11796480,6.160269
1572864,10.208258
5111808,9.800113
12189696,7.215199
5898240,7.673813
127991808,2.748125
57802752,6.254359
20643840,2.824641
127991808,1.192095
127991808,0.395257
165150720,0.395257
-3670016,10.464354
-7340032,1.748494
-2097152,6.702352
-15728640,2.496310
-16252928,3.592430
10092544,10.187716
20185088,1.444928
5767168,6.414091
43253760,2.195054
44695552,3.294561
-1835008,10.464354
-3670016,1.748494
-1048576,6.702352
-7864320,2.496310
-8126464,3.592430
6291456,16.206518
7340032,13.938602
13107200,10.096576
16252928,12.564513
12582912,10.096576
-25690112,4.486703
-45875200,0.222717
-56885248,2.961701
-44040192,0.222717
-3670016,9.677419
-6422528,9.677419
-4128768,13.290323
-14221312,12.156863
-3670016,9.677419
7864320,3.807615
13762560,3.807615
8847360,7.655311
30474240,6.448191
7864320,3.807615
-16777216,1.348748
-29360128,1.348748
-18874368,5.294797
-65011712,4.056821
-16777216,1.348748
11534336,1.443696
6291456,1.443696
15728640,3.059373
16252928,4.149163
18743296,6.411698
10223616,6.411698
25559040,7.945933
26411008,8.980789
45875200,2.260232
6553600,2.260232
50790400,4.943285
50790400,4.191848
32768000,2.260232
-56623104,0.065062
-12582912,5.943587
-97517568,2.808374
-62914560,0.065062
-8257536,3.030303
-1835008,8.734403
-14221312,5.692216
-9175040,3.030303
15335424,2.290076
3407872,8.037719
26411008,4.972310
17039360,2.290076
11796480,3.686983
2621440,9.352454
20316160,6.330869
13107200,3.686983
92274688,0.914849
17301504,0.914849
11534336,0.914849
23068672,2.439236
89391104,3.634833
86507520,2.539196
11534336,6.743387
13369344,1.389728
13369344,1.389728
106954752,1.389728
93585408,3.119733
103612416,3.719105
46792704,7.190332
16711680,3.794857
-1835008,10.444777
-1835008,10.444777
-14680064,10.444777
-12845056,12.015922
-14221312,12.560256
-6422528,15.712732
-2293760,12.629051
1310720,4.974016
1310720,4.974016
10485760,4.974016
9175040,6.641139
10158080,7.218724
4587520,10.563781
1638400,7.291723
10158080,5.734224
-2097152,2.290076
-16777216,2.290076
-14680064,4.004285
-16252928,4.598185
-7340032,8.037719
-2621440,4.673245
-16252928,3.071756
46137344,0.914849
34603008,0.914849
17301504,7.648791
20185088,5.149257
14680064,0.055772
3211264,9.727795
6422528,0.940235
1835008,5.934844
-11927552,10.377594
-23855104,1.653289
-6815744,6.611947
2752512,13.828892
5505024,5.440554
1572864,10.208258
99090432,0.395257
49545216,7.164511
57802752,4.651870
103219200,0.395257
-2097152,0.871249
-16777216,0.871249
-2097152,0.871249
-11534336,0.871249
46137344,0.564972
5767168,0.564972
11534336,0.564972
20185088,0.564972
-8388608,0.871249
-1048576,0.871249
-5767168,0.871249
-3145728,0.871249
2097152,10.096576
4194304,10.096576
7340032,10.096576
4718592,13.692713
-7340032,0.222717
-14680064,0.222717
-25690112,0.222717
-16515072,4.213809
-14680064,9.677419
-2752512,9.677419
-3670016,9.677419
-8257536,9.677419
31457280,3.807615
5898240,3.807615
7864320,3.807615
17694720,3.807615
-67108864,1.348748
-12582912,1.348748
-16777216,1.348748
-37748736,1.348748
16777216,1.443696
3145728,1.443696
4194304,1.443696
9437184,1.443696
2097152,7.241126
5111808,6.411698
6815744,6.411698
15335424,6.411698
3407872,11.916893
52428800,2.260232
9830400,2.260232
9830400,2.260232
42598400,2.260232
-100663296,0.065062
-18874368,0.065062
-18874368,0.065062
-81788928,0.065062
-37748736,0.065062
-1835008,3.030303
-1835008,3.030303
-1835008,3.030303
-10092544,3.030303
-11010048,3.030303
5111808,2.290076
5111808,2.290076
22151168,2.290076
10223616,2.290076
10223616,5.250983
2621440,3.686983
2621440,3.686983
14417920,3.686983
15728640,3.686983
20316160,6.330869
37486592,6.319493
89391104,3.634833
43253760,4.111144
92274688,0.914849
43450368,6.768470
103612416,4.096677
50135040,4.570704
106954752,1.389728
-14221312,11.161220
-14221312,10.444777
-18350080,10.444777
10158080,7.582573
4915200,8.039371
7864320,4.974016
-16252928,2.290076
-20971520,2.290076
-3670016,11.745875
36044800,0.914849
44695552,3.634833
34603008,0.914849
46137344,0.914849
5767168,0.914849
13762560,1.694202
14221312,2.799339
14680064,0.055772
1835008,0.055772
-51118080,2.401830
-52822016,3.499012
-54525952,0.775194
11796480,6.160269
12189696,7.215199
12582912,4.596273
1572864,4.596273
127991808,3.129505
132120576,0.395257
16515072,0.395257
-6291456,0.871249
-15728640,2.496310
-16252928,3.592430
-16777216,0.871249
-3145728,0.871249
-4194304,0.871249
43253760,2.195054
44695552,3.294561
46137344,0.564972
8650752,0.564972
11534336,0.564972
-7864320,2.496310
-8126464,3.592430
-8388608,0.871249
-1572864,0.871249
-2097152,0.871249
15728640,11.570402
16252928,12.564513
16777216,10.096576
3145728,10.096576
4194304,10.096576
-56885248,2.961701
-14680064,0.222717
-11010048,0.222717
-14680064,0.222717
-1835008,14.990513
-14221312,12.156863
-9175040,9.677419
-14680064,9.677419
-2752512,9.677419
3932160,9.465991
30474240,6.448191
19660800,3.807615
31457280,3.807615
5898240,3.807615
5898240,3.807615
-65011712,4.056821
-65011712,3.298377
-41943040,1.348748
-8388608,1.348748
-8388608,1.348748
-8388608,1.348748
16252928,4.149163
10485760,1.443696
2097152,1.443696
2097152,1.443696
2097152,1.443696
26411008,8.261271
17039360,6.411698
3407872,6.411698
3407872,6.411698
19660800,2.260232
19660800,5.222044
50790400,4.569046
49152000,2.260232
52428800,2.260232
52428800,2.260232
-37748736,3.093393
-97517568,2.425730
-94371840,0.065062
-100663296,0.065062
-100663296,0.065062
-5505024,5.968779
-14221312,5.320926
-13762560,3.030303
-14680064,3.030303
-14680064,3.030303
26411008,4.972310
26411008,2.290076
20447232,2.290076
27262976,2.290076
20316160,5.962093
19660800,3.686983
20971520,3.686983
69206016,0.914849
34603008,7.648791
40370176,5.149257
72089600,0.914849
89391104,3.634833
69206016,0.914849
40108032,8.091397
46792704,5.603842
83558400,1.389728
103612416,4.096677
80216064,1.389728
-5505024,16.531055
-6422528,14.271924
-11468800,10.444777
-14221312,12.903157
-11010048,10.444777
4587520,5.814954
1310720,10.563781
9830400,6.531820
10158080,7.582573
-7340032,3.154766
-2097152,8.037719
-15728640,3.891878
-16252928,4.972310
5767168,0.914849
31719424,0.914849
17301504,0.914849
43253760,2.539196
44695552,3.634833
1835008,0.055772
10092544,0.055772
5505024,0.055772
13762560,1.694202
14221312,2.799339
-6815744,0.775194
-37486592,0.775194
-20447232,0.775194
-51118080,2.401830
-52822016,3.499012
3145728,4.596273
5505024,4.596273
3538944,8.412422
12189696,7.215199
3145728,4.596273
57802752,0.395257
37158912,4.379447
127991808,3.129505
33030144,0.395257
-9437184,0.871249
-2097152,6.702352
-16252928,3.592430
-10485760,0.871249
40370176,0.564972
5767168,0.564972
44695552,3.294561
44695552,2.530091
28835840,0.564972
-1048576,0.871249
-8126464,3.592430
-8126464,2.830315
-5242880,0.871249
2097152,10.096576
16252928,12.564513
16252928,11.873323
10485760,10.096576
-7340032,0.222717
-56885248,2.961701
-56885248,2.194600
-36700160,0.222717
-1835008,9.677419
-10092544,9.677419
-11010048,9.677419
-14221312,12.156863
-14221312,9.677419
-11010048,9.677419
25559040,3.807615
11796480,3.807615
11796480,6.722536
30474240,6.079876
29491200,3.807615
-54525952,1.348748
-25165824,1.348748
-25165824,4.338180
-65011712,3.679092
-62914560,1.348748
13631488,1.443696
6291456,1.443696
6291456,4.430251
16252928,3.771798
15728640,1.443696
18743296,6.411698
20447232,6.411698
26411008,8.980789
26411008,6.411698
20447232,6.411698
52428800,2.260232
19660800,2.260232
55705600,2.260232
49152000,5.030185
49152000,3.466896
-100663296,0.065062
-37748736,0.065062
-106954752,0.065062
-94371840,2.897226
-94371840,1.298826
-4587520,3.030303
-10092544,3.030303
-10551296,3.030303
-14221312,5.692216
-11927552,3.030303
10223616,2.290076
28966912,2.290076
25559040,5.059184
25559040,3.496372
6553600,3.686983
14417920,3.686983
15073280,3.686983
20316160,6.330869
17039360,3.686983
92274688,0.914849
11534336,0.914849
23068672,0.914849
40370176,0.914849
106954752,1.389728
13369344,1.389728
73531392,1.389728
40108032,1.389728
-1835008,10.444777
-3670016,10.444777
-6422528,10.444777
10485760,4.974016
1310720,4.974016
7208960,4.974016
3932160,4.974016
-16777216,2.290076
-2097152,2.290076
-11534336,2.290076
-6291456,2.290076
-15728640,3.891878
5767168,0.914849
11534336,0.914849
40370176,0.914849
5767168,0.914849
1835008,0.055772
3670016,0.055772
12845056,0.055772
1835008,0.055772
-6815744,0.775194
-13631488,0.775194
-47710208,0.775194
-6815744,0.775194
1572864,4.596273
3145728,4.596273
11010048,4.596273
1572864,4.596273
16515072,0.395257
33030144,0.395257
115605504,0.395257
16515072,0.395257
127991808,3.129505
-2097152,0.871249
-2097152,0.871249
-2097152,0.871249
-11534336,0.871249
5767168,0.564972
5767168,0.564972
5767168,0.564972
31719424,0.564972
-8388608,0.871249
-1572864,0.871249
-1572864,0.871249
-6815744,0.871249
-3145728,0.871249
2097152,10.096576
2097152,10.096576
2097152,10.096576
11534336,10.096576
12582912,10.096576
-11010048,0.222717
-11010048,0.222717
-47710208,0.222717
-22020096,0.222717
-22020096,3.246271
-14680064,9.677419
-14680064,9.677419
-14680064,9.677419
-5505024,9.677419
31457280,3.807615
31457280,3.807615
31457280,3.807615
11796480,3.807615
-67108864,1.348748
-67108864,1.348748
-20971520,1.348748
-46137344,1.348748
16777216,1.443696
16777216,1.443696
6291456,1.443696
17825792,1.443696
27262976,6.411698
8519680,6.411698
18743296,6.411698
19595264,6.411698
9830400,2.260232
6553600,2.260232
13107200,2.260232
9830400,8.009630
16384000,8.009630
-12582912,0.065062
-25165824,0.065062
-69206016,0.065062
-34603008,6.443888
-31457280,0.065062
-1835008,3.030303
-3670016,3.030303
-2752512,8.734403
-4587520,8.734403
-4587520,3.030303
3407872,2.290076
6815744,2.290076
5111808,8.037719
8519680,8.037719
8519680,2.290076
25559040,4.673245
5242880,3.686983
14417920,3.686983
7208960,9.834621
6553600,3.686983
32768000,3.686983
19660800,6.036081
25952256,4.878254
89391104,3.634833
23068672,0.914849
11534336,0.914849
23068672,0.914849
30081024,5.334139
103612416,4.096677
26738688,1.389728
13369344,1.389728
26738688,1.389728
-4128768,14.026986
-14221312,12.903157
-3670016,10.444777
-1835008,10.444777
-3670016,10.444777
-12845056,10.444777
10158080,7.582573
2621440,4.974016
1310720,4.974016
2621440,4.974016
9175040,4.974016
-16252928,4.972310
-2097152,2.290076
-4194304,2.290076
-14680064,2.290076
44695552,3.634833
44695552,2.873053
28835840,0.914849
5767168,0.914849
5767168,0.914849
14221312,2.799339
14221312,2.030955
9175040,0.055772
1835008,0.055772
1835008,0.055772
-6815744,6.611947
-52822016,3.499012
-34078720,0.775194
-54525952,0.775194
-10223616,0.775194
-10223616,0.775194
12189696,7.215199
12189696,6.481723
7864320,4.596273
2359296,4.596273
2359296,4.596273
127991808,3.129505
82575360,0.395257
24772608,0.395257
24772608,0.395257
107347968,0.395257
-12582912,0.871249
-16252928,3.592430
-16252928,0.871249
-12582912,0.871249
-16777216,0.871249
34603008,0.564972
44695552,3.294561
44695552,0.564972
34603008,0.564972
46137344,0.564972
46137344,0.564972
-8126464,3.592430
-8126464,0.871249
-6291456,0.871249
-8388608,0.871249
-8388608,0.871249
16252928,12.220279
15728640,10.096576
16777216,10.096576
16777216,10.096576
-56885248,0.222717
-44040192,0.222717
-58720256,0.222717
-10551296,9.677419
-14221312,12.156863
-11927552,9.677419
-1835008,9.677419
-3670016,9.677419
22609920,3.807615
30474240,6.448191
25559040,3.807615
3932160,3.807615
7864320,3.807615
-62914560,4.144532
-62914560,2.566664
-8388608,1.348748
-16777216,1.348748
16252928,4.149163
13631488,1.443696
4194304,1.443696
11534336,1.443696
25559040,7.567110
3407872,6.411698
6815744,6.411698
16384000,2.260232
49152000,4.644129
50790400,4.943285
29491200,2.260232
52428800,2.260232
22937600,2.260232
62259200,2.260232
-94371840,2.502499
-97517568,2.808374
-56623104,0.065062
-100663296,0.065062
-94371840,0.065062
-37748736,3.093393
-13762560,5.395418
-11927552,3.030303
-14680064,3.030303
-13762560,3.030303
-5505024,5.968779
25559040,4.673245
22151168,2.290076
27262976,2.290076
25559040,2.290076
10223616,5.250983
18743296,5.511283
17039360,3.686983
20971520,3.686983
19660800,3.686983
7864320,6.605559
14417920,6.862137
80740352,0.914849
11534336,0.914849
89391104,3.634833
89391104,2.873053
57671680,0.914849
60162048,1.389728
13369344,7.190332
103612416,4.096677
66846720,1.389728
-8257536,10.444777
-1835008,15.712732
-14221312,12.903157
-9175040,10.444777
5898240,4.974016
1310720,10.563781
10158080,7.582573
6553600,4.974016
-9437184,2.290076
-2097152,8.037719
-16252928,4.972310
-10485760,2.290076
8650752,0.914849
37486592,0.914849
17301504,0.914849
17301504,3.917429
44695552,3.255443
43253760,0.914849
1835008,0.055772
10092544,0.055772
11010048,0.055772
14221312,2.799339
14221312,0.055772
11010048,0.055772
-37486592,0.775194
-40894464,0.775194
-52822016,3.499012
-52822016,0.775194
-40894464,0.775194
8650752,4.596273
9437184,4.596273
12189696,7.215199
12189696,4.596273
9437184,4.596273
49545216,0.395257
49545216,3.413583
127991808,2.748125
123863040,0.395257
-16777216,0.871249
-5242880,0.871249
-11534336,0.871249
-12058624,0.871249
-16252928,3.592430
-13631488,0.871249
14417920,0.564972
31719424,0.564972
33161216,0.564972
44695552,3.294561
37486592,0.564972
-3145728,0.871249
-8912896,0.871249
-7864320,3.680566
-7864320,2.095061
5242880,10.096576
11534336,10.096576
12058624,10.096576
16252928,12.564513
13631488,10.096576
-22020096,0.222717
-62390272,0.222717
-55050240,3.050413
-55050240,1.454535
-3670016,9.677419
-2752512,14.990513
-4587520,14.990513
-4587520,9.677419
-13762560,11.880409
-14221312,12.156863
-8257536,9.677419
5898240,9.465991
9830400,9.465991
9830400,3.807615
29491200,6.153771
30474240,6.448191
17694720,3.807615
-12582912,7.151762
-20971520,7.151762
-20971520,1.348748
-62914560,3.754876
-65011712,4.056821
-37748736,1.348748
5767168,7.734524
5242880,1.443696
26214400,1.443696
15728640,3.847508
13631488,1.443696
5111808,11.916893
8519680,11.916893
8519680,6.411698
25559040,8.694341
26411008,8.980789
15335424,6.411698
19660800,8.902740
37683200,4.845940
50790400,4.191848
37683200,5.842318
45875200,3.551947
50790400,3.811657
58982400,2.260232
-37748736,6.856757
-72351744,2.708843
-97517568,2.040061
-72351744,3.727599
-88080384,1.385788
-97517568,1.651331
-113246208,0.065062
-10092544,6.227106
-13303808,5.076077
-14221312,4.569504
-10551296,6.092504
-13762560,4.227460
-11927552,3.953824
-6422528,3.030303
24707072,4.351467
26411008,3.841028
19595264,5.375653
25559040,3.496372
22151168,3.220647
11927552,2.290076
20316160,5.590402
15073280,7.216779
18350080,4.959842
20316160,5.215761
23592960,3.686983
92274688,0.914849
17301504,0.914849
17301504,0.914849
74973184,0.914849
106954752,1.389728
20054016,1.389728
20054016,1.389728
86900736,1.389728
40108032,1.389728
-1835008,10.444777
-1835008,10.444777
-1835008,10.444777
-10092544,10.444777
-11010048,10.444777
1966080,4.974016
1966080,4.974016
8519680,4.974016
3932160,4.974016
3932160,7.853591
-2097152,2.290076
-2097152,2.290076
-11534336,2.290076
-12582912,2.290076
-16252928,4.972310
46137344,0.914849
46137344,0.914849
14417920,0.914849
31719424,0.914849
14680064,0.055772
14680064,0.055772
4587520,0.055772
10092544,0.055772
-54525952,0.775194
-54525952,0.775194
-20447232,0.775194
-57933824,0.775194
12582912,4.596273
3932160,4.596273
8650752,4.596273
9043968,4.596273
132120576,0.395257
49545216,0.395257
140378112,0.395257
123863040,3.218063
-2097152,0.871249
-4194304,0.871249
-11534336,0.871249
-5767168,7.198616
-5242880,0.871249
5767168,0.564972
11534336,0.564972
8650752,6.414091
14417920,6.414091
14417920,0.564972
-2097152,0.871249
-5767168,0.871249
-2883584,7.198616
-2621440,0.871249
-13107200,0.871249
4194304,10.096576
11534336,10.096576
5767168,15.835093
5242880,10.096576
26214400,10.096576
-7340032,0.222717
-14680064,0.222717
-11010048,6.091969
-18350080,6.091969
-18350080,0.222717
-55050240,2.656310
-3670016,9.677419
-14680064,9.677419
-13762560,9.677419
-5505024,12.414467
-10092544,12.655087
-13303808,11.582958
-14221312,11.111112
31457280,3.807615
13762560,3.807615
37355520,3.807615
11796480,10.344962
22609920,6.352387
30474240,5.708651
22609920,7.332990
-67108864,1.348748
-62914560,1.348748
-25165824,4.338180
-46137344,4.600987
-60817408,3.429998
-65011712,2.914640
-48234496,4.464050
16777216,1.443696
15728640,1.443696
6291456,4.430251
11534336,4.692805
15204352,3.522943
16252928,3.008082
12058624,4.556000
15728640,2.660440
11927552,6.411698
32374784,6.411698
10223616,12.772068
19595264,8.887579
26411008,8.261271
19595264,9.841637
23855104,7.648549
26411008,7.897227
6553600,2.260232
37683200,2.788555
50790400,4.943285
50790400,4.943285
50790400,4.943285
49152000,3.067999
-25165824,0.065062
-40894464,4.649233
-94371840,2.897226
-94371840,0.890970
-94371840,1.703339
-97517568,2.808374
-97517568,1.259503
-1835008,3.030303
-10551296,3.554463
-14221312,5.692216
-14221312,5.692216
-14221312,5.692216
-13762560,3.831706
-14221312,5.692216
3407872,2.290076
19595264,2.818238
26411008,4.972310
26411008,4.972310
26411008,4.972310
25559040,3.097596
26411008,4.972310
26411008,4.972310
8519680,8.105011
19660800,6.416501
19660800,4.482958
19660800,5.265884
20316160,6.330869
20316160,4.838134
19660800,3.686983
20316160,6.330869
69206016,0.914849
89391104,3.634833
89391104,0.914849
69206016,0.914849
92274688,0.914849
80216064,1.389728
103612416,4.096677
103612416,1.389728
80216064,1.389728
106954752,1.389728
106954752,1.389728
-14221312,12.903157
-14221312,10.444777
-11010048,10.444777
-14680064,10.444777
-14680064,10.444777
10158080,7.218724
9830400,4.974016
10485760,4.974016
10485760,4.974016
-16252928,2.290076
-12582912,2.290076
-16777216,2.290076
33161216,0.914849
44695552,3.634833
37486592,0.914849
5767168,0.914849
11534336,0.914849
10551296,0.055772
14221312,2.799339
11927552,0.055772
1835008,0.055772
3670016,0.055772
-51118080,3.587233
-51118080,2.000191
-6815744,0.775194
-13631488,0.775194
12189696,7.215199
10223616,4.596273
3145728,4.596273
8650752,4.596273
123863040,1.624945
16515072,0.395257
33030144,0.395257
-5242880,0.871249
-15728640,3.289023
-16252928,3.592430
-9437184,0.871249
-16777216,0.871249
-7340032,0.871249
-19922944,0.871249
43253760,2.990216
44695552,3.294561
25952256,0.564972
46137344,0.564972
43253760,0.564972
17301504,3.578154
-7864320,3.289023
-6815744,0.871249
-8388608,0.871249
-7864320,0.871249
-3145728,3.875150
15728640,12.289342
13631488,10.096576
16777216,10.096576
15728640,10.096576
6291456,12.820922
11534336,13.060425
-47710208,0.222717
-58720256,0.222717
-55050240,0.222717
-22020096,3.246271
-40370176,3.512078
-10551296,12.529712
-13762560,10.792513
-11927552,10.537634
-6422528,9.677419
-1835008,9.677419
-10551296,10.165649
27525120,5.078880
30474240,5.334478
35389440,3.807615
7864320,3.807615
12779520,8.220110
29491200,6.533715
-62914560,2.566664
-54525952,2.288283
-29360128,1.348748
-27262976,5.874034
-62914560,4.144532
-62914560,2.164047
13631488,2.382327
7340032,1.443696
6815744,5.964627
15728640,4.236789
15728640,2.258211
22151168,7.303016
11927552,6.411698
11075584,10.704741
25559040,9.063998
25559040,7.185156
25559040,7.945933
49152000,2.260232
50790400,4.943285
24576000,5.413128
6553600,2.260232
50790400,4.943285
50790400,4.943285
-97517568,2.808374
-84934656,0.981896
-56623104,0.065062
-97517568,2.808374
-97517568,2.808374
-14221312,5.692216
-12386304,3.919933
-8257536,3.030303
-14221312,5.692216
-14221312,5.692216
-13762560,5.778432
23003136,3.186498
15335424,2.290076
26411008,4.972310
26411008,4.972310
25559040,5.059184
17694720,4.570589
11796480,3.686983
20316160,6.330869
20316160,6.330869
19660800,6.416501
17039360,5.504210
92274688,0.914849
34603008,0.914849
98041856,0.914849
86507520,3.722930
86507520,2.138122
106954752,1.389728
40108032,1.389728
113639424,1.389728
100270080,4.184351
100270080,2.607139
-4587520,10.444777
-10092544,10.444777
-10551296,10.444777
-14221312,12.903157
-11927552,10.444777
3932160,4.974016
11141120,4.974016
9830400,7.667060
9830400,6.147177
-5242880,2.290076
-11534336,2.290076
-12058624,2.290076
-16252928,4.972310
-13631488,2.290076
31719424,0.914849
15859712,7.239433
14417920,0.914849
72089600,0.914849
43253760,3.331559
37486592,0.914849
10092544,0.055772
5046272,6.435191
4587520,0.055772
22937600,0.055772
13762560,2.493436
11927552,0.055772
-37486592,0.775194
-18743296,7.108692
-17039360,0.775194
-85196800,0.775194
-51118080,3.195311
-44302336,0.775194
2359296,10.208258
3932160,10.208258
3932160,4.596273
11796480,6.923193
12189696,7.215199
7077888,4.596273
45416448,6.753006
41287680,0.395257
206438400,0.395257
123863040,2.824641
107347968,0.395257
-6291456,3.875150
-11534336,4.139230
-15204352,2.962573
-16252928,2.444721
-12058624,4.001630
-15728640,2.095061
-13631488,1.815332
-7340032,0.871249
31719424,3.843050
41811968,2.662757
44695552,2.143306
33161216,3.705025
43253760,1.792565
37486592,1.511972
20185088,0.564972
-6029312,3.493702
-8126464,2.830315
-6029312,4.504240
-7340032,2.181320
-8126464,2.444721
-9437184,0.871249
12058624,12.474974
16252928,11.873323
12058624,13.391466
14680064,11.284727
16252928,11.523614
18874368,10.096576
-53215232,2.327723
-56885248,1.806484
-42205184,3.373579
-55050240,1.454535
-47710208,1.172977
-25690112,0.222717
-13762560,10.423887
-13762560,11.158117
-14221312,12.156863
-14221312,10.756972
-13762560,9.677419
-14221312,12.156863
-6881280,12.591050
29491200,4.602593
29491200,5.384540
30474240,6.448191
30474240,4.957325
29491200,3.807615
30474240,6.448191
14745600,6.910595
-65011712,4.056821
-65011712,4.056821
-62914560,2.164047
-65011712,4.056821
-65011712,4.056821
-56623104,2.253805
-37748736,1.348748
16252928,4.149163
15728640,2.258211
16252928,4.149163
16252928,4.149163
14155776,2.347882
9437184,1.443696
26411008,8.980789
26411008,7.530284
25559040,6.411698
26411008,8.980789
12779520,9.430676
50790400,4.943285
45875200,4.394289
49152000,3.067999
50790400,4.943285
50790400,2.260232
50790400,4.191848
50790400,4.943285
34406400,3.410112
-94371840,2.897226
-81788928,1.950627
-97517568,0.864541
-97517568,2.808374
-97517568,2.808374
-97517568,0.466407
-94371840,1.298826
-75497472,0.065062
-11927552,4.859920
-14221312,3.806061
-14221312,5.692216
-14221312,5.692216
-14221312,3.419739
-13762560,4.227460
-11010048,3.030303
25559040,3.097596
26411008,4.972310
26411008,2.290076
26411008,4.221103
26411008,4.972310
17891328,3.439605
19660800,4.482958
20316160,6.330869
20316160,3.686983
20316160,5.590402
20316160,6.330869
13762560,4.820077
17301504,0.914849
11534336,0.914849
23068672,0.914849
17301504,6.743387
28835840,6.743387
13369344,1.389728
26738688,1.389728
73531392,1.389728
36765696,7.684000
33423360,1.389728
-1835008,10.444777
-3670016,10.444777
-2752512,15.712732
-4587520,15.712732
-4587520,10.444777
1310720,4.974016
2621440,4.974016
1966080,10.563781
3276800,10.563781
3276800,4.974016
9830400,7.291723
-4194304,2.290076
-11534336,2.290076
-5767168,8.526880
-5242880,2.290076
-26214400,2.290076
-15728640,4.673245
46137344,0.914849
20185088,0.914849
54788096,0.914849
17301504,7.648791
33161216,3.536149
44695552,2.873053
33161216,4.546242
14680064,0.055772
13762560,0.055772
5505024,3.084385
10092544,3.350637
13303808,2.164300
14221312,1.642189
10551296,3.211906
-23855104,0.775194
-64749568,0.775194
-20447232,7.518628
-39190528,3.400189
-52822016,2.736158
-39190528,4.411705
-47710208,2.086535
5505024,4.596273
14942208,4.596273
4718592,11.080022
9043968,7.120182
12189696,6.481723
9043968,8.092745
11010048,5.857116
132120576,0.395257
123863040,0.395257
49545216,3.413583
90832896,3.678930
119734272,2.496623
127991808,1.976285
94961664,3.540670
123863040,1.624945
-4194304,0.871249
-6815744,5.418439
-15728640,3.680566
-15728640,1.690495
-15728640,2.496310
-16252928,3.592430
-16252928,2.056055
5767168,0.564972
33161216,1.102458
44695552,3.294561
44695552,3.294561
44695552,3.294561
43253760,1.386749
44695552,3.294561
-3407872,5.418439
-7864320,3.680566
-7864320,1.690495
-7864320,2.496310
-8126464,3.592430
-8126464,2.056055
-7864320,0.871249
6815744,14.220587
15728640,12.644445
15728640,10.839580
15728640,11.570402
16252928,12.564513
16252928,11.171119
15728640,10.096576
-7340032,0.222717
-42205184,0.762054
-56885248,2.961701
-56885248,2.961701
-56885248,2.961701
-55050240,1.047323
-56885248,2.961701
-56885248,2.961701
-1835008,9.677419
-14221312,12.156863
-14221312,12.156863
-13762560,12.237169
-11927552,11.381618
-14221312,10.400001
-14221312,12.156863
30474240,6.448191
30474240,6.448191
29491200,6.533715
25559040,5.622566
30474240,4.577154
30474240,6.448191
-31457280,6.786218
-60817408,2.608125
-65011712,4.056821
-58720256,3.502705
-62914560,2.164047
-65011712,4.056821
-65011712,1.348748
7864320,6.875933
15204352,2.701861
16252928,4.149163
14680064,3.595580
15728640,2.258211
16252928,4.149163
16252928,1.443696
16252928,3.391449
26411008,8.980789
26411008,8.980789
25559040,9.063998
22151168,8.177516
26411008,7.160405
26411008,8.980789
26411008,8.980789
26411008,6.787555
29491200,2.260232
50790400,4.943285
47513600,2.679716
16384000,8.009630
39321600,4.254921
50790400,4.943285
-69206016,0.065062
-97517568,2.040061
-97517568,2.808374
-78643200,1.054517
-18874368,9.492886
-91226112,2.584430
-88080384,1.385788
-8257536,3.030303
-14221312,5.692216
-13303808,3.446482
-4587520,8.734403
-11010048,5.009276
-14221312,5.692216
-13303808,5.474917
15335424,2.290076
26411008,4.972310
24707072,2.709432
8519680,8.037719
20447232,4.284156
26411008,4.972310
24707072,4.753352
11075584,6.772183
20316160,6.330869
19005440,4.100343
6553600,9.352454
15728640,5.652555
20316160,6.330869
19005440,6.115042
8519680,8.105011
28835840,0.914849
86507520,3.331559
89391104,3.634833
51904512,0.914849
92274688,0.914849
40370176,0.914849
109576192,0.914849
100270080,3.794857
103612416,4.096677
60162048,1.389728
106954752,1.389728
100270080,1.389728
40108032,4.377918
-13762560,12.629051
-11927552,10.444777
-14680064,10.444777
-13762560,10.444777
-5505024,13.158571
9830400,7.291723
8519680,4.974016
10485760,4.974016
9830400,4.974016
3932160,7.853591
7208960,8.106741
-13631488,2.290076
-16777216,2.290076
-15728640,2.290076
-6291456,5.250983
-11534336,5.511283
33161216,4.043854
43253760,2.138122
37486592,1.858517
20185088,0.914849
5767168,0.914849
33161216,1.450444
12845056,1.376621
14221312,1.642189
16515072,0.055772
3670016,0.055772
5963776,4.640370
13762560,2.888200
-51118080,2.000191
-44302336,1.720192
-23855104,0.775194
-22151168,5.326790
-51118080,3.587233
-51118080,1.595234
10223616,5.504880
5505024,4.596273
5111808,8.972591
11796480,7.300023
11796480,5.384734
107347968,1.343874
57802752,0.395257
53673984,4.964282
123863040,3.218063
123863040,1.218437
123863040,2.028122
-15728640,0.871249
-16252928,3.592430
-7864320,4.068951
-2097152,0.871249
-16252928,3.592430
-16252928,3.592430
44695552,3.294561
38928384,1.477220
25952256,0.564972
44695552,3.294561
44695552,3.294561
-8126464,3.592430
-7077888,1.780687
-4718592,0.871249
-8126464,3.592430
-8126464,3.592430
-7864320,3.680566
14155776,10.921378
9437184,10.096576
16252928,12.564513
16252928,12.564513
15728640,12.644445
-49545216,1.138105
-33030144,0.222717
-56885248,2.961701
-56885248,2.961701
-55050240,3.050413
-47710208,2.105307
-14221312,12.156863
-14221312,10.040161
-13762560,10.792513
-11010048,9.677419
-8257536,9.677419
-14221312,12.156863
-13303808,10.065070
30474240,5.708651
30474240,6.448191
20643840,4.939291
21626880,3.807615
30474240,5.708651
30474240,6.448191
24576000,4.760015
-65011712,1.744937
-62914560,2.566664
-50331648,1.348748
-65011712,3.298377
-65011712,4.056821
-52428800,2.325493
16252928,1.839504
15728640,2.660440
12582912,1.443696
16252928,3.391449
16252928,4.149163
13107200,2.419501
26411008,8.980789
17891328,7.512737
26411008,8.261271
26411008,8.980789
21299200,7.338315
5111808,15.240784
27852800,6.390081
39321600,2.766656
49152000,2.260232
36044800,4.432227
72089600,2.260232
49152000,4.254921
50790400,4.569046
-53477376,4.287665
-75497472,0.582859
-94371840,0.065062
-69206016,2.285838
-100663296,0.065062
-94371840,1.298826
-97517568,2.808374
-5963776,7.478454
-14221312,5.692216
-14221312,5.692216
-20185088,3.030303
-13762560,5.009276
-14221312,5.320926
-12386304,3.477168
20447232,2.796345
25559040,2.290076
18743296,4.461408
25559040,4.284156
26411008,4.598185
23003136,2.740352
23855104,3.154766
19660800,3.686983
14417920,5.827272
19660800,4.876032
20316160,6.330869
19005440,4.916511
17039360,5.947852
34603008,7.648791
66322432,3.536149
89391104,2.873053
66322432,4.546242
80740352,2.224344
89391104,2.487629
103809024,0.914849
40108032,8.091397
76873728,3.998466
103612416,3.338548
76873728,5.003717
93585408,2.692948
103612416,2.954971
120324096,1.389728
-10092544,13.397148
-13303808,12.334128
-14221312,11.866289
-10551296,13.272837
-13762560,11.550398
-11927552,11.297684
-6422528,10.444777
9502720,6.978784
10158080,6.482365
7536640,7.974837
9830400,6.147177
8519680,5.879025
4587520,4.974016
-16252928,4.221103
-12058624,5.871068
-14680064,3.581397
-16252928,3.841028
-18874368,2.290076
44695552,3.634833
44695552,3.634833
44695552,3.634833
43253760,1.733734
44695552,3.634833
44695552,3.634833
38928384,1.823887
25952256,0.914849
14221312,2.799339
14221312,2.799339
13762560,0.881758
14221312,2.799339
14221312,2.799339
12386304,0.972692
8257536,0.055772
-51118080,2.401830
-52822016,3.499012
-52822016,1.961148
-51118080,0.775194
-52822016,3.499012
-25559040,3.975994
11796480,6.160269
12189696,7.215199
12189696,5.736557
11796480,4.596273
12189696,7.215199
5898240,7.673813
127991808,3.129505
123863040,1.218437
127991808,3.129505
127991808,3.129505
111476736,1.309062
74317824,0.395257
-15728640,3.680566
-13631488,2.741603
-16252928,1.664279
-16252928,3.592430
-16252928,3.592430
-16252928,1.269356
-15728640,2.095061
-12582912,0.871249
40370176,2.736042
43253760,1.386749
44695552,3.294561
44695552,0.564972
44695552,2.530091
44695552,3.294561
30277632,1.734796
-7340032,3.035632
-7864320,1.690495
-8126464,3.592430
-8126464,0.871249
-8126464,2.830315
-8126464,3.592430
-5505024,2.037469
13631488,11.792867
16252928,10.815804
16252928,12.564513
16252928,12.564513
16252928,10.457634
15728640,11.206495
12582912,10.096576
-56885248,1.020935
-56885248,2.961701
-56885248,2.961701
-56885248,0.623429
-55050240,1.454535
-44040192,0.222717
-4587520,14.990513
-11010048,11.520738
-14221312,12.156863
-13303808,11.954459
-5963776,13.820657
-14221312,12.156863
-14221312,12.156863
9830400,9.465991
23592960,5.770725
30474240,6.448191
28508160,6.232634
12779520,8.220110
30474240,6.448191
30474240,6.448191
-12582912,10.655470
-60817408,3.835754
-58720256,2.652508
-35651584,5.517110
-50331648,1.859894
-62914560,1.348748
-46137344,3.540998
12582912,3.455049
16252928,4.149163
15204352,3.928308
6815744,5.964627
16252928,4.149163
16252928,4.149163
20447232,8.321664
26411008,8.980789
24707072,8.771067
11075584,10.704741
26411008,8.980789
26411008,8.980789
44236800,2.710646
45875200,3.125186
49152000,3.862523
50790400,4.943285
14745600,8.606970
36044800,5.482422
47513600,5.122903
-91226112,1.340827
-81788928,2.410952
-97517568,1.259503
-91226112,2.992027
-125829120,0.065062
-94371840,2.897226
-94371840,1.298826
-11927552,5.306587
-14221312,4.189303
-13303808,5.870420
-18350080,3.030303
-13762560,5.778432
-13762560,4.227460
25559040,3.891878
26411008,4.972310
7667712,8.634876
18743296,5.511283
24707072,5.151873
19660800,5.265884
20316160,6.330869
5898240,9.941075
14417920,6.862137
19005440,6.507866
23068672,0.914849
37486592,5.460039
86507520,3.722930
86507520,1.733734
86507520,2.539196
89391104,3.634833
89391104,2.099133
13369344,1.389728
76873728,1.922757
103612416,4.096677
103612416,4.096677
103612416,4.096677
100270080,2.204689
103612416,4.096677
-5963776,14.552815
-13762560,12.982780
-13762560,11.184903
-13762560,11.912896
-14221312,12.903157
-14221312,11.515159
-13762560,10.444777
4259840,9.333006
9830400,7.667060
9830400,5.759355
9830400,6.531820
10158080,7.582573
10158080,6.109785
9830400,4.974016
-2097152,2.290076
-12058624,2.818238
-16252928,4.972310
-16252928,4.972310
-16252928,4.972310
-15728640,3.097596
-16252928,4.972310
-16252928,4.972310
5767168,0.914849
44695552,3.634833
44695552,3.634833
43253760,3.722930
37486592,2.784380
44695552,1.707530
44695552,3.634833
14221312,2.799339
14221312,2.799339
13762560,2.888200
11927552,1.941513
14221312,0.855326
14221312,2.799339
-25559040,6.244277
-49414144,2.041893
-52822016,3.499012
-47710208,2.941674
-51118080,1.595234
-52822016,3.499012
-52822016,0.775194
5898240,9.854747
11403264,5.814193
12189696,7.215199
11010048,6.679324
11796480,5.384734
12189696,7.215199
12189696,4.596273
12189696,6.481723
127991808,3.129505
127991808,3.129505
123863040,3.218063
107347968,2.274592
127991808,1.192095
127991808,3.129505
127991808,3.129505
127991808,0.795276
-9437184,0.871249
-16252928,3.592430
-15204352,1.296694
-5242880,6.702352
-12582912,2.894284
-16252928,3.592430
31719424,0.564972
44695552,2.530091
44695552,3.294561
36044800,1.549477
8650752,9.945635
41811968,3.071737
40370176,1.879091
-4718592,0.871249
-8126464,3.592430
-7602176,1.296694
-2621440,6.702352
-6291456,2.894284
-8126464,3.592430
-7602176,3.370293
9437184,10.096576
16252928,12.564513
15204352,10.482428
5242880,15.385013
12582912,11.931339
16252928,12.564513
15204352,12.363049
6815744,14.220587
-56885248,2.961701
-53215232,0.650946
-18350080,6.091969
-44040192,2.258988
-56885248,2.961701
-53215232,2.738111
-23855104,4.799656
-5505024,9.677419
-14680064,9.677419
-13762560,10.792513
-14221312,12.156863
-13303808,10.830474
-11927552,11.797668
-14221312,10.756972
-13303808,12.322850
31457280,3.807615
29491200,4.995175
30474240,6.448191
28508160,5.035603
25559040,6.065652
30474240,4.957325
28508160,6.624965
-92274688,1.348748
-62914560,3.362038
-65011712,3.679092
-56623104,1.803362
-58720256,2.221768
-62914560,2.965981
-65011712,4.056821
-18874368,7.754673
15728640,3.455049
16252928,3.771798
14155776,1.897872
14680064,2.315876
15728640,3.059373
16252928,4.149163
4718592,7.843456
25559040,7.567110
26411008,8.980789
24707072,7.606443
22151168,8.608607
26411008,7.530284
24707072,9.152779
34078720,6.411698
32768000,5.222044
50790400,4.943285
50790400,4.943285
50790400,4.191848
50790400,4.943285
21299200,5.000599
-25165824,0.065062
-97517568,1.259503
-94371840,2.104550
-94371840,0.890970
-97517568,0.864541
-75497472,2.601482
-22020096,5.146499
-9175040,5.968779
-14221312,5.692216
-14221312,5.692216
-14221312,4.946700
-14221312,5.692216
-5963776,5.749080
-16515072,3.030303
17039360,5.250983
26411008,4.972310
26411008,4.972310
26411008,4.221103
26411008,4.972310
11075584,5.029607
30670848,2.290076
13107200,6.605559
20316160,6.330869
20316160,6.330869
20316160,5.590402
20316160,6.330869
8519680,6.387348
23592960,3.686983
7864320,3.686983
86507520,0.914849
89391104,3.634833
43253760,4.111144
11534336,0.914849
89391104,3.634833
89391104,3.634833
103612416,4.096677
90243072,2.294410
60162048,1.389728
103612416,4.096677
103612416,4.096677
-14221312,12.903157
-12386304,11.266385
-8257536,10.444777
-14221312,12.903157
-14221312,12.903157
-13762560,12.982780
8847360,5.845814
5898240,4.974016
10158080,7.582573
10158080,7.582573
9830400,7.667060
-14155776,3.186498
-9437184,2.290076
-16252928,4.972310
-16252928,4.972310
-15728640,5.059184
-13631488,4.133660
44695552,3.634833
44695552,1.312781
43253760,2.138122
34603008,0.914849
25952256,0.914849
44695552,3.634833
41811968,1.340107
14221312,2.030955
14221312,2.799339
9633792,1.231587
10092544,0.055772
14221312,2.030955
14221312,2.799339
11468800,1.045319
-52822016,1.173687
-51118080,2.000191
-40894464,0.775194
-52822016,2.736158
-52822016,3.499012
-42598400,1.757618
12189696,4.979421
11796480,5.774097
9437184,4.596273
12189696,6.481723
12189696,7.215199
9830400,5.540864
127991808,3.129505
86704128,1.567077
127991808,2.363730
127991808,3.129505
103219200,1.381443
24772608,9.791931
-8912896,5.059788
-12582912,1.384869
-15728640,0.871249
-11534336,3.074110
-23068672,0.871249
-15728640,2.894284
-16252928,3.212873
24510464,4.766452
34603008,1.080179
43253760,0.564972
31719424,2.774639
46137344,0.564972
43253760,1.792565
44695552,3.294561
-3407872,5.418439
-8126464,3.592430
-8126464,3.592430
-11534336,0.871249
-7864320,2.894284
-8126464,3.212873
-7077888,1.328063
12582912,10.562397
15728640,10.096576
11534336,12.094430
15728640,11.931339
16252928,12.220279
14155776,10.510878
14680064,10.892181
-55050240,0.222717
-40370176,2.439990
-55050240,1.454535
-56885248,2.961701
-53215232,1.496470
-47710208,2.564907
-18350080,9.677419
-13762560,12.237169
-13762560,10.792513
-9175040,12.414467
-14221312,12.156863
39321600,3.807615
29491200,6.533715
29491200,4.995175
19660800,6.722536
30474240,6.448191
30474240,6.448191
-46137344,4.600987
-60817408,4.238115
-16777216,1.348748
-65011712,2.527846
-62914560,3.362038
-62914560,2.164047
11534336,4.692805
15204352,4.330282
4194304,1.443696
16252928,2.621660
15728640,3.455049
15728640,2.258211
18743296,9.497027
24707072,9.152779
17039360,9.247707
26411008,8.980789
26411008,8.980789
26411008,8.261271
58982400,2.260232
19660800,2.260232
50790400,4.943285
78643200,2.260232
6553600,8.009630
39321600,3.267859
-12582912,0.065062
-18874368,11.168944
-59768832,3.860059
-37748736,0.065062
-62914560,4.253952
-69206016,0.065062
-5505024,3.030303
-14221312,5.692216
-5505024,3.030303
-9175040,7.094901
-10092544,3.030303
10223616,2.290076
26411008,4.972310
10223616,2.290076
17039360,6.385702
18743296,2.290076
17039360,4.673245
20316160,6.330869
7864320,3.686983
13107200,7.724056
14417920,3.686983
13107200,6.036081
89391104,3.634833
80740352,3.078280
86507520,1.733734
89391104,3.634833
89391104,0.914849
89391104,2.873053
89391104,3.634833
60555264,2.080556
100270080,4.184351
86900736,3.250299
103612416,2.178610
103612416,4.096677
103612416,4.096677
103612416,1.785753
100270080,2.607139
80216064,1.389728
-11927552,12.134500
-14221312,11.161220
-14221312,12.903157
-14221312,12.903157
-14221312,10.804437
-13762560,11.550398
-11010048,10.444777
9830400,5.759355
10158080,7.582573
10158080,4.974016
10158080,6.852000
10158080,7.582573
6881280,6.091969
-15728640,3.097596
-16252928,4.972310
-16252928,2.290076
-16252928,4.221103
-16252928,4.972310
-11010048,3.439605
36044800,1.895890
8650752,10.262505
41811968,3.412794
40370176,2.224344
24510464,5.101545
34603008,1.428243
43253760,0.914849
31719424,3.116741
2752512,9.484473
13303808,2.575375
12845056,1.376621
7798784,4.278768
11010048,0.573618
13762560,0.055772
10092544,2.276755
-40894464,2.800190
-52822016,3.499012
-49414144,3.276659
-22151168,5.326790
-52822016,3.499012
-52822016,3.499012
2359296,13.596624
11403264,7.001409
11010048,5.857116
6684672,8.627417
9437184,5.090593
11796480,4.596273
8650752,6.716356
119734272,2.906301
115605504,1.711619
70189056,4.603908
99090432,0.911344
123863040,0.395257
90832896,2.608696
-15204352,2.136722
-13631488,3.198215
-16252928,2.056055
-15204352,3.774601
-20971520,0.871249
-15728640,3.680566
-15728640,2.095061
40370176,1.444928
43253760,2.195054
44695552,3.294561
12976128,7.021791
31719424,3.843050
41811968,3.477295
-7340032,1.748494
-7864320,2.496310
-8126464,3.592430
-2359296,7.308181
-5767168,4.139230
-7602176,3.774601
13631488,12.206985
16252928,11.171119
15204352,12.729732
20971520,10.096576
15728640,12.644445
15728640,11.206495
-56885248,1.415274
-53215232,3.145064
-73400320,0.222717
-55050240,3.050413
-55050240,1.454535
-13762560,10.423887
-14221312,10.400001
-11010048,11.969871
-3211264,14.270093
-1835008,9.677419
-2752512,19.713263
-8716288,13.107390
30474240,5.708651
30474240,6.448191
12779520,6.504598
35389440,3.807615
11796480,3.807615
30474240,6.448191
-65011712,3.298377
-65011712,4.056821
-27262976,4.114671
-75497472,1.348748
-25165824,1.348748
-65011712,4.056821
16252928,2.232146
12582912,3.945125
3670016,6.455033
2097152,1.443696
3145728,12.394396
9961472,5.186340
20447232,8.787036
5963776,11.170426
3407872,6.411698
5111808,16.810400
16187392,9.965685
36044800,5.998912
8192000,11.145665
32768000,2.260232
19660800,2.260232
52428800,2.260232
6553600,2.260232
-62914560,2.502499
-12582912,0.065062
-37748736,0.065062
-31457280,0.065062
-88080384,0.065062
-9175040,5.395418
-1835008,3.030303
-5505024,3.030303
-4587520,3.030303
-12845056,3.030303
4259840,11.172797
17039360,2.290076
10223616,2.290076
27262976,2.290076
3407872,2.290076
13107200,3.686983
7864320,3.686983
20971520,3.686983
2621440,3.686983
51904512,0.914849
89391104,3.634833
83623936,1.340107
28835840,6.743387
69206016,2.936995
89391104,3.634833
73531392,1.389728
103612416,3.338548
103612416,4.096677
83558400,2.366067
20054016,10.692584
96927744,3.875701
93585408,2.692948
-8257536,10.444777
-14221312,12.903157
-13303808,10.829135
-4587520,15.712732
-11010048,12.272435
-14221312,12.903157
-13303808,12.702473
5898240,4.974016
10158080,7.582573
9502720,5.381853
3276800,10.563781
7864320,6.913322
10158080,7.582573
9502720,7.369629
4259840,9.333006
-16252928,4.972310
-15204352,2.709432
-5242880,8.037719
-12582912,4.284156
-16252928,4.972310
-15204352,4.753352
-6815744,6.772183
17301504,0.914849
46137344,0.914849
43253760,2.138122
44695552,3.634833
41811968,2.179765
37486592,3.240791
44695552,2.099133
41811968,3.816924
14680064,0.055772
13762560,1.289652
14221312,2.799339
13303808,1.331656
11927552,2.401881
14221312,1.250325
13303808,2.983009
-74973184,0.775194
-51118080,2.800190
-52822016,3.119087
-46006272,1.232451
-47710208,1.653289
-51118080,2.401830
-52822016,3.499012
-15335424,7.218363
11796480,6.543288
12189696,6.849905
10616832,5.035922
11010048,5.440554
11796480,6.160269
12189696,7.215199
3538944,10.791321
123863040,1.624945
127991808,3.129505
119734272,1.666807
107347968,2.733396
127991808,1.585752
119734272,3.312551
165150720,0.395257
-10485760,3.875150
-16252928,3.592430
-16252928,3.592430
-16252928,2.830315
-16252928,3.592430
-6815744,3.650559
11534336,0.564972
44695552,1.753438
43253760,2.594258
43253760,1.386749
44695552,1.360452
34603008,3.088703
10092544,5.620990
-5242880,3.875150
-8126464,3.592430
-8126464,3.592430
-8126464,2.830315
-8126464,3.592430
-3407872,3.650559
-9437184,0.871249
10485760,12.820922
16252928,12.564513
16252928,12.564513
16252928,11.873323
16252928,12.564513
6815744,12.617233
18874368,10.096576
-36700160,3.246271
-56885248,2.961701
-56885248,2.961701
-56885248,2.194600
-56885248,2.961701
-23855104,3.020211
-66060288,0.222717
-22020096,0.222717
-5505024,9.677419
-9175040,13.463396
-10092544,9.677419
-9175040,11.880409
-1835008,9.677419
-5505024,9.677419
47185920,3.807615
3932160,9.465991
23592960,4.799289
21626880,7.487105
4915200,12.552378
19660800,3.807615
11796480,3.807615
-8388608,7.151762
-50331648,2.365771
-46137344,5.122293
-10485760,10.317043
-41943040,1.348748
-25165824,1.348748
2097152,7.241126
12582912,2.459740
11534336,5.213609
2621440,10.403359
10485760,1.443696
6291456,1.443696
10223616,6.411698
17039360,10.334561
18743296,6.411698
17039360,8.694341
3407872,6.411698
10223616,6.411698
8519680,6.411698
45875200,2.260232
16384000,2.260232
19660800,2.260232
-88080384,0.065062
-31457280,0.065062
-37748736,0.065062
-50331648,0.065062
-11010048,3.030303
-14680064,3.030303
-6422528,3.030303
20447232,2.290076
27262976,2.290076
11927552,2.290076
17039360,2.290076
6553600,3.686983
7864320,3.686983
10485760,3.686983
83623936,3.412794
37486592,5.460039
89391104,3.634833
89391104,3.634833
34603008,0.914849
92274688,0.914849
86507520,2.138122
89391104,3.634833
43450368,5.913135
103612416,4.096677
103612416,4.096677
147062784,1.389728
100270080,3.402183
103612416,3.719105
90243072,1.844153
-11010048,10.908794
-13762560,10.444777
-10092544,12.434894
-14680064,10.444777
-13762560,11.550398
-14221312,12.903157
-13303808,11.588036
10158080,7.582573
10158080,7.582573
10485760,4.974016
9830400,6.147177
10158080,7.582573
9502720,6.187114
-16252928,4.972310
-16252928,4.972310
-15728640,4.284156
-16252928,4.598185
-14155776,2.740352
-14680064,3.154766
12976128,7.348949
31719424,4.181392
41811968,3.816924
11534336,0.914849
44695552,2.099133
43253760,2.936995
10092544,3.350637
13303808,2.983009
3670016,0.055772
14221312,1.250325
13762560,2.095451
-68157440,0.775194
-51118080,3.587233
-51118080,2.000191
-34078720,3.782006
-52822016,3.499012
-52822016,3.499012
15728640,4.596273
11796480,7.300023
11796480,5.774097
7864320,7.487296
12189696,7.215199
12189696,7.215199
12189696,6.481723
123863040,3.218063
123863040,1.624945
127991808,1.585752
123863040,2.428007
123863040,1.218437
127991808,1.192095
-2097152,0.871249
-3145728,11.885554
-9961472,4.635632
-6291456,0.871249
-10485760,5.026346
51904512,0.564972
17301504,0.564972
44695552,3.294561
69206016,0.564972
5767168,6.414091
34603008,1.590075
-1048576,0.871249
-1572864,11.885554
-4980736,4.635632
-1048576,6.702352
-6291456,1.893195
-5767168,4.663059
3145728,20.085846
9961472,13.510630
2097152,15.385013
12582912,11.023416
11534336,13.535504
-11010048,11.309082
-34865152,4.011728
-7340032,6.091969
-44040192,1.251349
-40370176,4.039334
-9175040,9.293379
-14680064,9.677419
-1835008,9.677419
-12845056,9.677419
-4587520,9.677419
31457280,3.807615
3932160,3.807615
23592960,3.807615
31457280,3.807615
-67108864,1.348748
-8388608,1.348748
-50331648,1.348748
-67108864,1.348748
14680064,1.443696
12582912,1.443696
16777216,1.443696
27262976,6.411698
3407872,6.411698
8519680,6.411698
10223616,6.411698
32768000,2.260232
32768000,2.260232
13107200,2.260232
-62914560,0.065062
-62914560,0.065062
-25165824,0.065062
-9175040,3.030303
-9175040,3.030303
-22937600,3.030303
8519680,2.290076
6815744,2.290076
15335424,2.290076
13107200,3.686983
11796480,3.686983
83623936,2.179765
74973184,3.240791
89391104,2.099133
83623936,3.816924
115343360,0.914849
86507520,3.722930
86507520,2.138122
93585408,2.262385
100270080,3.006290
103612416,4.096677
30081024,7.792992
73531392,4.640616
96927744,4.277895
-12845056,11.237302
-13762560,11.912896
-14221312,12.903157
-4128768,16.260052
-10092544,13.397148
-13303808,13.067734
8519680,7.204673
10158080,6.109785
9502720,7.757204
13107200,4.974016
9830400,7.667060
9830400,6.147177
-16252928,3.457924
-15204352,5.151873
-20971520,2.290076
-15728640,5.059184
-15728640,3.496372
43253760,1.733734
44695552,1.707530
34603008,3.429700
10092544,5.953077
5767168,0.914849
8650752,11.924310
27394048,4.677576
14221312,2.030955
14221312,2.799339
5963776,2.857947
16515072,0.055772
5505024,0.055772
14221312,2.799339
-52822016,2.736158
-52822016,3.499012
-22151168,3.557198
-61341696,0.775194
-20447232,0.775194
-52822016,3.499012
12189696,5.359503
9437184,7.017688
2752512,9.447310
1572864,4.596273
2359296,15.196687
7471104,8.219199
99090432,2.923296
28901376,5.459905
16515072,0.395257
24772608,11.462451
78446592,4.177716
-11534336,4.663059
-2621440,9.882954
-10485760,0.871249
-6291456,0.871249
-16777216,0.871249
-2097152,0.871249
28835840,2.990216
5767168,0.564972
17301504,0.564972
14417920,0.564972
40370176,0.564972
-5242880,3.289023
-1048576,0.871249
-3145728,0.871249
-2621440,0.871249
-7340032,0.871249
2621440,18.269615
10485760,10.096576
6291456,10.096576
16777216,10.096576
2097152,10.096576
-36700160,0.222717
-22020096,0.222717
-58720256,0.222717
-7340032,0.222717
-5505024,9.677419
-7340032,9.677419
-4587520,9.677419
11796480,3.807615
15728640,3.807615
9830400,3.807615
-25165824,1.348748
-33554432,1.348748
-20971520,1.348748
7340032,1.443696
10485760,1.443696
10485760,1.443696
13631488,6.411698
8519680,6.411698
29491200,2.260232
36044800,2.260232
6553600,2.260232
-56623104,0.065062
-69206016,0.065062
-12582912,0.065062
-8257536,3.030303
-14680064,3.030303
-6422528,3.030303
18743296,2.290076
3407872,2.290076
11796480,3.686983
20971520,3.686983
9175040,3.686983
57671680,3.917429
89391104,3.634833
89391104,3.634833
89391104,2.873053
89391104,3.634833
37486592,3.692937
26738688,1.389728
103612416,2.568337
100270080,3.402183
100270080,2.204689
103612416,2.178610
80216064,3.892527
23396352,6.403810
-9175040,13.158571
-14221312,12.903157
-14221312,12.903157
-14221312,12.214643
-14221312,12.903157
-5963776,12.955671
-16515072,10.444777
6553600,7.853591
10158080,7.582573
10158080,7.582573
10158080,6.852000
10158080,7.582573
4259840,7.638297
11796480,4.974016
-10485760,5.250983
-16252928,4.972310
-16252928,4.972310
-16252928,4.221103
-16252928,4.972310
-6815744,5.029607
-18874368,2.290076
-6291456,2.290076
17301504,0.914849
28835840,5.068119
31719424,0.914849
28835840,3.331559
5767168,0.914849
17301504,0.914849
22020096,0.055772
1835008,5.934844
11010048,1.086125
10092544,3.878776
2293760,9.141611
9175040,0.055772
5505024,0.055772
-6815744,6.611947
-40894464,1.798130
-37486592,4.570678
-8519680,9.795630
-34078720,0.775194
-20447232,0.775194
1572864,10.208258
9437184,5.579817
8650752,8.245596
1966080,13.269340
7864320,4.596273
4718592,4.596273
49545216,0.395257
82575360,4.570306
90832896,0.395257
82575360,2.824641
16515072,0.395257
49545216,0.395257
41287680,0.395257
-14680064,0.871249
-5242880,0.871249
-6291456,0.871249
40370176,0.564972
14417920,0.564972
17301504,0.564972
23068672,0.564972
-6291456,0.871249
-8388608,0.871249
-3670016,0.871249
12582912,10.096576
16777216,10.096576
7340032,10.096576
10485760,10.096576
-18350080,0.222717
-22020096,0.222717
-29360128,0.222717
-12845056,9.677419
-22937600,9.677419
-8257536,9.677419
27525120,3.807615
49152000,3.807615
17694720,3.807615
31457280,3.807615
-104857600,1.348748
-37748736,1.348748
-67108864,1.348748
26214400,1.443696
9437184,1.443696
16777216,1.443696
15335424,6.411698
18743296,6.411698
3407872,6.411698
11534336,0.914849
17301504,11.924310
54788096,4.677576
34603008,0.914849
57671680,5.068119
120324096,1.389728
40108032,1.389728
103612416,4.096677
160432128,1.389728
13369344,7.190332
80216064,2.406329
-1835008,10.444777
-2752512,20.395357
-8716288,13.845609
-1835008,15.712732
-11010048,11.368028
-10092544,13.870387
1966080,15.532459
6225920,8.582598
1310720,10.563781
7864320,5.953666
7208960,8.608891
-3145728,13.146734
-9961472,6.000580
-2097152,8.037719
-12582912,3.297395
-11534336,6.027614
-2621440,11.172797
46137344,0.914849
5767168,0.914849
40370176,0.914849
14417920,0.914849
14680064,0.055772
1835008,0.055772
11010048,0.055772
14680064,0.055772
-54525952,0.775194
-6815744,0.775194
-40894464,0.775194
-54525952,0.775194
11010048,4.596273
9437184,4.596273
12582912,4.596273
132120576,0.395257
16515072,0.395257
41287680,0.395257
49545216,0.395257
-10485760,0.871249
-10485760,0.871249
-4194304,0.871249
28835840,0.564972
28835840,0.564972
11534336,0.564972
-5242880,0.871249
-5242880,0.871249
-13107200,0.871249
5242880,10.096576
4194304,10.096576
9437184,10.096576
-36700160,0.222717
-33030144,0.222717
-1835008,9.677419
3932160,3.807615
-8388608,1.348748
2097152,1.443696
11927552,6.411698
63438848,4.704991
14417920,9.922589
57671680,0.914849
34603008,0.914849
92274688,0.914849
11534336,0.914849
66846720,3.794857
13369344,1.389728
40108032,1.389728
33423360,1.389728
93585408,1.389728
-9175040,12.629051
-1835008,10.444777
-5505024,10.444777
-4587520,10.444777
-12845056,10.444777
1638400,13.612742
6553600,4.974016
3932160,4.974016
10485760,4.974016
1310720,4.974016
-10485760,2.290076
-6291456,2.290076
-16777216,2.290076
-2097152,2.290076
17301504,0.914849
23068672,0.914849
14417920,0.914849
5505024,0.055772
7340032,0.055772
4587520,0.055772
-20447232,0.775194
-27262976,0.775194
-17039360,0.775194
5505024,4.596273
7864320,4.596273
7864320,4.596273
66060288,0.395257
41287680,0.395257
-9437184,0.871249
-11534336,0.871249
-2097152,0.871249
25952256,0.564972
31719424,0.564972
5767168,0.564972
-4718592,0.871249
-8388608,0.871249
-3670016,0.871249
11534336,10.096576
2097152,10.096576
-33030144,0.222717
-58720256,0.222717
-25690112,0.222717
80740352,0.914849
28835840,0.914849
34603008,0.914849
93585408,1.389728
33423360,1.389728
40108032,1.389728
53477376,1.389728
-11010048,10.444777
-14680064,10.444777
-6422528,10.444777
7864320,4.974016
10485760,4.974016
4587520,4.974016
6553600,4.974016
-5242880,2.290076
-6291456,2.290076
-8388608,2.290076
40370176,0.914849
72089600,0.914849
25952256,0.914849
12845056,0.055772
22937600,0.055772
8257536,0.055772
14680064,0.055772
-85196800,0.775194
-30670848,0.775194
-54525952,0.775194
19660800,4.596273
7077888,4.596273
12582912,4.596273
74317824,0.395257
90832896,0.395257
16515072,0.395257
57671680,0.914849
57671680,0.914849
23068672,0.914849
51904512,0.914849
63438848,0.914849
11534336,0.914849
66846720,1.389728
66846720,1.389728
26738688,1.389728
60162048,1.389728
73531392,1.389728
13369344,1.389728
-9175040,10.444777
-9175040,10.444777
-22937600,10.444777
-8257536,10.444777
-14680064,10.444777
-6422528,10.444777
6553600,4.974016
16384000,4.974016
5898240,4.974016
10485760,4.974016
4587520,4.974016
-10485760,2.290076
-9437184,2.290076
-11534336,2.290076
7340032,0.389105
15728640,3.517588
39321600,3.517588
14155776,3.517588
25165824,3.517588
11010048,3.517588
-6553600,14.495657
-5898240,14.495657
-7208960,14.495657
-1310720,14.495657
-23068672,1.949861
-10092544,1.949861
-7340032,8.571429
7340032,10.017574
4587520,9.412597
1032192,4.276345
6684672,6.787071
-1474560,9.181951
-1228800,12.157482
43008,6.923193
-4587520,17.049547
-12582912,8.662377
1720320,2.206093
-2654208,6.584009
7864320,2.458869
-13762560,11.331024
6684672,6.787071
-1474560,9.181951
-1228800,12.157482
-1720320,5.946416
11010048,11.034487
-4718592,5.304377
4194304,18.394817
-163840,15.425197
9175040,12.195835
860160,3.877379
-6291456,8.437730
1531904,5.387798
3801088,2.258821
22464,2.639449
48384,12.428735
30670848,6.097016
-16777216,5.410386
962560,12.244122
1949696,4.933455
-458752,7.703760
-27648,6.654512
-13434880,8.799827
-229376,13.147063
1638400,0.775194
2809856,3.039639
4435968,3.850182
4202496,4.851330
-1011712,7.472785
317952,2.014854
2179072,5.300889
-9175040,5.580512
-56426496,2.846942
7840,5.004241
-2129920,2.917153
62720,8.432609
544768,14.613702
3538944,1.727447
10080,3.170029
1880064,7.688410
532480,12.842505
-225280,16.492445
-2981888,4.037280
-7340032,8.896164
147456,5.061262
5505024,6.629244
-38928384,6.677713
64880640,2.215243
-5038080,0.981132
5570560,19.642248
1556480,7.599552
-24320,13.027930
-1261568,10.119762
-10092544,10.789031
-63700992,2.330155
39190528,4.678647
-16777216,6.224255
-552960,12.625225
22020096,7.255503
-37617664,1.350569
1916928,6.817139
-28966912,5.142909
-9437184,1.871487
-2506752,5.107946
-83165184,2.966220
46006272,5.729798
-20971520,7.949110
532480,12.907225
1032192,4.276345
64512,4.689301
-1032192,3.470759
-10747904,2.696564
-401408,13.738030
-15728640,1.475305
-7225344,1.936476
-4669440,5.326058
-82944,4.950495
-6225920,15.101816
-12058624,5.784934
4014080,1.989854
-1032192,3.470759
-10747904,2.696564
-401408,13.738030
-15728640,1.475305
-7225344,1.936476
-4669440,5.326058
5775360,2.311826
-7127040,0.429185
-278528,22.372351
204800,13.653535
1966080,16.704372
-4358144,3.583018
-8257536,10.425893
7864320,14.941445
7864320,5.935038
-14155776,10.005630
25559040,1.896132
-3686400,1.990812
3133440,6.430961
2621440,25.198359
4259840,13.343066
-258048,3.252438
-414720,1.706485
-19464192,5.957366
57933824,4.967791
-29360128,4.369637
-122880,10.668460
4816896,2.999606
-2236416,1.407721
-1376256,5.109352
-974848,12.577526
-110592,2.595584
-156672,4.939538
-5087232,2.147088
4579328,3.330969
-4194304,14.032051
38400,10.643644
5963776,1.877398
1638400,9.498013
-8960,19.257458
-207872,5.291454
-2408448,8.073837
2162688,7.456061
540672,3.954979
-2433024,5.185259
1720320,3.539119
3072000,2.971498
1323008,8.984039
1679360,8.424753
143360,19.821476
-193536,4.183933
-1777664,6.556819
1081344,11.440304
540672,6.972518
-2211840,4.656069
737280,12.347008
3072000,1.477833
1462272,5.461646
1310720,9.480725
122880,14.947222
-98304,17.933649
-1638400,17.231457
-18874368,6.570527
2580480,1.995874
-1327104,8.775808
-1048576,5.338743
-13303808,12.462969
7471104,5.812870
-1179648,8.320173
2703360,2.762956
-3833856,4.027348
-5767168,3.878227
-11927552,13.817070
7864320,2.991069
-6340608,2.862255
3440640,8.005926
13762560,7.711496
7077888,11.645811
-5898240,3.449739
6422528,8.290869
-8519680,13.619476
-1892352,2.249496
-8519680,18.204330
-2293760,3.159672
11272192,2.342357
-10092544,10.341289
-3145728,13.264174
-2703360,6.044467
41216,3.257910
800,21.798632
6422528,5.686371
1456,13.641755
-5529600,3.145087
89856,2.646832
-466944,5.496436
10092544,2.547457
-8912896,11.498902
-7864320,14.382166
-147200,4.034214
4480,8.459338
22020096,3.658949
319488,17.907394
1064960,4.410735
55040,9.297650
-401408,17.030693
14680064,5.574040
-1363968,7.263089
-3809280,4.341531
1835008,8.954067
-56229888,2.314628
-43253760,2.875410
8736,5.882353
2211840,3.929114
2289664,6.777573
630784,12.545493
23855104,5.838189
-4718592,9.522181
-75694080,4.418943
-2015232,5.355955
3932160,20.254786
3735552,4.097696
-68096,8.150906
22347776,8.856966
6488064,5.602346
-6881280,6.024254
-8257536,5.476404
-40370176,4.559308
-66519040,2.818139
4718592,16.154375
6291456,16.180618
2555904,6.959311
-8257536,15.094109
-2920448,3.773161
16056320,1.289652
-983040,8.550761
-25559040,4.257079
-9043968,9.655796
1440,9.033481
-64512,5.637305
-1757184,6.992461
3072000,4.628883
331776,9.567266
3538944,10.026726
-1118208,2.248906
3145728,15.249693
7864320,16.376591
-753664,8.070809
1120,8.646003
-53760,7.070009
1437696,5.158165
1966080,21.563871
-5767168,17.560537
196608,11.497637
1204224,2.545958
-6960,8.493295
983040,5.118655
221184,3.976244
430080,1.681393
-114688,5.017143
184320,4.960787
-102400,15.758298
811008,10.816990
-44544,7.888914
30277632,5.217478
475136,17.814171
-4386816,2.674036
5529600,1.588929
-675840,6.870608
22282240,8.407871
80740352,1.908807
-491520,1.742181
43008,8.883286
2555904,6.742998
-1720320,6.177652
946176,11.891339
145152,2.797179
2088960,4.825560
-176640,3.097331
1761280,6.830300
11534336,11.819861
153600,1.716129
1835008,5.761612
-950272,8.947514
-9830400,6.375431
-1318912,3.420844
9120,8.147850
2924544,1.933864
1757184,6.290517
-819200,4.211558
-198,3.883495
-565248,9.122947
1835008,4.352440
-1114112,10.625797
-9830400,8.489314
-1224704,7.127506
4640,8.930324
-1261568,4.942784
2662400,5.691923
1556480,5.277507
7221248,2.052367
-401408,16.032566
1548288,5.981740
-1142784,7.198924
1351680,9.705847
315392,12.385026
-3194880,2.046643
-540672,13.622530
2662400,4.240136
1720320,1.611667
5636096,3.181822
-344064,10.927938
-45056,7.877896
901120,2.563188
142080,6.015584
-15728640,8.761889
1966080,2.096231
11927552,2.306274
2949120,15.076296
-317184,0.549950
-8519680,18.820761
1949696,5.050078
2883584,9.155681
-12255232,8.381797
161024,7.504251
-97280,4.304714
-286720,7.343493
2555904,2.171821
5308416,12.417407
-1208320,8.340824
-6815744,13.880646
696320,4.208883
630784,10.655723
-3969024,4.529953
179968,6.895606
1064960,7.286187
-138240,1.789584
1011712,5.200111
11796480,7.708196
-5074944,2.357980
232960,5.806624
-905216,6.276719
14080,15.622941
-487424,15.217486
0,-26214400,8.207486
2752512,4.310377
44800,14.037916
1171456,6.821643
12800,13.185024
-602112,12.416251
-8388608,4.069500
1212416,1.763597
-4317184,3.231053
2359296,7.496436
-43253760,4.481662
3932160,3.162412
1680,14.720813
2433024,6.352170
532480,10.778078
946176,7.681590
-46727168,3.361447
-16777216,5.338743
-2985984,2.430621
-23592960,6.767948
-3526656,4.744958
-1277952,9.477906
-12779520,4.750690
-17104896,2.669041
-12255232,5.144735
-21561344,4.645677
-54853632,4.427124
-20971520,7.079885
2875392,2.745682
7864320,9.492081
-3268608,5.672779
-3670016,12.867244
0,-8847360,12.735537
49807360,4.842954
958464,10.766349
1572864,12.563387
44826624,3.019428
-315392,10.947471
-8257536,1.483580
-5898240,9.542801
15335424,14.008061
27525120,6.413508
-614400,9.745543
32374784,3.415040
-3538944,14.840017
5111808,10.203241
48365568,1.396759
-405504,11.686264
-17039360,5.900732
-8716288,1.645122
-20185088,4.427210
12582912,3.294660
-4423680,2.991601
-487424,2.808718
-111360,7.962378
786432,4.369820
-122880,2.523381
-430080,1.298260
372736,6.233947
143360,3.286087
-450560,3.165768
221184,8.613359
-178176,2.479927
-12255232,5.473035
-5046272,7.585052
-69074944,3.654587
-29360128,3.466612
-663552,0.245496
-5160960,2.489678
-209664,4.800305
917504,7.818838
-430080,12.216031
-200448,3.387380
-765952,4.976162
-1318912,3.840722
-5459968,1.995147
-4194304,13.220267
207360,0.219425
-6389760,1.361570
-274176,5.338061
-802590720,4.437477
2260992,5.883058
-880640,10.514977
9961472,11.131159
69120,8.447906
-1277952,4.708814
3760128,2.675252
76032,5.847388
-630784,7.087894
-204800,17.298304
4632576,3.221254
3145728,10.653337
-593920,10.137113
12451840,5.552022
-516096,8.962846
-1400832,6.081688
3760128,1.668853
-9856,2.925244
-1224704,6.336831
-1835008,5.563836
-3063808,4.920074
1966080,7.555893
1277952,5.340395
-2019328,3.093265
6295552,3.582555
118784,2.597744
1167360,1.850312
573440,13.306534
-3194880,3.124511
-1835008,5.209478
-2703360,2.864103
1572864,12.238024
786432,9.478058
0,-1835008,18.272024
-9424,3.620372
-2883584,4.659276
-1216512,4.846262
-314880,1.633813
-3698688,5.239841
-4194304,7.664563
-15728640,2.722906
-13303808,8.053786
-10813440,1.948865
-22937600,4.676890
-1904640,5.524934
-18874368,3.971867
-14155776,3.416791
-905216,5.835456
1310720,7.997181
368640,12.649311
8650752,11.881353
2621440,18.608637
3870720,2.872921
-14483456,5.982012
-16720,0.830368
458752,7.053942
-1572864,9.481288
-14745600,11.418174
-11468800,9.296535
4718592,14.721076
368640,3.700820
401408,4.312525
904704,0.903877
-32000,11.207303
-659456,11.423800
25165824,4.343066
3940352,2.758068
-3174400,3.898667
-6815744,4.604570
21626880,7.260378
13762560,11.369397
-8400,3.236954
-2322432,3.717505
-1331200,8.738094
1036288,6.635422
40894464,4.610658
13631488,5.126903
153600,2.754036
-11927552,7.860687
21626880,8.977777
15138816,12.065428
4198400,1.042980
-6881280,16.185553
-3891200,3.248168
111872,2.762277
17301504,10.656797
18743296,7.098084
-8192000,6.355739
-11927552,7.323289
14417920,9.418106
13303808,10.592688
-9830400,12.333489
-11010048,11.903491
-2662400,6.135132
13565952,10.112826
-7483392,0.707576
-614400,13.893260
14155776,12.644636
-1597440,5.119859
22413312,11.886108
2166784,5.155968
5242880,11.691545
5505024,10.744297
-7602176,8.575607
8650752,8.264277
-2580480,3.800443
-32000,14.759863
7077888,11.408839
-3256320,2.156198
2957312,3.599150
-30146560,3.707459
19267584,4.621511
-1843200,6.104769
-39190528,1.212636
23592960,5.228330
-30670848,3.187802
6553600,4.318068
-8519680,12.140204
5242880,7.361428
-114688,25.162807
921600,9.061576
30277632,2.635454
32768000,4.359265
-33161216,2.960202
59768832,4.159111
15335424,6.719922
32000,663552,13.079155
12976128,4.240815
-9175040,2.668577
5586944,3.588537
-32374784,2.068141
2027520,4.802150
5242880,11.784976
-5242880,12.678045
-19660800,8.064861
-29818880,2.668206
2211840,6.379282
-1658880,4.015109
1835008,20.291172
3301376,3.741945
-1916928,1.732183
506880,2.951211
516096,8.406570
-387072,3.019127
-25600,20.099874
1327104,5.593653
-1290240,4.109874
-778240,15.392142
-2732032,3.531034
2129920,6.031753
-487424,8.836308
-712704,12.738493
811008,8.566893
-322560,4.017997
-134400,5.429368
2764800,4.770565
-2457600,4.211035
68096,11.505023
-2560000,3.032103
-1634304,5.068867
-4198400,4.112229
-659456,10.358224
2654208,4.756081
3301376,2.690747
1126400,9.287848
-1171456,8.199434
1228800,7.005960
172032,21.176632
-2560000,1.539370
-1806336,1.394953
-3276800,5.217931
-565248,4.908441
1277952,4.328941
1490944,-860160,13.036884
-1843200,5.889273
-774144,3.020828
917504,3.542371
95232,5.523809
-692224,2.241780
197120,1.548297
-262144,18.210863
196608,9.771041
-3276800,4.182764
-860160,11.722326
-1253376,7.783178
-1105920,4.734832
-39424,2.757634
-317440,2.224768
-166400,2.188992
-6553600,16.747629
4239360,1.772304
227328,4.278514
1490944,4.165703
-2150400,4.981575
-3833856,4.614693
6553600,13.717333
2293760,17.073029
172800,1.036029
-688128,6.264660
326400,3.620435
-376832,3.501858
4980736,9.868420
-146432,4.608910
165888,3.245787
-2334720,7.392952
-18350080,5.580512
-12386304,11.545355
71680,10.882349
-532480,5.644697
-37120,10.025208
-802816,11.391603
4194304,6.909256
-416768,1.470258
-1523712,4.439391
-7864320,5.256188
-30277632,1.748061
-17694720,10.484185
2688,11.608024
-1105920,5.169250
-1544192,7.523169
1261568,6.601507
-4325376,13.700978
-27525120,2.290076
-23396352,5.208480
12976128,10.318967
-102144,10.371696
-2883584,24.808762
-40697856,4.186377
-579072,2.452534
-8388608,20.893593
-5505024,12.417923
-9371648,5.465113
-33030144,0.860585
-31653888,5.685470
18874368,4.909734
-393984,3.898372
-44564480,5.382305
3727360,3.065861
-2097152,10.760857
14942208,10.325259
-2293760,16.525373
10027008,1.955683
2359296,21.755949
-3145728,15.691479
-34406400,5.797501
-3809280,2.032402
-28966912,3.962486
-13762560,7.491026
-6815744,8.352056
16121856,8.824830
-2949120,17.218010
-2621440,15.838517
3256320,3.046587
-1245184,4.535174
23592960,5.549577
-16711680,9.660813
-5308416,11.041398
13762560,5.459105
23003136,6.370924
-12058624,3.279318
389120,18.912386
9175040,10.152850
1105920,5.952866
27262976,4.101773
17694720,6.531440
-20054016,5.960172
576,19456,18.811550
184320,12.491098
-36044800,4.147142
-39321600,3.815521
-51904512,3.014996
-1253376,0.361469
-4423680,5.270543
-46592,1.538462
-905216,2.674155
2752512,16.646317
-233472,3.985788
348160,8.618942
2355200,5.046884
-27525120,8.463429
-5455872,0.762632
2506752,1.472362
-2826240,5.263560
-5459968,2.867593
-8912896,11.634869
268800,0.547948
1703936,2.744323
1253376,10.006979
552960,11.745413
765952,7.533141
81920,28.464144
-950272,5.115885
-3932160,10.065239
-3682304,2.457435
-11141120,6.087355
-2007040,1.106677
1867776,4.145535
1253376,9.076427
1634304,7.534011
-1024000,9.532165
2457600,5.082724
-28672,12.366282
2138112,7.151642
2924544,7.011918
811008,8.319344
450560,6.972135
1757184,4.888243
1318912,3.253155
1945600,6.877144
-778240,10.574263
2519040,3.957103
458752,12.979677
1990656,6.065685
2158592,737280,11.203608
-29184,14.489144
-512000,5.252912
2150400,2.925901
3932160,4.679069
-884736,4.962135
905216,1.983150
1032192,5.005955
53248,18.210863
319488,3.062667
786432,12.646620
-29184,13.197109
-348160,7.159809
3072000,4.641643
-168960,3.903357
2949120,1.642887
-5898240,14.953403
589824,9.441889
-3932160,10.768238
-7602176,15.639359
5160960,1.736616
37888,6.845004
-157696,2.896552
-1032192,5.516205
-4423680,5.266242
-9175040,8.588809
-2949120,16.244783
-55296,9.624908
-327680,7.678091
378624,2.337459
-458752,3.466764
933888,5.943209
-2883584,16.773582
-5505024,12.077847
-1204224,9.300675
4718592,14.032481
-204288,1.837472
5767168,10.571791
-34668544,7.012242
2613248,6.296843
-25165824,7.378775
-1806336,6.090211
-10092544,5.369743
-22020096,0.324465
1204224,8.194551
12976128,8.396801
-875520,2.229191
884736,4.485965
5242880,17.076101
819200,7.016867
-626688,3.243049
-78336,4.477612
1757184,7.463253
1474560,6.286762
6488064,11.194428
11796480,8.379359
-6709248,2.339685
5111808,7.636400
5242880,17.076101
819200,7.016867
-487424,2.808718
-65280,5.928466
-638976,9.190443
98304,5.966980
-168960,3.664468
573440,7.357415
-860160,2.136442
-266240,0.799964
-737280,10.292928
-185600,3.223956
-12255232,5.473035
4456448,15.511552
-7667712,11.700472
2260992,6.113132
-2297856,4.319388
-3686400,3.686983
30277632,4.684212
-28966912,2.858498
-36700160,2.824280
614400,1.787299
-8650752,12.541704
-20447232,3.915551
-291840,2.472280
7557120,1.921208
-868352,19.416769
6815744,3.669733
-2949120,3.610425
2359296,8.264349
1081344,6.986762
-765952,6.112047
-946176,7.521610
-2359296,4.891027
38912,18.999146
2015232,4.319785
-284928,2.400192
163840,14.183952
-1544192,0.768116
-6553600,7.158602
1433600,2.313646
-3969024,2.247048
3551232,0.729927
-1757184,6.764862
-393216,5.876721
-3872,5.260582
-1884160,7.459033
11010048,4.441266
-1810432,2.597131
-6553600,9.254803
1331200,6.062802
-2019328,3.093265
3690496,1.452644
-96512,7.508601
3342336,2.801208
-4259840,10.947810
-958464,9.430625
2850816,4.338180
-3473408,3.892864
5104,8.019463
933888,5.669594
184320,15.365295
-2703360,1.737735
2621440,7.062096
2949120,0.699419
-3407872,15.458146
-589824,13.389564
42467328,3.971867
-40894464,2.476190
180224,10.606278
4595712,1.907795
5898240,17.059744
6029312,11.341991
14155776,3.607307
46006272,4.020252
5160960,1.142397
507904,16.748377
-147200,4.931670
2064384,2.558313
-3932160,15.115112
360448,14.251730
-319488,13.553764
1032192,9.779736
4128768,1.340403
884736,7.277483
29818880,3.832400
548352,0.635668
-4259840,12.844716
-18350080,5.252353
108800,6.635889
-41222144,1.057103
1810432,2.117647
-33226752,8.393569
9437184,9.206967
-10813440,7.704126
11796480,10.809811
5849088,2.566515
-39190528,2.043272
-47185920,4.240956
-2560000,2.873576
-3203072,2.688626
2576384,2.067825
1392640,5.593009
72351744,2.248508
-30670848,6.027505
1843200,6.355739
4521984,3.938738
-2424832,4.492812
107008,9.033875
-196608,6.225764
-1032192,5.848099
-2207744,1.500507
1310720,3.532808
5505024,1.813683
-3407872,23.040972
27648,7.118621
2064384,3.282988
-4194304,3.884138
-737280,3.201920
-230912,3.735326
-983040,14.035213
-360448,9.023726
2064384,3.860512
5308416,2.119569
3727360,2.755051
-499968,1.238938
32000,15.002126
3612672,2.264277
-26880,6.004127
-298496,3.149233
-761856,14.337565
-720896,8.701115
-377856,3.492206
6082560,2.807676
-2580480,1.069440
1089536,6.694721
1167360,10.922141
-180224,17.627325
-229376,12.099298
516096,9.206443
-10158080,13.673183
9437184,5.763710
860160,5.372521
884736,5.862525
-2359296,6.718730
-13762560,12.380631
3145728,5.886858
2506752,3.991764
-445440,2.638194
-16515072,9.150224
2138112,5.127590
1597440,6.153506
-4325376,14.005010
-1048576,29.987207
720896,7.548989
1634304,3.714265
-6480,8.886390
1769472,4.787344
32768,15.452692
614400,1.287092
103936,4.069408
204800,5.957984
225280,7.639956
147456,24.259966
-163328,3.777542
41091072,6.353758
0,-4456448,20.923498
1544192,3.952151
-3096576,5.624536
-4571136,4.967528
-1769472,1.225504
417792,8.801142
516096,4.105063
-884736,7.133050
491520,19.564438
393216,7.837696
-1462272,4.224850
37120,14.434558
-2494464,5.847291
-6602752,3.854721
-1253376,2.577615
147456,14.787975
811008,4.272859
-737280,8.089538
2580480,4.796374
819200,7.034172
-2785280,4.325890
-3248,10.523417
-2494464,7.613574
-5332992,4.332130
-1622016,4.519109
270336,7.064623
811008,4.452966
-516096,7.751870
3072000,4.120059
622592,8.105044
-2854912,3.191293
51968,11.132392
14080,2.909944
-341504,4.174734
-2621440,8.173017
1531904,9.313206
1310720,23.383669
1171456,6.600331
6770688,3.996161
366336,4.546059
267264,3.023266
-311296,14.871320
-819200,13.296940
-890880,0.888122
-2621440,7.828449
1351680,7.352231
1048576,27.264151
720896,10.682921
0,983040,6.235693
95744,3.528606
-148480,2.438383
-3096576,4.725722
-8126464,18.222649
1695744,2.114100
294912,6.250656
1572864,17.166807
