-19107840,0.000000
-12738560,0.000000
3572736,0.000000
2381824,0.000000
-100204544,0.000000
-25051136,0.000000
-68890624,0.000000
-2543616,0.000000
-1695744,0.000000
-87490560,0.000000
-21872640,0.000000
-60149760,0.000000
19673088,0.000000
26230784,0.000000
11765760,0.000000
15687680,0.000000
21651456,0.000000
28868608,0.000000
3608576,0.000000
14285824,0.000000
20408320,0.000000
4081664,0.000000
-38879232,0.000000
-55541760,0.000000
-11108352,0.000000
-56713216,0.000000
-64815104,0.000000
6573056,0.000000
7512064,0.000000
9999360,0.000000
11427840,0.000000
27141120,0.000000
62029824,0.000000
62029824,0.000000
9583616,0.000000
10952704,0.000000
26012672,0.000000
-24002560,0.000000
-25116672,0.000000
-25591808,0.000000
-49184768,0.000000
127533056,0.000000
-10250240,0.000000
-7884800,0.000000
-1675520,0.000000
-3794560,0.000000
-17326080,0.000000
-30031872,0.000000
-19636224,0.000000
-13066752,0.000000
-103956480,0.000000
-180191232,0.000000
-117817344,0.000000
-78400512,0.000000
-15654912,0.000000
-12042240,0.000000
-2558976,0.000000
-5795328,0.000000
-13396992,0.000000
-8226816,0.000000
-6328320,0.000000
-1344768,0.000000
-3045504,0.000000
-7040256,0.000000
-2531328,0.000000
-89169920,0.000000
-121016320,0.000000
19054592,0.000000
-87678976,0.000000
-118992896,0.000000
-11870208,0.000000
-16109568,0.000000
-87490560,0.000000
-65617920,0.000000
3278848,0.000000
4918272,0.000000
1960960,0.000000
15687680,0.000000
2941440,0.000000
3608576,0.000000
5412864,0.000000
12630016,0.000000
32653312,0.000000
6122496,0.000000
16326656,0.000000
-16662528,0.000000
-44433408,0.000000
-153935872,0.000000
-170139648,0.000000
17841152,0.000000
19719168,0.000000
22855680,0.000000
5713920,0.000000
162828288,0.000000
124059648,0.000000
28750848,0.000000
21905408,0.000000
-15001600,0.000000
-17267712,0.000000
-4709376,0.000000
-17594368,0.000000
-4798464,0.000000
-33814528,0.000000
-9222144,0.000000
-46110720,0.000000
23912448,0.000000
119562240,0.000000
-8919680,0.000000
-1724800,0.000000
-12850176,0.000000
-4620288,0.000000
-27721728,0.000000
-11289600,0.000000
-10046208,0.000000
-44584960,0.000000
-63692800,0.000000
-12738560,0.000000
-19107840,0.000000
14290944,0.000000
19054592,0.000000
2381824,0.000000
19054592,0.000000
3572736,0.000000
-100204544,0.000000
-12525568,0.000000
-100204544,0.000000
-18788352,0.000000
-13565952,0.000000
-1695744,0.000000
-13565952,0.000000
-2543616,0.000000
-87490560,0.000000
-10936320,0.000000
-87490560,0.000000
-16404480,0.000000
13115392,0.000000
13115392,0.000000
26230784,0.000000
6557696,0.000000
7843840,0.000000
18629120,0.000000
20590080,0.000000
14434304,0.000000
34281472,0.000000
37890048,0.000000
16326656,0.000000
38775808,0.000000
42857472,0.000000
-44433408,0.000000
-88866816,0.000000
-22216704,0.000000
-129630208,0.000000
-81018880,0.000000
15024128,0.000000
10329088,0.000000
2817024,0.000000
22855680,0.000000
14284800,0.000000
124059648,0.000000
77537280,0.000000
21905408,0.000000
13690880,0.000000
-19502080,0.000000
-15001600,0.000000
-3187840,0.000000
-7219520,0.000000
-16689280,0.000000
-6000640,0.000000
-15697920,0.000000
-3335808,0.000000
-7554624,0.000000
-17463936,0.000000
-6279168,0.000000
-15994880,0.000000
-3398912,0.000000
-7697536,0.000000
-17794304,0.000000
-6397952,0.000000
-79925248,0.000000
-52258816,0.000000
-34775168,0.000000
-6724480,0.000000
207241216,0.000000
135503872,0.000000
90169856,0.000000
17436160,0.000000
-7392000,0.000000
-12320000,0.000000
-11975040,0.000000
-12418560,0.000000
-2217600,0.000000
-3942400,0.000000
-10828800,0.000000
-18048000,0.000000
-17542656,0.000000
-18192384,0.000000
-3248640,0.000000
-5775360,0.000000
-64972800,0.000000
-108288000,0.000000
-105255936,0.000000
-109154304,0.000000
-19491840,0.000000
-34652160,0.000000
-19117056,0.000000
-18891264,0.000000
-18966528,0.000000
-19192320,0.000000
-7225344,0.000000
-10838016,0.000000
-9927552,0.000000
-9967104,0.000000
-10085760,0.000000
-3796992,0.000000
-5695488,0.000000
-50954240,0.000000
-50954240,0.000000
9527296,0.000000
9527296,0.000000
-50102272,0.000000
-50102272,0.000000
-5935104,0.000000
-6782976,0.000000
-16109568,0.000000
-43745280,0.000000
-43745280,0.000000
26230784,0.000000
15687680,0.000000
28868608,0.000000
32653312,0.000000
-88866816,0.000000
-61095936,0.000000
-121528320,0.000000
-210649088,0.000000
-137732096,0.000000
12207104,0.000000
9390080,0.000000
1995392,0.000000
4518976,0.000000
18570240,0.000000
14284800,0.000000
3035520,0.000000
6874560,0.000000
15891840,0.000000
116305920,0.000000
201596928,0.000000
131813376,0.000000
87714048,0.000000
16961280,0.000000
20536320,0.000000
35596288,0.000000
23274496,0.000000
15487808,0.000000
2994880,0.000000
-14064000,0.000000
-23440000,0.000000
-22783680,0.000000
-14716800,0.000000
-24528000,0.000000
-23841216,0.000000
-24724224,0.000000
-25391872,0.000000
-25091968,0.000000
-25191936,0.000000
-25491840,0.000000
-48800512,0.000000
-48224128,0.000000
-48416256,0.000000
-48992640,0.000000
74726400,0.000000
124544000,0.000000
121056768,0.000000
125540352,0.000000
22417920,0.000000
-5519360,0.000000
-10102400,0.000000
-11728640,0.000000
-12566400,0.000000
-8085504,0.000000
-14799360,0.000000
-17181696,0.000000
-18408960,0.000000
-18120192,0.000000
-31186944,0.000000
-110453760,0.000000
-105255936,0.000000
-110020608,0.000000
-107421696,0.000000
-5419008,0.000000
-19192320,0.000000
-18289152,0.000000
-19117056,0.000000
-18665472,0.000000
-4429824,0.000000
-8108160,0.000000
-9413376,0.000000
-10085760,0.000000
-9927552,0.000000
-7949952,0.000000
-121016320,0.000000
-133754880,0.000000
22627328,0.000000
25009152,0.000000
-100204544,0.000000
-25051136,0.000000
-17805312,0.000000
-13565952,0.000000
-114831360,0.000000
-87490560,0.000000
16394240,0.000000
10785280,0.000000
2941440,0.000000
19847168,0.000000
5412864,0.000000
22449152,0.000000
6122496,0.000000
30612480,0.000000
-16662528,0.000000
-83312640,0.000000
-91652608,0.000000
-17722880,0.000000
10446464,0.000000
3756032,0.000000
5713920,0.000000
72691200,0.000000
21734272,0.000000
-23908800,0.000000
-9000960,0.000000
-13501440,0.000000
-4415040,0.000000
-7848960,0.000000
-10988544,0.000000
-9596928,0.000000
-14395392,0.000000
-7197696,0.000000
-15370240,0.000000
-21518336,0.000000
-39386240,0.000000
71737344,0.000000
35868672,0.000000
127034880,0.000000
-12221440,0.000000
-9757440,0.000000
-14981120,0.000000
-14510592,0.000000
-4114944,0.000000
-87063552,0.000000
-24689664,0.000000
-94427136,0.000000
-4290048,0.000000
-16407552,0.000000
-2254464,0.000000
-8622336,0.000000
-9532032,0.000000
-101908480,0.000000
-63692800,0.000000
19054592,0.000000
13100032,0.000000
3572736,0.000000
-100204544,0.000000
-62627840,0.000000
-13565952,0.000000
-8478720,0.000000
-87490560,0.000000
-54681600,0.000000
21312512,0.000000
16394240,0.000000
3483776,0.000000
7889728,0.000000
18238592,0.000000
6557696,0.000000
9804800,0.000000
2083520,0.000000
4718560,0.000000
10907840,0.000000
3921920,0.000000
18042880,0.000000
3834112,0.000000
8683136,0.000000
20072704,0.000000
7217152,0.000000
53061632,0.000000
34694144,0.000000
23086912,0.000000
4464320,0.000000
-144408576,0.000000
-94420992,0.000000
-62831616,0.000000
-12149760,0.000000
-75955200,0.000000
-126592000,0.000000
-123047424,0.000000
-127604736,0.000000
-22786560,0.000000
-40509440,0.000000
8803200,0.000000
14672000,0.000000
14261184,0.000000
14789376,0.000000
2640960,0.000000
4695040,0.000000
13392000,0.000000
22320000,0.000000
21695040,0.000000
22498560,0.000000
4017600,0.000000
7142400,0.000000
123090432,0.000000
121636608,0.000000
122121216,0.000000
123575040,0.000000
46522368,0.000000
69783552,0.000000
21477568,0.000000
21563136,0.000000
21819840,0.000000
8214528,0.000000
12321792,0.000000
-6750720,0.000000
-23908800,0.000000
-22783680,0.000000
-23815040,0.000000
-23252480,0.000000
-18564480,0.000000
-28503040,0.000000
-20112960,0.000000
-23350656,0.000000
-25018560,0.000000
-24626112,0.000000
-19720512,0.000000
-5592384,0.000000
-20493440,0.000000
-23792384,0.000000
-25491840,0.000000
-25091968,0.000000
-20093568,0.000000
-5698176,0.000000
-48992640,0.000000
-46687104,0.000000
-48800512,0.000000
-47647744,0.000000
-38041344,0.000000
-58406912,0.000000
121056768,0.000000
126536704,0.000000
123547648,0.000000
98638848,0.000000
151445504,0.000000
-12566400,0.000000
-12566400,0.000000
-12320000,0.000000
-12320000,0.000000
-12566400,0.000000
-11038720,0.000000
-9461760,0.000000
-18408960,0.000000
-18408960,0.000000
-18048000,0.000000
-18048000,0.000000
-18408960,0.000000
-16171008,0.000000
-13860864,0.000000
-104389632,0.000000
-107854848,0.000000
-108721152,0.000000
-110453760,0.000000
-104822784,0.000000
-21224448,0.000000
-18138624,0.000000
-18740736,0.000000
-18891264,0.000000
-19192320,0.000000
-18213888,0.000000
-3687936,0.000000
-10085760,0.000000
-9888000,0.000000
-9888000,0.000000
-10085760,0.000000
-8859648,0.000000
-7593984,0.000000
-95539200,0.000000
-165601280,0.000000
-108277760,0.000000
15481856,0.000000
11909120,0.000000
2530688,0.000000
5731264,0.000000
-81416192,0.000000
-62627840,0.000000
-13308416,0.000000
-30139648,0.000000
-69673472,0.000000
-12718080,0.000000
-22044672,0.000000
-14413824,0.000000
-9591552,0.000000
-1854720,0.000000
-82022400,0.000000
-142172160,0.000000
-92958720,0.000000
-61858560,0.000000
-11961600,0.000000
15369600,0.000000
25616000,0.000000
24898752,0.000000
9192000,0.000000
15320000,0.000000
14891040,0.000000
15442560,0.000000
28643072,0.000000
28304768,0.000000
28417536,0.000000
28755840,0.000000
32398208,0.000000
32015552,0.000000
32143104,0.000000
32525760,0.000000
-52070400,0.000000
-86784000,0.000000
-84354048,0.000000
-87478272,0.000000
-15621120,0.000000
-56713216,0.000000
-103805440,0.000000
-120515584,0.000000
-129123840,0.000000
6573056,0.000000
12031040,0.000000
13967744,0.000000
14965440,0.000000
14730688,0.000000
6428160,0.000000
22766400,0.000000
21695040,0.000000
22677120,0.000000
22141440,0.000000
34891776,0.000000
123575040,0.000000
117759744,0.000000
123090432,0.000000
120182784,0.000000
9583616,0.000000
17541440,0.000000
20365184,0.000000
21819840,0.000000
21477568,0.000000
17199168,0.000000
-20439680,0.000000
-22596160,0.000000
-23346240,0.000000
-23533760,0.000000
-25018560,0.000000
-25018560,0.000000
-24528000,0.000000
-24528000,0.000000
-25491840,0.000000
-25491840,0.000000
-24992000,0.000000
-24992000,0.000000
-41883904,0.000000
-46302848,0.000000
-47839872,0.000000
-48224128,0.000000
-48992640,0.000000
108602368,0.000000
120060416,0.000000
124045824,0.000000
125042176,0.000000
127034880,0.000000
120558592,0.000000
-1576960,0.000000
-1576960,0.000000
-12615680,0.000000
-11235840,0.000000
-12517120,0.000000
-5864320,0.000000
-18481152,0.000000
-3465216,0.000000
-2310144,0.000000
-4692480,0.000000
-18408960,0.000000
-17614848,0.000000
-2454528,0.000000
-110886912,0.000000
-20791296,0.000000
-13860864,0.000000
-28154880,0.000000
-110453760,0.000000
-105689088,0.000000
-14727168,0.000000
-47646720,0.000000
-3612672,0.000000
-2408448,0.000000
-4892160,0.000000
-19192320,0.000000
-18364416,0.000000
-2558976,0.000000
-8279040,0.000000
-1898496,0.000000
-1265664,0.000000
-2570880,0.000000
-10085760,0.000000
-9650688,0.000000
-1344768,0.000000
-4350720,0.000000
-10085760,0.000000
-70858240,0.000000
-25477120,0.000000
2605120,0.000000
-13699840,0.000000
-3391488,0.000000
-51264000,0.000000
25820928,0.000000
4610880,0.000000
8197120,0.000000
15626400,0.000000
5882880,0.000000
8824320,0.000000
5074560,0.000000
9021440,0.000000
12630016,0.000000
12244992,0.000000
18367488,0.000000
9183744,0.000000
-27770880,0.000000
-38879232,0.000000
-71162880,0.000000
-127098368,0.000000
-101779968,0.000000
-28862976,0.000000
14554624,0.000000
11620224,0.000000
17841152,0.000000
17677440,0.000000
27141120,0.000000
95952384,0.000000
147320832,0.000000
123575040,0.000000
26012672,0.000000
21819840,0.000000
-23440000,0.000000
-23908800,0.000000
-21002240,0.000000
-18001920,0.000000
-3000320,0.000000
-3000320,0.000000
-24002560,0.000000
-25018560,0.000000
-21977088,0.000000
-18837504,0.000000
-3139584,0.000000
-3139584,0.000000
-25116672,0.000000
-24192256,0.000000
-4898432,0.000000
-25591808,0.000000
-4798464,0.000000
-3198976,0.000000
-6497920,0.000000
-43036672,0.000000
-36888576,0.000000
-9222144,0.000000
-6148096,0.000000
-12488320,0.000000
111591424,0.000000
95649792,0.000000
15941632,0.000000
127533056,0.000000
113584128,0.000000
-2020480,0.000000
-12320000,0.000000
-12221440,0.000000
-15769600,0.000000
-12615680,0.000000
-18048000,0.000000
-17903616,0.000000
-23101440,0.000000
-13860864,0.000000
-110453760,0.000000
-53710848,0.000000
-83165184,0.000000
-18665472,0.000000
-24084480,0.000000
-4666368,0.000000
-4904448,0.000000
-7593984,0.000000
-4073856,0.000000
-101112320,0.000000
-99918080,0.000000
-100316160,0.000000
-101510400,0.000000
-38215680,0.000000
-57323520,0.000000
18905728,0.000000
18682432,0.000000
18756864,0.000000
18980160,0.000000
7145472,0.000000
10718208,0.000000
-99421696,0.000000
-98247424,0.000000
-98638848,0.000000
-99813120,0.000000
-37576704,0.000000
-56365056,0.000000
-13248000,0.000000
-12877056,0.000000
-13353984,0.000000
-2384640,0.000000
-4239360,0.000000
-85440000,0.000000
-83047680,0.000000
-86123520,0.000000
-15379200,0.000000
-27340800,0.000000
11475968,0.000000
21005120,0.000000
24386432,0.000000
26128320,0.000000
25718464,0.000000
20595264,0.000000
5840448,0.000000
4412160,0.000000
15626400,0.000000
14891040,0.000000
15565120,0.000000
15197440,0.000000
12133440,0.000000
18629120,0.000000
28755840,0.000000
27402624,0.000000
28643072,0.000000
27966464,0.000000
22328064,0.000000
34281472,0.000000
30357376,0.000000
32525760,0.000000
32015552,0.000000
25637952,0.000000
7270464,0.000000
-82618368,0.000000
-88519680,0.000000
-87131136,0.000000
-69774336,0.000000
-19786752,0.000000
-110388224,0.000000
-122034688,0.000000
-126085632,0.000000
-127098368,0.000000
-129123840,0.000000
-122541056,0.000000
-24812032,0.000000
12793984,0.000000
14143808,0.000000
14613312,0.000000
14730688,0.000000
14965440,0.000000
14202496,0.000000
2875712,0.000000
22766400,0.000000
22766400,0.000000
22320000,0.000000
22320000,0.000000
22766400,0.000000
19998720,0.000000
17141760,0.000000
123575040,0.000000
121152000,0.000000
121152000,0.000000
123575040,0.000000
108552192,0.000000
93044736,0.000000
21306432,0.000000
21477568,0.000000
21819840,0.000000
20707456,0.000000
4192832,0.000000
-6094400,0.000000
-23908800,0.000000
-22877440,0.000000
-3187840,0.000000
-10313600,0.000000
-23908800,0.000000
-11626240,0.000000
-6377280,0.000000
-25018560,0.000000
-23939328,0.000000
-3335808,0.000000
-10792320,0.000000
-25018560,0.000000
-12165888,0.000000
-22792704,0.000000
-25391872,0.000000
-11896192,0.000000
-4098688,0.000000
-24992000,0.000000
-24792064,0.000000
-31989760,0.000000
-48800512,0.000000
-22863232,0.000000
-7877248,0.000000
-48032000,0.000000
-47647744,0.000000
-61480960,0.000000
121554944,0.000000
16937984,0.000000
54799360,0.000000
127034880,0.000000
61773824,0.000000
-9461760,0.000000
-5075840,0.000000
-5765760,0.000000
-9856000,0.000000
-12566400,0.000000
-9461760,0.000000
-7435776,0.000000
-8446464,0.000000
-14438400,0.000000
-18408960,0.000000
-13860864,0.000000
-44614656,0.000000
-50678784,0.000000
-86630400,0.000000
-110453760,0.000000
-83165184,0.000000
-8504832,0.000000
-2558976,0.000000
-18364416,0.000000
-19192320,0.000000
-4469376,0.000000
-1344768,0.000000
-9650688,0.000000
-10085760,0.000000
-44584960,0.000000
-81606400,0.000000
-94743040,0.000000
-101510400,0.000000
8336384,0.000000
15258560,0.000000
17714816,0.000000
18980160,0.000000
18682432,0.000000
-28182528,0.000000
-99813120,0.000000
-95116032,0.000000
-99421696,0.000000
-97073152,0.000000
-3815424,0.000000
-13512960,0.000000
-12877056,0.000000
-13459968,0.000000
-13142016,0.000000
-38277120,0.000000
-70060800,0.000000
-81338880,0.000000
-87148800,0.000000
-85781760,0.000000
-68693760,0.000000
22337152,0.000000
24693824,0.000000
25513536,0.000000
25718464,0.000000
15626400,0.000000
15626400,0.000000
15320000,0.000000
15320000,0.000000
28755840,0.000000
28755840,0.000000
28192000,0.000000
28192000,0.000000
27806336,0.000000
30740032,0.000000
31760448,0.000000
32015552,0.000000
32525760,0.000000
-75675648,0.000000
-83659776,0.000000
-86436864,0.000000
-87131136,0.000000
-88519680,0.000000
-84006912,0.000000
-16203776,0.000000
-16203776,0.000000
-129630208,0.000000
-115451904,0.000000
-128617472,0.000000
-60257792,0.000000
15024128,0.000000
2817024,0.000000
1878016,0.000000
3814720,0.000000
14965440,0.000000
14319872,0.000000
1995392,0.000000
22855680,0.000000
4285440,0.000000
2856960,0.000000
5803200,0.000000
22766400,0.000000
21784320,0.000000
3035520,0.000000
9820800,0.000000
23261184,0.000000
15507456,0.000000
31499520,0.000000
123575040,0.000000
118244352,0.000000
16476672,0.000000
53306880,0.000000
4107264,0.000000
2738176,0.000000
5561920,0.000000
21819840,0.000000
20878592,0.000000
2909312,0.000000
9412480,0.000000
21819840,0.000000
-24002560,0.000000
-5813120,0.000000
-10594880,0.000000
-3187840,0.000000
-18837504,0.000000
-10105536,0.000000
-11479104,0.000000
-19193856,0.000000
-10296704,0.000000
-11696256,0.000000
-36888576,0.000000
-19789184,0.000000
-22478976,0.000000
-38425600,0.000000
30886912,0.000000
56293888,0.000000
16937984,0.000000
121554944,0.000000
-12615680,0.000000
-1576960,0.000000
-3153920,0.000000
-5519360,0.000000
-18481152,0.000000
-2310144,0.000000
-12705792,0.000000
-6930432,0.000000
-13860864,0.000000
-27721728,0.000000
-48513024,0.000000
-19267584,0.000000
-2408448,0.000000
-13246464,0.000000
-7225344,0.000000
-10125312,0.000000
-1265664,0.000000
-6961152,0.000000
-3796992,0.000000
-9650688,0.000000
-98723840,0.000000
-78819840,0.000000
-121016320,0.000000
14960832,0.000000
4242624,0.000000
-78676224,0.000000
-22311168,0.000000
-85330432,0.000000
-3020544,0.000000
-11552256,0.000000
-19480320,0.000000
-74503680,0.000000
-82364160,0.000000
26128320,0.000000
24796288,0.000000
5020736,0.000000
26230784,0.000000
4918272,0.000000
3278848,0.000000
15626400,0.000000
14829760,0.000000
3002720,0.000000
15687680,0.000000
2941440,0.000000
1960960,0.000000
28755840,0.000000
25260032,0.000000
21651456,0.000000
3608576,0.000000
3608576,0.000000
28868608,0.000000
30867584,0.000000
6250048,0.000000
4081664,0.000000
4081664,0.000000
32653312,0.000000
29081856,0.000000
-17009664,0.000000
-16662528,0.000000
-11108352,0.000000
-22563840,0.000000
-88519680,0.000000
-55700480,0.000000
-129123840,0.000000
-62789632,0.000000
-129630208,0.000000
6455680,0.000000
14965440,0.000000
7277312,0.000000
15024128,0.000000
22320000,0.000000
22141440,0.000000
28569600,0.000000
123575040,0.000000
60091392,0.000000
93044736,0.000000
21220864,0.000000
27381760,0.000000
5305216,0.000000
-18752000,0.000000
-23908800,0.000000
-18001920,0.000000
-24002560,0.000000
-3000320,0.000000
-23939328,0.000000
-25018560,0.000000
-25116672,0.000000
-3139584,0.000000
-24392192,0.000000
-25491840,0.000000
-25591808,0.000000
-46879232,0.000000
-48992640,0.000000
-49184768,0.000000
-6148096,0.000000
127034880,0.000000
127533056,0.000000
15941632,0.000000
-4730880,0.000000
-12024320,0.000000
-12566400,0.000000
-12615680,0.000000
-2365440,0.000000
-3153920,0.000000
-17614848,0.000000
-18408960,0.000000
-18481152,0.000000
-3465216,0.000000
-4620288,0.000000
-105689088,0.000000
-110453760,0.000000
-110886912,0.000000
-20791296,0.000000
-27721728,0.000000
-18364416,0.000000
-19192320,0.000000
-19267584,0.000000
-3612672,0.000000
-4816896,0.000000
-10085760,0.000000
-2531328,0.000000
-1898496,0.000000
-2531328,0.000000
-86781440,0.000000
-95937280,0.000000
-99121920,0.000000
-99918080,0.000000
-101510400,0.000000
-96335360,0.000000
-19505920,0.000000
16226176,0.000000
17938112,0.000000
18533568,0.000000
18682432,0.000000
18980160,0.000000
18012544,0.000000
3647168,0.000000
-99813120,0.000000
-99813120,0.000000
-97856000,0.000000
-97856000,0.000000
-99813120,0.000000
-87678976,0.000000
-75153408,0.000000
-13512960,0.000000
-13248000,0.000000
-13248000,0.000000
-13512960,0.000000
-11870208,0.000000
-10174464,0.000000
-85098240,0.000000
-85781760,0.000000
-87148800,0.000000
-82705920,0.000000
-16746240,0.000000
6660160,0.000000
26128320,0.000000
25001216,0.000000
3483776,0.000000
11271040,0.000000
26128320,0.000000
12705536,0.000000
3983200,0.000000
15626400,0.000000
14952320,0.000000
2083520,0.000000
6740800,0.000000
15626400,0.000000
7598720,0.000000
25711104,0.000000
28643072,0.000000
13419392,0.000000
4623488,0.000000
28192000,0.000000
27966464,0.000000
36085760,0.000000
32398208,0.000000
15178688,0.000000
5229632,0.000000
31888000,0.000000
31632896,0.000000
40816640,0.000000
-84701184,0.000000
-11802624,0.000000
-38184960,0.000000
-88519680,0.000000
-43044864,0.000000
-97222656,0.000000
-52155904,0.000000
-59245056,0.000000
-101273600,0.000000
-129123840,0.000000
-97222656,0.000000
6044864,0.000000
6866496,0.000000
11737600,0.000000
14965440,0.000000
11268096,0.000000
9195840,0.000000
10445760,0.000000
17856000,0.000000
22766400,0.000000
17141760,0.000000
54760704,0.000000
16476672,0.000000
118244352,0.000000
123575040,0.000000
9669184,0.000000
2909312,0.000000
20878592,0.000000
21819840,0.000000
-3000320,0.000000
-16501760,0.000000
-9000960,0.000000
-22877440,0.000000
-23908800,0.000000
-3139584,0.000000
-17267712,0.000000
-9418752,0.000000
-23939328,0.000000
-25018560,0.000000
-3198976,0.000000
-17594368,0.000000
-9596928,0.000000
-24392192,0.000000
-25491840,0.000000
-12296192,0.000000
-21518336,0.000000
-14409600,0.000000
-48992640,0.000000
-12296192,0.000000
55795712,0.000000
37363200,0.000000
127034880,0.000000
31883264,0.000000
-7096320,0.000000
-1675520,0.000000
-12566400,0.000000
-7884800,0.000000
-16171008,0.000000
-2310144,0.000000
-18408960,0.000000
-18264576,0.000000
-11550720,0.000000
-13860864,0.000000
-110453760,0.000000
-109587456,0.000000
-69304320,0.000000
-2408448,0.000000
-19192320,0.000000
-19041792,0.000000
-12042240,0.000000
-1265664,0.000000
-10085760,0.000000
-10006656,0.000000
-6328320,0.000000
-12738560,0.000000
-12738560,0.000000
-101908480,0.000000
-90762240,0.000000
-101112320,0.000000
-47371520,0.000000
19054592,0.000000
3572736,0.000000
2381824,0.000000
4838080,0.000000
18980160,0.000000
18161408,0.000000
2530688,0.000000
-100204544,0.000000
-18788352,0.000000
-12525568,0.000000
-25442560,0.000000
-99813120,0.000000
-95507456,0.000000
-13308416,0.000000
-43056640,0.000000
-2543616,0.000000
-1695744,0.000000
-3444480,0.000000
-13512960,0.000000
-12930048,0.000000
-1801728,0.000000
-5829120,0.000000
-16404480,0.000000
-10936320,0.000000
-22214400,0.000000
-87148800,0.000000
-83389440,0.000000
-11619840,0.000000
-37593600,0.000000
-87148800,0.000000
26230784,0.000000
6352768,0.000000
11578432,0.000000
3483776,0.000000
11765760,0.000000
6311840,0.000000
7169760,0.000000
21651456,0.000000
11615104,0.000000
13193856,0.000000
24489984,0.000000
13137856,0.000000
14923584,0.000000
25510400,0.000000
-21522432,0.000000
-39226368,0.000000
-11802624,0.000000
-84701184,0.000000
-129630208,0.000000
-16203776,0.000000
-32407552,0.000000
-56713216,0.000000
15024128,0.000000
1878016,0.000000
10329088,0.000000
5634048,0.000000
2856960,0.000000
5713920,0.000000
9999360,0.000000
124059648,0.000000
15507456,0.000000
85291008,0.000000
46522368,0.000000
21905408,0.000000
2738176,0.000000
15059968,0.000000
8214528,0.000000
20878592,0.000000
-3000320,0.000000
-6000640,0.000000
-21002240,0.000000
-3000320,0.000000
-3139584,0.000000
-6279168,0.000000
-21977088,0.000000
-3139584,0.000000
-3198976,0.000000
-6397952,0.000000
-22392832,0.000000
-3198976,0.000000
-6148096,0.000000
-12296192,0.000000
-43036672,0.000000
-6148096,0.000000
15941632,0.000000
31883264,0.000000
111591424,0.000000
15941632,0.000000
127034880,0.000000
-1576960,0.000000
-1576960,0.000000
-1576960,0.000000
-8673280,0.000000
-2310144,0.000000
-2310144,0.000000
-2310144,0.000000
-12705792,0.000000
-110886912,0.000000
-20791296,0.000000
-20791296,0.000000
-90095616,0.000000
-41582592,0.000000
-2408448,0.000000
-2408448,0.000000
-2408448,0.000000
-13246464,0.000000
-14450688,0.000000
-1898496,0.000000
-1898496,0.000000
-8226816,0.000000
-3796992,0.000000
-3915648,0.000000
-16321280,0.000000
-99520000,0.000000
-98723840,0.000000
-127385600,0.000000
-101908480,0.000000
18608000,0.000000
18459136,0.000000
23818240,0.000000
14290944,0.000000
-99813120,0.000000
-48536576,0.000000
-75153408,0.000000
-13142016,0.000000
-16957440,0.000000
-3285504,0.000000
-42378240,0.000000
-65617920,0.000000
-35201280,0.000000
25001216,0.000000
26128320,0.000000
3278848,0.000000
26230784,0.000000
12256000,0.000000
15626400,0.000000
11765760,0.000000
15687680,0.000000
22553600,0.000000
28755840,0.000000
21651456,0.000000
3608576,0.000000
32525760,0.000000
24489984,0.000000
4081664,0.000000
-88519680,0.000000
-66650112,0.000000
-11108352,0.000000
-22216704,0.000000
-37977600,0.000000
-129123840,0.000000
-32407552,0.000000
-16203776,0.000000
-32407552,0.000000
4401600,0.000000
14965440,0.000000
3756032,0.000000
1878016,0.000000
3756032,0.000000
6696000,0.000000
22766400,0.000000
5713920,0.000000
2856960,0.000000
5713920,0.000000
19998720,0.000000
123575040,0.000000
31014912,0.000000
15507456,0.000000
31014912,0.000000
108552192,0.000000
21819840,0.000000
2738176,0.000000
5476352,0.000000
19167232,0.000000
-23908800,0.000000
-23721280,0.000000
-15001600,0.000000
-3000320,0.000000
-3000320,0.000000
-25018560,0.000000
-24822336,0.000000
-15697920,0.000000
-3139584,0.000000
-3139584,0.000000
-3398912,0.000000
-25491840,0.000000
-15994880,0.000000
-25591808,0.000000
-4798464,0.000000
-4798464,0.000000
-48992640,0.000000
-48608384,0.000000
-30740480,0.000000
-9222144,0.000000
-9222144,0.000000
127034880,0.000000
79708160,0.000000
23912448,0.000000
23912448,0.000000
103620608,0.000000
-9461760,0.000000
-12566400,0.000000
-12221440,0.000000
-9461760,0.000000
-12615680,0.000000
-13860864,0.000000
-18408960,0.000000
-17903616,0.000000
-13860864,0.000000
-18481152,0.000000
-18481152,0.000000
-110453760,0.000000
-107421696,0.000000
-83165184,0.000000
-110886912,0.000000
-110886912,0.000000
-19117056,0.000000
-18063360,0.000000
-19267584,0.000000
-19267584,0.000000
-9808896,0.000000
-7593984,0.000000
-10125312,0.000000
-24680960,0.000000
-44983040,0.000000
-13534720,0.000000
-97131520,0.000000
-101510400,0.000000
4614784,0.000000
8410816,0.000000
2530688,0.000000
18161408,0.000000
18980160,0.000000
-24268288,0.000000
-44230912,0.000000
-13308416,0.000000
-95507456,0.000000
-99813120,0.000000
-5458176,0.000000
-6200064,0.000000
-10598400,0.000000
-13512960,0.000000
-10174464,0.000000
-39985920,0.000000
-68352000,0.000000
-87148800,0.000000
-65617920,0.000000
6557696,0.000000
11475968,0.000000
7684800,0.000000
26128320,0.000000
6557696,0.000000
3921920,0.000000
6863360,0.000000
4596000,0.000000
15626400,0.000000
3921920,0.000000
7217152,0.000000
12630016,0.000000
8457600,0.000000
28755840,0.000000
7217152,0.000000
22449152,0.000000
12244992,0.000000
31122688,0.000000
32525760,0.000000
-61095936,0.000000
-33325056,0.000000
-84701184,0.000000
-88519680,0.000000
-113426432,0.000000
-16203776,0.000000
-129123840,0.000000
-128111104,0.000000
-81018880,0.000000
8451072,0.000000
1995392,0.000000
14965440,0.000000
9390080,0.000000
12856320,0.000000
3035520,0.000000
22766400,0.000000
14284800,0.000000
69783552,0.000000
16476672,0.000000
123575040,0.000000
77537280,0.000000
12321792,0.000000
2909312,0.000000
21819840,0.000000
13690880,0.000000
-4500480,0.000000
-19502080,0.000000
-9000960,0.000000
-9282240,0.000000
-23815040,0.000000
-22502400,0.000000
-3139584,0.000000
-17267712,0.000000
-18837504,0.000000
-25018560,0.000000
-24331776,0.000000
-18837504,0.000000
-17594368,0.000000
-19193856,0.000000
-25491840,0.000000
-24792064,0.000000
-19193856,0.000000
-33814528,0.000000
-36888576,0.000000
-48992640,0.000000
-47647744,0.000000
-36888576,0.000000
47824896,0.000000
49319424,0.000000
126536704,0.000000
119562240,0.000000
-12615680,0.000000
-3942400,0.000000
-8673280,0.000000
-9067520,0.000000
-12566400,0.000000
-10250240,0.000000
-5775360,0.000000
-12705792,0.000000
-13283328,0.000000
-18408960,0.000000
-15015936,0.000000
-41582592,0.000000
-117817344,0.000000
-106988544,0.000000
-105255936,0.000000
-6021120,0.000000
-13246464,0.000000
-13848576,0.000000
-19192320,0.000000
-15654912,0.000000
-3796992,0.000000
-10758144,0.000000
-9769344,0.000000
-9611136,0.000000
-12738560,0.000000
-101908480,0.000000
-12738560,0.000000
-70062080,0.000000
19054592,0.000000
2381824,0.000000
4763648,0.000000
8336384,0.000000
-100204544,0.000000
-12525568,0.000000
-68890624,0.000000
-37576704,0.000000
-1695744,0.000000
-3391488,0.000000
-5935104,0.000000
-3974400,0.000000
-10936320,0.000000
-21872640,0.000000
-38277120,0.000000
-25632000,0.000000
26230784,0.000000
4918272,0.000000
6557696,0.000000
14754816,0.000000
15687680,0.000000
2941440,0.000000
3921920,0.000000
8824320,0.000000
28868608,0.000000
5412864,0.000000
7217152,0.000000
16238592,0.000000
32653312,0.000000
6122496,0.000000
8163328,0.000000
18367488,0.000000
4336768,0.000000
-16662528,0.000000
-22216704,0.000000
-49987584,0.000000
-11802624,0.000000
-129630208,0.000000
-24305664,0.000000
-24305664,0.000000
-105324544,0.000000
15024128,0.000000
2817024,0.000000
2817024,0.000000
12207104,0.000000
5634048,0.000000
2856960,0.000000
2856960,0.000000
2856960,0.000000
15713280,0.000000
17141760,0.000000
23261184,0.000000
23261184,0.000000
100798464,0.000000
46522368,0.000000
47976192,0.000000
2738176,0.000000
2738176,0.000000
15059968,0.000000
16429056,0.000000
21819840,0.000000
-24002560,0.000000
-24002560,0.000000
-7500800,0.000000
-16501760,0.000000
-25116672,0.000000
-25116672,0.000000
-7848960,0.000000
-17267712,0.000000
-25591808,0.000000
-25591808,0.000000
-9596928,0.000000
-27191296,0.000000
-49184768,0.000000
-15370240,0.000000
-33814528,0.000000
-35351552,0.000000
127533056,0.000000
47824896,0.000000
135503872,0.000000
123049472,0.000000
-1576960,0.000000
-3153920,0.000000
-8673280,0.000000
-4632320,0.000000
-3942400,0.000000
-2310144,0.000000
-4620288,0.000000
-3681792,0.000000
-6136320,0.000000
-5775360,0.000000
-27721728,0.000000
-76234752,0.000000
-40716288,0.000000
-34652160,0.000000
-173260800,0.000000
-4816896,0.000000
-13246464,0.000000
-7074816,0.000000
-6021120,0.000000
-30105600,0.000000
-1265664,0.000000
-2531328,0.000000
-2017152,0.000000
-3361920,0.000000
-3164160,0.000000
-9729792,0.000000
-38215680,0.000000
-97131520,0.000000
-101510400,0.000000
-101908480,0.000000
-19107840,0.000000
-25477120,0.000000
18161408,0.000000
18980160,0.000000
19054592,0.000000
3572736,0.000000
4763648,0.000000
-95507456,0.000000
-99813120,0.000000
-100204544,0.000000
-18788352,0.000000
-25051136,0.000000
-12930048,0.000000
-13512960,0.000000
-13565952,0.000000
-2543616,0.000000
-3391488,0.000000
-87148800,0.000000
-21872640,0.000000
-16404480,0.000000
-21872640,0.000000
3483776,0.000000
26128320,0.000000
16394240,0.000000
26230784,0.000000
4918272,0.000000
2083520,0.000000
15626400,0.000000
9804800,0.000000
15687680,0.000000
2941440,0.000000
2941440,0.000000
28755840,0.000000
28530304,0.000000
18042880,0.000000
3608576,0.000000
3608576,0.000000
3608576,0.000000
32525760,0.000000
20408320,0.000000
4081664,0.000000
4081664,0.000000
4081664,0.000000
-87825408,0.000000
-55541760,0.000000
-11108352,0.000000
-11108352,0.000000
-48611328,0.000000
-50130432,0.000000
-128617472,0.000000
-121528320,0.000000
-129630208,0.000000
-129630208,0.000000
5810112,0.000000
14906752,0.000000
14085120,0.000000
15024128,0.000000
15024128,0.000000
8838720,0.000000
22677120,0.000000
21427200,0.000000
22855680,0.000000
22855680,0.000000
123575040,0.000000
120182784,0.000000
93044736,0.000000
124059648,0.000000
21734272,0.000000
20536320,0.000000
21905408,0.000000
-25502720,0.000000
-23158720,0.000000
-22783680,0.000000
-4500480,0.000000
-3000320,0.000000
-26686464,0.000000
-24233664,0.000000
-23841216,0.000000
-3139584,0.000000
-6279168,0.000000
-18394112,0.000000
-25491840,0.000000
-20793344,0.000000
-6397952,0.000000
-47455616,0.000000
-46687104,0.000000
-6148096,0.000000
-12296192,0.000000
127034880,0.000000
103620608,0.000000
31883264,0.000000
87678976,0.000000
-19712000,0.000000
-12122880,0.000000
-10250240,0.000000
-3153920,0.000000
-12615680,0.000000
-11827200,0.000000
-28876800,0.000000
-17759232,0.000000
-15015936,0.000000
-18481152,0.000000
-8085504,0.000000
-21946368,0.000000
-106555392,0.000000
-110453760,0.000000
-62373888,0.000000
-48513024,0.000000
-131678208,0.000000
-44614656,0.000000
-19192320,0.000000
-10838016,0.000000
-8429568,0.000000
-22880256,0.000000
-7752192,0.000000
-10085760,0.000000
-5695488,0.000000
-4429824,0.000000
-12023808,0.000000
-4073856,0.000000
-7475328,0.000000
-57323520,0.000000
-13534720,0.000000
-101510400,0.000000
-63692800,0.000000
16672768,0.000000
2381824,0.000000
18980160,0.000000
18831296,0.000000
11909120,0.000000
-12525568,0.000000
-99813120,0.000000
-99030272,0.000000
-62627840,0.000000
-1695744,0.000000
-13512960,0.000000
-13406976,0.000000
-8478720,0.000000
-10936320,0.000000
-87148800,0.000000
-86465280,0.000000
-54681600,0.000000
3278848,0.000000
18033664,0.000000
19673088,0.000000
26128320,0.000000
25411072,0.000000
19673088,0.000000
12746240,0.000000
5882880,0.000000
6066720,0.000000
15565120,0.000000
14707200,0.000000
23455744,0.000000
10825728,0.000000
11164032,0.000000
28643072,0.000000
27064320,0.000000
26530816,0.000000
12244992,0.000000
12627648,0.000000
32398208,0.000000
30612480,0.000000
-61095936,0.000000
-66650112,0.000000
-88519680,0.000000
-86089728,0.000000
-66650112,0.000000
-129630208,0.000000
-48611328,0.000000
-137732096,0.000000
-125072896,0.000000
-123047424,0.000000
15024128,0.000000
5634048,0.000000
15963136,0.000000
14495936,0.000000
14261184,0.000000
7142400,0.000000
15713280,0.000000
16427520,0.000000
22766400,0.000000
18570240,0.000000
46522368,0.000000
131813376,0.000000
119698176,0.000000
117759744,0.000000
6845440,0.000000
15059968,0.000000
15744512,0.000000
21819840,0.000000
17798144,0.000000
-16501760,0.000000
-8813440,0.000000
-7500800,0.000000
-37504000,0.000000
-23064960,0.000000
-19502080,0.000000
-17267712,0.000000
-9222528,0.000000
-7848960,0.000000
-39244800,0.000000
-24135552,0.000000
-20407296,0.000000
-17594368,0.000000
-9396992,0.000000
-7997440,0.000000
-39987200,0.000000
-24592128,0.000000
-20793344,0.000000
-9798528,0.000000
-16330880,0.000000
-15370240,0.000000
-47263488,0.000000
-48992640,0.000000
-27666432,0.000000
46828544,0.000000
39854080,0.000000
199270400,0.000000
122551296,0.000000
103620608,0.000000
-4878720,0.000000
-8968960,0.000000
-11679360,0.000000
-12418560,0.000000
-9363200,0.000000
-11975040,0.000000
-10348800,0.000000
-5519360,0.000000
-13138944,0.000000
-17109504,0.000000
-18192384,0.000000
-13716480,0.000000
-17542656,0.000000
-15160320,0.000000
-8085504,0.000000
-81865728,0.000000
-109587456,0.000000
-82732032,0.000000
-98325504,0.000000
-109154304,0.000000
-124747776,0.000000
-14224896,0.000000
-19041792,0.000000
-14375424,0.000000
-17084928,0.000000
-18966528,0.000000
-21676032,0.000000
-9373824,0.000000
-9967104,0.000000
-7514880,0.000000
-9611136,0.000000
-8305920,0.000000
-4429824,0.000000
-12738560,0.000000
-12738560,0.000000
-12738560,0.000000
-70062080,0.000000
2381824,0.000000
2381824,0.000000
2381824,0.000000
13100032,0.000000
-100204544,0.000000
-18788352,0.000000
-18788352,0.000000
-81416192,0.000000
-37576704,0.000000
-1695744,0.000000
-1695744,0.000000
-1695744,0.000000
-9326592,0.000000
-10174464,0.000000
-16404480,0.000000
-16404480,0.000000
-71086080,0.000000
-32808960,0.000000
-33834240,0.000000
26230784,0.000000
26230784,0.000000
26230784,0.000000
9836544,0.000000
15687680,0.000000
15687680,0.000000
15687680,0.000000
5882880,0.000000
28868608,0.000000
28868608,0.000000
9021440,0.000000
19847168,0.000000
32653312,0.000000
32653312,0.000000
12244992,0.000000
34694144,0.000000
-88866816,0.000000
-27770880,0.000000
-61095936,0.000000
-63873024,0.000000
-24305664,0.000000
-16203776,0.000000
-32407552,0.000000
-25824768,0.000000
-43041280,0.000000
1878016,0.000000
3756032,0.000000
10329088,0.000000
5516672,0.000000
4695040,0.000000
2856960,0.000000
5713920,0.000000
4553280,0.000000
7588800,0.000000
7142400,0.000000
15507456,0.000000
31014912,0.000000
24715008,0.000000
41191680,0.000000
38768640,0.000000
119213568,0.000000
5476352,0.000000
15059968,0.000000
8043392,0.000000
6845440,0.000000
34227200,0.000000
21049728,0.000000
-24002560,0.000000
-10501120,0.000000
-28503040,0.000000
-9657280,0.000000
-17720640,0.000000
-23721280,0.000000
-17908160,0.000000
-25116672,0.000000
-23546880,0.000000
-9713088,0.000000
-17856384,0.000000
-23252544,0.000000
-24724224,0.000000
-18641280,0.000000
-11196416,0.000000
-30390272,0.000000
-10296704,0.000000
-18893952,0.000000
-25291904,0.000000
-19093888,0.000000
-22692736,0.000000
-21518336,0.000000
-58406912,0.000000
-19789184,0.000000
-36312192,0.000000
-48608384,0.000000
-36696448,0.000000
-43613056,0.000000
127533056,0.000000
119562240,0.000000
49319424,0.000000
90668032,0.000000
118067712,0.000000
125540352,0.000000
94653440,0.000000
121056768,0.000000
-3153920,0.000000
-5371520,0.000000
-12172160,0.000000
-11925760,0.000000
-12024320,0.000000
-12566400,0.000000
-12369280,0.000000
-2310144,0.000000
-13355520,0.000000
-18408960,0.000000
-18408960,0.000000
-18408960,0.000000
-17470464,0.000000
-18408960,0.000000
-47213568,0.000000
-106988544,0.000000
-104822784,0.000000
-105689088,0.000000
-110453760,0.000000
-108721152,0.000000
-103956480,0.000000
-8203776,0.000000
-18590208,0.000000
-18213888,0.000000
-18364416,0.000000
-19192320,0.000000
-18891264,0.000000
-18063360,0.000000
-1265664,0.000000
-7317120,0.000000
-10085760,0.000000
-10085760,0.000000
-10085760,0.000000
-9571584,0.000000
-10085760,0.000000
-10085760,0.000000
-38215680,0.000000
-39409920,0.000000
-101112320,0.000000
-95539200,0.000000
-101908480,0.000000
-101908480,0.000000
7368768,0.000000
18905728,0.000000
17863680,0.000000
19054592,0.000000
19054592,0.000000
-38750976,0.000000
-99421696,0.000000
-93941760,0.000000
-100204544,0.000000
-100204544,0.000000
-13512960,0.000000
-13142016,0.000000
-10174464,0.000000
-13565952,0.000000
-86807040,0.000000
-82022400,0.000000
-87490560,0.000000
27870208,0.000000
25308608,0.000000
24898752,0.000000
4918272,0.000000
3278848,0.000000
16668160,0.000000
15136160,0.000000
14891040,0.000000
1960960,0.000000
3921920,0.000000
20749312,0.000000
28755840,0.000000
23455744,0.000000
7217152,0.000000
31505344,0.000000
30995136,0.000000
4081664,0.000000
8163328,0.000000
-88519680,0.000000
-72204288,0.000000
-22216704,0.000000
-61095936,0.000000
-202547200,0.000000
-124566528,0.000000
-105324544,0.000000
-32407552,0.000000
-129630208,0.000000
-121528320,0.000000
23475200,0.000000
14437248,0.000000
12207104,0.000000
15024128,0.000000
6573056,0.000000
17841152,0.000000
21962880,0.000000
22766400,0.000000
12856320,0.000000
9999360,0.000000
27141120,0.000000
9195840,0.000000
123575040,0.000000
69783552,0.000000
54276096,0.000000
147320832,0.000000
49914624,0.000000
21819840,0.000000
12321792,0.000000
9583616,0.000000
26012672,0.000000
8813504,0.000000
16172352,0.000000
-21283520,0.000000
-23627520,0.000000
-27002880,0.000000
-6000640,0.000000
-10219840,0.000000
-23158720,0.000000
-23841216,0.000000
-20603520,0.000000
-10988544,0.000000
-3139584,0.000000
-18150720,0.000000
-25018560,0.000000
-25191936,0.000000
-28790784,0.000000
-3198976,0.000000
-18494080,0.000000
-25491840,0.000000
-48416256,0.000000
-55332864,0.000000
-6148096,0.000000
-35543680,0.000000
-48992640,0.000000
-48992640,0.000000
143474688,0.000000
15941632,0.000000
92162560,0.000000
127034880,0.000000
127034880,0.000000
-12566400,0.000000
-12566400,0.000000
-10743040,0.000000
-7096320,0.000000
-6258560,0.000000
-11580800,0.000000
-17326080,0.000000
-18408960,0.000000
-8951808,0.000000
-9168384,0.000000
-16965120,0.000000
-18408960,0.000000
-110453760,0.000000
-53710848,0.000000
-55010304,0.000000
-101790720,0.000000
-110453760,0.000000
-19192320,0.000000
-9332736,0.000000
-9558528,0.000000
-17687040,0.000000
-19192320,0.000000
-17235456,0.000000
-4904448,0.000000
-5023104,0.000000
-9294720,0.000000
-10085760,0.000000
-9057408,0.000000
-101908480,0.000000
-31846400,0.000000
-70062080,0.000000
-73246720,0.000000
-101510400,0.000000
-82800640,0.000000
5954560,0.000000
13100032,0.000000
13695488,0.000000
18980160,0.000000
15481856,0.000000
-37576704,0.000000
-106467328,0.000000
-96681728,0.000000
-95116032,0.000000
-4239360,0.000000
-9326592,0.000000
-9750528,0.000000
-13512960,0.000000
-11022336,0.000000
-32808960,0.000000
-92958720,0.000000
-84414720,0.000000
-83047680,0.000000
6557696,0.000000
5225664,0.000000
8709440,0.000000
8197120,0.000000
25206144,0.000000
26128320,0.000000
14754816,0.000000
3125280,0.000000
5208800,0.000000
4902400,0.000000
15074880,0.000000
15626400,0.000000
8824320,0.000000
5751168,0.000000
9585280,0.000000
9021440,0.000000
27740928,0.000000
28755840,0.000000
16238592,0.000000
11989888,0.000000
10204160,0.000000
51020800,0.000000
31377792,0.000000
26530816,0.000000
-17703936,0.000000
-29506560,0.000000
-27770880,0.000000
-85395456,0.000000
-88519680,0.000000
-49987584,0.000000
-52155904,0.000000
-95703552,0.000000
-128111104,0.000000
-96716288,0.000000
-114945536,0.000000
-127604736,0.000000
-145833984,0.000000
6044864,0.000000
11092032,0.000000
14848064,0.000000
11209408,0.000000
13322176,0.000000
14789376,0.000000
16902144,0.000000
16248960,0.000000
21159360,0.000000
22498560,0.000000
16963200,0.000000
21695040,0.000000
18748800,0.000000
9999360,0.000000
114852096,0.000000
122121216,0.000000
92075520,0.000000
117759744,0.000000
101767680,0.000000
54276096,0.000000
21648704,0.000000
16343488,0.000000
19423936,0.000000
21563136,0.000000
24643584,0.000000
-23908800,0.000000
-23908800,0.000000
-23908800,0.000000
-22689920,0.000000
-23908800,0.000000
-23908800,0.000000
-20439680,0.000000
-13501440,0.000000
-25018560,0.000000
-25018560,0.000000
-23743104,0.000000
-25018560,0.000000
-25018560,0.000000
-21388416,0.000000
-14128128,0.000000
-24392192,0.000000
-25491840,0.000000
-25091968,0.000000
-23992320,0.000000
-25491840,0.000000
-12396032,0.000000
-46879232,0.000000
-48992640,0.000000
-48224128,0.000000
-46110720,0.000000
-48992640,0.000000
-23823872,0.000000
127034880,0.000000
120558592,0.000000
127034880,0.000000
127034880,0.000000
108602368,0.000000
71737344,0.000000
-12172160,0.000000
-10447360,0.000000
-12320000,0.000000
-12566400,0.000000
-12566400,0.000000
-12270720,0.000000
-11975040,0.000000
-9461760,0.000000
-16531968,0.000000
-17470464,0.000000
-18408960,0.000000
-17903616,0.000000
-18264576,0.000000
-18408960,0.000000
-12272640,0.000000
-99191808,0.000000
-104822784,0.000000
-110453760,0.000000
-107421696,0.000000
-109587456,0.000000
-110453760,0.000000
-73635840,0.000000
-15955968,0.000000
-18816000,0.000000
-19192320,0.000000
-19192320,0.000000
-18740736,0.000000
-18289152,0.000000
-14450688,0.000000
-9888000,0.000000
-10085760,0.000000
-10085760,0.000000
-9848448,0.000000
-9611136,0.000000
-7593984,0.000000
-12738560,0.000000
-25477120,0.000000
-70062080,0.000000
-37419520,0.000000
-31846400,0.000000
2381824,0.000000
4763648,0.000000
3796032,0.000000
6326720,0.000000
5954560,0.000000
-25051136,0.000000
-68890624,0.000000
-36793856,0.000000
-31313920,0.000000
-156569600,0.000000
-3391488,0.000000
-9326592,0.000000
-4981248,0.000000
-4239360,0.000000
-21196800,0.000000
-10936320,0.000000
-21872640,0.000000
-17429760,0.000000
-29049600,0.000000
-27340800,0.000000
-84072960,0.000000
6557696,0.000000
26230784,0.000000
24591360,0.000000
10143936,0.000000
18648448,0.000000
24283968,0.000000
25820928,0.000000
15687680,0.000000
6863360,0.000000
18629120,0.000000
6311840,0.000000
11581920,0.000000
15503840,0.000000
11704480,0.000000
28868608,0.000000
27064320,0.000000
11164032,0.000000
20523776,0.000000
26726016,0.000000
28417536,0.000000
21425920,0.000000
32653312,0.000000
30612480,0.000000
12627648,0.000000
23214464,0.000000
30229824,0.000000
32143104,0.000000
24234880,0.000000
30995136,0.000000
-38879232,0.000000
-105529344,0.000000
-35755008,0.000000
-65608704,0.000000
-87825408,0.000000
-66302976,0.000000
-78799872,0.000000
-87478272,0.000000
-16203776,0.000000
-93678080,0.000000
-129123840,0.000000
-129123840,0.000000
-129123840,0.000000
-122541056,0.000000
3756032,0.000000
6396992,0.000000
14495936,0.000000
14202496,0.000000
14319872,0.000000
14965440,0.000000
14730688,0.000000
2856960,0.000000
16516800,0.000000
22766400,0.000000
22766400,0.000000
22766400,0.000000
21605760,0.000000
22766400,0.000000
15507456,0.000000
89652480,0.000000
123575040,0.000000
123575040,0.000000
123575040,0.000000
117275136,0.000000
123575040,0.000000
123575040,0.000000
9326912,0.000000
21135296,0.000000
20707456,0.000000
20878592,0.000000
21819840,0.000000
21477568,0.000000
20536320,0.000000
21819840,0.000000
-11907520,0.000000
-22033600,0.000000
-23908800,0.000000
-21471040,0.000000
-22689920,0.000000
-23908800,0.000000
-12460224,0.000000
-23056320,0.000000
-25018560,0.000000
-22467648,0.000000
-23743104,0.000000
-25018560,0.000000
-24331776,0.000000
-25491840,0.000000
-25491840,0.000000
-24692096,0.000000
-21193216,0.000000
-24992000,0.000000
-25491840,0.000000
-25491840,0.000000
-48992640,0.000000
-48992640,0.000000
-47455616,0.000000
-40731136,0.000000
-48032000,0.000000
-48992640,0.000000
-48992640,0.000000
63268352,0.000000
117071360,0.000000
127034880,0.000000
114082304,0.000000
120558592,0.000000
127034880,0.000000
123547648,0.000000
126038528,0.000000
-8673280,0.000000
-12467840,0.000000
-12566400,0.000000
-9954560,0.000000
-2611840,0.000000
-11728640,0.000000
-11186560,0.000000
-10395648,0.000000
-18408960,0.000000
-16820736,0.000000
-6136320,0.000000
-14149632,0.000000
-18408960,0.000000
-17181696,0.000000
-109587456,0.000000
-110453760,0.000000
-87496704,0.000000
-22957056,0.000000
-103090176,0.000000
-98325504,0.000000
-61507584,0.000000
-19041792,0.000000
-19192320,0.000000
-15203328,0.000000
-3988992,0.000000
-17912832,0.000000
-17084928,0.000000
-10687488,0.000000
-10006656,0.000000
-10085760,0.000000
-7989504,0.000000
-2096256,0.000000
-9413376,0.000000
-8978304,0.000000
-5616384,0.000000
-7633536,0.000000
-159232000,0.000000
-97927680,0.000000
-82800640,0.000000
-25477120,0.000000
-101908480,0.000000
-95539200,0.000000
29772800,0.000000
18310272,0.000000
15481856,0.000000
19054592,0.000000
8336384,0.000000
22627328,0.000000
-96290304,0.000000
-99813120,0.000000
-56365056,0.000000
-43839488,0.000000
-118992896,0.000000
-40316672,0.000000
-13512960,0.000000
-7630848,0.000000
-5935104,0.000000
-16109568,0.000000
-5458176,0.000000
-87148800,0.000000
-49213440,0.000000
-38277120,0.000000
-103895040,0.000000
-35201280,0.000000
-64592640,0.000000
23259328,0.000000
25820928,0.000000
29509632,0.000000
6557696,0.000000
11168576,0.000000
25308608,0.000000
14891040,0.000000
12868800,0.000000
6863360,0.000000
1960960,0.000000
11336800,0.000000
15626400,0.000000
28417536,0.000000
32477184,0.000000
3608576,0.000000
20862080,0.000000
28755840,0.000000
32143104,0.000000
36734976,0.000000
4081664,0.000000
23597120,0.000000
32525760,0.000000
32525760,0.000000
-99975168,0.000000
-11108352,0.000000
-64220160,0.000000
-88519680,0.000000
-88519680,0.000000
-129123840,0.000000
-129123840,0.000000
-110388224,0.000000
-72916992,0.000000
-64308736,0.000000
-118996480,0.000000
14085120,0.000000
14965440,0.000000
7277312,0.000000
7453376,0.000000
13791680,0.000000
14965440,0.000000
22766400,0.000000
11070720,0.000000
11338560,0.000000
20980800,0.000000
22766400,0.000000
123575040,0.000000
60091392,0.000000
61545216,0.000000
113882880,0.000000
123575040,0.000000
110975232,0.000000
10610432,0.000000
10867136,0.000000
20108480,0.000000
21819840,0.000000
19595072,0.000000
-23252480,0.000000
-23721280,0.000000
-23908800,0.000000
-15939200,0.000000
-16501760,0.000000
-23721280,0.000000
-23908800,0.000000
-25018560,0.000000
-24429888,0.000000
-23841216,0.000000
-18837504,0.000000
-14128128,0.000000
-25018560,0.000000
-22860096,0.000000
-25291904,0.000000
-25491840,0.000000
-16994560,0.000000
-14395392,0.000000
-25491840,0.000000
-23292544,0.000000
-8497280,0.000000
-48992640,0.000000
-32661760,0.000000
-27666432,0.000000
-48992640,0.000000
-44765824,0.000000
-16330880,0.000000
121056768,0.000000
95649792,0.000000
127034880,0.000000
116075008,0.000000
42344960,0.000000
-11728640,0.000000
-5371520,0.000000
-12566400,0.000000
-12566400,0.000000
-4730880,0.000000
-12615680,0.000000
-11975040,0.000000
-12566400,0.000000
-7868928,0.000000
-18408960,0.000000
-18408960,0.000000
-25411584,0.000000
-17687040,0.000000
-18336768,0.000000
-15665664,0.000000
-83598336,0.000000
-103956480,0.000000
-77967360,0.000000
-110886912,0.000000
-105255936,0.000000
-110453760,0.000000
-101790720,0.000000
-19192320,0.000000
-19192320,0.000000
-19267584,0.000000
-18289152,0.000000
-19192320,0.000000
-17687040,0.000000
-10085760,0.000000
-10085760,0.000000
-9690240,0.000000
-10046208,0.000000
-8582784,0.000000
-8938752,0.000000
-39409920,0.000000
-72450560,0.000000
-94344960,0.000000
-100316160,0.000000
-75635200,0.000000
-96733440,0.000000
-83596800,0.000000
-44584960,0.000000
13546624,0.000000
17640384,0.000000
18756864,0.000000
14142080,0.000000
18086976,0.000000
15630720,0.000000
8336384,0.000000
-73979136,0.000000
-99030272,0.000000
-74761984,0.000000
-88853248,0.000000
-98638848,0.000000
-112730112,0.000000
-10015488,0.000000
-13406976,0.000000
-10121472,0.000000
-12029184,0.000000
-13353984,0.000000
-15261696,0.000000
-80997120,0.000000
-86123520,0.000000
-64934400,0.000000
-83047680,0.000000
-71769600,0.000000
-38277120,0.000000
24796288,0.000000
25001216,0.000000
26128320,0.000000
25718464,0.000000
24591360,0.000000
26128320,0.000000
12705536,0.000000
14829760,0.000000
14952320,0.000000
15626400,0.000000
15381280,0.000000
14707200,0.000000
15626400,0.000000
7598720,0.000000
28755840,0.000000
28755840,0.000000
27289856,0.000000
28755840,0.000000
28755840,0.000000
24583424,0.000000
16238592,0.000000
32525760,0.000000
30867584,0.000000
32525760,0.000000
32525760,0.000000
27806336,0.000000
18367488,0.000000
-88519680,0.000000
-87131136,0.000000
-83312640,0.000000
-88519680,0.000000
-43044864,0.000000
-129123840,0.000000
-115958272,0.000000
-122541056,0.000000
-129123840,0.000000
-125579264,0.000000
-128111104,0.000000
-129123840,0.000000
-86082560,0.000000
14495936,0.000000
12441856,0.000000
14672000,0.000000
14965440,0.000000
14965440,0.000000
14613312,0.000000
14261184,0.000000
11268096,0.000000
18927360,0.000000
22320000,0.000000
22766400,0.000000
22766400,0.000000
22230720,0.000000
21695040,0.000000
17141760,0.000000
117275136,0.000000
123575040,0.000000
120182784,0.000000
122605824,0.000000
123575040,0.000000
82383360,0.000000
20707456,0.000000
21819840,0.000000
21220864,0.000000
21648704,0.000000
21819840,0.000000
14546560,0.000000
-18939520,0.000000
-4969280,0.000000
-22314880,0.000000
-21283520,0.000000
-13313920,0.000000
-18095680,0.000000
-22502400,0.000000
-16876800,0.000000
-5199936,0.000000
-23350656,0.000000
-22271424,0.000000
-13931904,0.000000
-18935616,0.000000
-23546880,0.000000
-17660160,0.000000
-19593728,0.000000
-25491840,0.000000
-23792384,0.000000
-10896512,0.000000
-25491840,0.000000
-25491840,0.000000
-10182784,0.000000
-45726464,0.000000
-43613056,0.000000
-27282176,0.000000
-37080704,0.000000
-46110720,0.000000
-34583040,0.000000
118565888,0.000000
113085952,0.000000
70740992,0.000000
96147968,0.000000
119562240,0.000000
89671680,0.000000
-11580800,0.000000
-10496640,0.000000
-12369280,0.000000
-11777920,0.000000
-15769600,0.000000
-12172160,0.000000
-11975040,0.000000
-16315392,0.000000
-17614848,0.000000
-18408960,0.000000
-5558784,0.000000
-13138944,0.000000
-17253888,0.000000
-97892352,0.000000
-105689088,0.000000
-110453760,0.000000
-33352704,0.000000
-78833664,0.000000
-103523328,0.000000
-16031232,0.000000
-18891264,0.000000
-17988096,0.000000
-24084480,0.000000
-18590208,0.000000
-18289152,0.000000
-9927552,0.000000
-9452928,0.000000
-12656640,0.000000
-9769344,0.000000
-9611136,0.000000
-12738560,0.000000
-73644800,0.000000
-101510400,0.000000
-101510400,0.000000
-101510400,0.000000
-96335360,0.000000
4763648,0.000000
8113088,0.000000
18384704,0.000000
18012544,0.000000
18161408,0.000000
18980160,0.000000
18682432,0.000000
-12525568,0.000000
-72413440,0.000000
-99813120,0.000000
-99813120,0.000000
-99813120,0.000000
-94724608,0.000000
-99813120,0.000000
-1695744,0.000000
-9803520,0.000000
-13512960,0.000000
-13512960,0.000000
-13512960,0.000000
-12824064,0.000000
-13512960,0.000000
-13512960,0.000000
-37251840,0.000000
-84414720,0.000000
-82705920,0.000000
-83389440,0.000000
-87148800,0.000000
-85781760,0.000000
-82022400,0.000000
-87148800,0.000000
13012928,0.000000
24079040,0.000000
26128320,0.000000
23464256,0.000000
24796288,0.000000
26128320,0.000000
7782560,0.000000
14400800,0.000000
15626400,0.000000
14033120,0.000000
14829760,0.000000
15626400,0.000000
15197440,0.000000
28755840,0.000000
28755840,0.000000
27853696,0.000000
23906816,0.000000
28192000,0.000000
28755840,0.000000
28755840,0.000000
32525760,0.000000
32525760,0.000000
31505344,0.000000
27041024,0.000000
31888000,0.000000
32525760,0.000000
32525760,0.000000
-44086272,0.000000
-81576960,0.000000
-88519680,0.000000
-79494144,0.000000
-84006912,0.000000
-88519680,0.000000
-86089728,0.000000
-87825408,0.000000
-89120768,0.000000
-128111104,0.000000
-129123840,0.000000
-102286336,0.000000
-26837504,0.000000
-120515584,0.000000
-114945536,0.000000
8451072,0.000000
14965440,0.000000
13674304,0.000000
4988480,0.000000
11502848,0.000000
14965440,0.000000
13967744,0.000000
22587840,0.000000
22766400,0.000000
18034560,0.000000
4731840,0.000000
21248640,0.000000
20266560,0.000000
12677760,0.000000
122605824,0.000000
123575040,0.000000
97890816,0.000000
25684224,0.000000
115336704,0.000000
110006016,0.000000
68814336,0.000000
21648704,0.000000
21819840,0.000000
17284736,0.000000
4535104,0.000000
20365184,0.000000
19423936,0.000000
12150656,0.000000
16514624,0.000000
-33003520,0.000000
-22971200,0.000000
-23815040,0.000000
-20345920,0.000000
-21189760,0.000000
-22877440,0.000000
-23908800,0.000000
-34535424,0.000000
-24037440,0.000000
-24920448,0.000000
-21290304,0.000000
-22173312,0.000000
-23939328,0.000000
-25018560,0.000000
-7554624,0.000000
-25591808,0.000000
-24292224,0.000000
-25491840,0.000000
-23492480,0.000000
-21293184,0.000000
-25091968,0.000000
-23892352,0.000000
-49184768,0.000000
-46687104,0.000000
-48992640,0.000000
-45150080,0.000000
-40923264,0.000000
-48224128,0.000000
-45918592,0.000000
122053120,0.000000
126536704,0.000000
108104192,0.000000
112587776,0.000000
121554944,0.000000
127034880,0.000000
38359552,0.000000
-3153920,0.000000
-12369280,0.000000
-12073600,0.000000
-11925760,0.000000
-12320000,0.000000
-9708160,0.000000
-2907520,0.000000
-11911680,0.000000
-18408960,0.000000
-18408960,0.000000
-18264576,0.000000
-18408960,0.000000
-7724544,0.000000
-27721728,0.000000
-108721152,0.000000
-106122240,0.000000
-104822784,0.000000
-108288000,0.000000
-85330944,0.000000
-25555968,0.000000
-4816896,0.000000
-18891264,0.000000
-18439680,0.000000
-18213888,0.000000
-18816000,0.000000
-14827008,0.000000
-4440576,0.000000
-2408448,0.000000
-9927552,0.000000
-9690240,0.000000
-9571584,0.000000
-9888000,0.000000
-7791744,0.000000
-2333568,0.000000
-1265664,0.000000
-101510400,0.000000
-101510400,0.000000
-86781440,0.000000
-57323520,0.000000
-50556160,0.000000
-93548800,0.000000
17863680,0.000000
18980160,0.000000
9229568,0.000000
9452864,0.000000
17491520,0.000000
18980160,0.000000
-99813120,0.000000
-48536576,0.000000
-49710848,0.000000
-91984640,0.000000
-99813120,0.000000
-13512960,0.000000
-6571008,0.000000
-6729984,0.000000
-12453120,0.000000
-13512960,0.000000
-12135168,0.000000
-42378240,0.000000
-43403520,0.000000
-80313600,0.000000
-87148800,0.000000
-78263040,0.000000
25411072,0.000000
25923392,0.000000
26128320,0.000000
17418880,0.000000
18033664,0.000000
25923392,0.000000
26128320,0.000000
15626400,0.000000
15258720,0.000000
14891040,0.000000
11765760,0.000000
8824320,0.000000
15626400,0.000000
14278240,0.000000
28530304,0.000000
28755840,0.000000
19170560,0.000000
16238592,0.000000
28755840,0.000000
26274944,0.000000
9585280,0.000000
32525760,0.000000
21683840,0.000000
18367488,0.000000
32525760,0.000000
29719616,0.000000
10841920,0.000000
-84354048,0.000000
-66650112,0.000000
-88519680,0.000000
-80882688,0.000000
-29506560,0.000000
-120515584,0.000000
-55194112,0.000000
-129123840,0.000000
-129123840,0.000000
-48611328,0.000000
-129630208,0.000000
-123047424,0.000000
-129123840,0.000000
6396992,0.000000
14965440,0.000000
14965440,0.000000
20658176,0.000000
14378560,0.000000
14906752,0.000000
12735296,0.000000
17231040,0.000000
21427200,0.000000
16070400,0.000000
22855680,0.000000
21695040,0.000000
22766400,0.000000
20980800,0.000000
123575040,0.000000
123575040,0.000000
124059648,0.000000
117759744,0.000000
123575040,0.000000
113882880,0.000000
21819840,0.000000
21819840,0.000000
20964160,0.000000
21734272,0.000000
18568256,0.000000
19338368,0.000000
-7219520,0.000000
-17064320,0.000000
-22408640,0.000000
-6000640,0.000000
-23533760,0.000000
-22971200,0.000000
-17856384,0.000000
-23448768,0.000000
-6279168,0.000000
-24626112,0.000000
-24037440,0.000000
-31989760,0.000000
-24692096,0.000000
-24292224,0.000000
-16494720,0.000000
-25491840,0.000000
-25491840,0.000000
-61480960,0.000000
-47455616,0.000000
-46687104,0.000000
-31701120,0.000000
-48992640,0.000000
-48992640,0.000000
-48608384,0.000000
123049472,0.000000
121056768,0.000000
125042176,0.000000
122053120,0.000000
120558592,0.000000
124544000,0.000000
-1576960,0.000000
-2661120,0.000000
-7786240,0.000000
-4730880,0.000000
-8229760,0.000000
-20791296,0.000000
-6930432,0.000000
-18408960,0.000000
-27721728,0.000000
-2454528,0.000000
-14005248,0.000000
-13860864,0.000000
-23390208,0.000000
-68438016,0.000000
-14727168,0.000000
-84031488,0.000000
-79266816,0.000000
-4064256,0.000000
-11891712,0.000000
-2558976,0.000000
-14601216,0.000000
-13773312,0.000000
-2135808,0.000000
-6249216,0.000000
-1344768,0.000000
-7673088,0.000000
-7238016,0.000000
-1740288,0.000000
-98325760,0.000000
-84392960,0.000000
-99520000,0.000000
-101510400,0.000000
-101510400,0.000000
-99121920,0.000000
-96733440,0.000000
-76431360,0.000000
17044928,0.000000
18012544,0.000000
18980160,0.000000
18459136,0.000000
18831296,0.000000
18980160,0.000000
12653440,0.000000
-89636096,0.000000
-94724608,0.000000
-99813120,0.000000
-97073152,0.000000
-99030272,0.000000
-99813120,0.000000
-66542080,0.000000
-11234304,0.000000
-13248000,0.000000
-13512960,0.000000
-13512960,0.000000
-13195008,0.000000
-12877056,0.000000
-10174464,0.000000
-85440000,0.000000
-87148800,0.000000
-87148800,0.000000
-85098240,0.000000
-83047680,0.000000
-65617920,0.000000
8709440,0.000000
20082944,0.000000
26128320,0.000000
24386432,0.000000
11168576,0.000000
26128320,0.000000
26128320,0.000000
5208800,0.000000
12010880,0.000000
15626400,0.000000
14584640,0.000000
6679520,0.000000
15626400,0.000000
15626400,0.000000
5976704,0.000000
26838784,0.000000
25598336,0.000000
16013056,0.000000
21764224,0.000000
27064320,0.000000
20298240,0.000000
25000192,0.000000
32525760,0.000000
30357376,0.000000
13903168,0.000000
32525760,0.000000
32525760,0.000000
-68038656,0.000000
-88519680,0.000000
-82618368,0.000000
-37837824,0.000000
-88519680,0.000000
-88519680,0.000000
-109881856,0.000000
-114439168,0.000000
-123553792,0.000000
-129123840,0.000000
-38990336,0.000000
-92158976,0.000000
-121021952,0.000000
13791680,0.000000
12500544,0.000000
14730688,0.000000
14026432,0.000000
18780160,0.000000
14495936,0.000000
14261184,0.000000
19016640,0.000000
22409280,0.000000
21337920,0.000000
28569600,0.000000
22052160,0.000000
21695040,0.000000
118244352,0.000000
123575040,0.000000
37314816,0.000000
88198656,0.000000
115821312,0.000000
20878592,0.000000
21819840,0.000000
6588736,0.000000
15573376,0.000000
20450752,0.000000
-23908800,0.000000
-23721280,0.000000
-23908800,0.000000
-10032320,0.000000
-27002880,0.000000
-9000960,0.000000
-23908800,0.000000
-23743104,0.000000
-24528000,0.000000
-19328064,0.000000
-5788608,0.000000
-3139584,0.000000
-5298048,0.000000
-15501696,0.000000
-24992000,0.000000
-19693696,0.000000
-5898112,0.000000
-3198976,0.000000
-5398272,0.000000
-15794944,0.000000
-48992640,0.000000
-20557696,0.000000
-55332864,0.000000
-18444288,0.000000
-48992640,0.000000
127034880,0.000000
53304832,0.000000
143474688,0.000000
47824896,0.000000
127034880,0.000000
-8673280,0.000000
-8081920,0.000000
-1576960,0.000000
-4730880,0.000000
-3942400,0.000000
-11038720,0.000000
-13211136,0.000000
-3176448,0.000000
-11550720,0.000000
-6930432,0.000000
-18481152,0.000000
-2310144,0.000000
-19058688,0.000000
-69304320,0.000000
-41582592,0.000000
-110886912,0.000000
-13860864,0.000000
-2408448,0.000000
-7225344,0.000000
-6021120,0.000000
-16859136,0.000000
-1265664,0.000000
-3796992,0.000000
-3164160,0.000000
-8859648,0.000000
-70062080,0.000000
-100714240,0.000000
-101510400,0.000000
-80412160,0.000000
-21098240,0.000000
-94743040,0.000000
-90364160,0.000000
10718208,0.000000
18980160,0.000000
17342656,0.000000
6326720,0.000000
14588672,0.000000
18980160,0.000000
17714816,0.000000
-99030272,0.000000
-99813120,0.000000
-79067648,0.000000
-20745472,0.000000
-93158912,0.000000
-88853248,0.000000
-55582208,0.000000
-13406976,0.000000
-13512960,0.000000
-10704384,0.000000
-2808576,0.000000
-12612096,0.000000
-12029184,0.000000
-7524864,0.000000
-86465280,0.000000
-87148800,0.000000
-69035520,0.000000
-18113280,0.000000
-81338880,0.000000
-77579520,0.000000
-48529920,0.000000
-65959680,0.000000
36067328,0.000000
25103680,0.000000
26025856,0.000000
22234688,0.000000
23156864,0.000000
25001216,0.000000
26128320,0.000000
21570560,0.000000
15013600,0.000000
15565120,0.000000
13297760,0.000000
13849280,0.000000
14952320,0.000000
15626400,0.000000
4718560,0.000000
28868608,0.000000
27402624,0.000000
28755840,0.000000
26500480,0.000000
24019584,0.000000
28304768,0.000000
26951552,0.000000
32653312,0.000000
30995136,0.000000
32525760,0.000000
29974720,0.000000
27168576,0.000000
32015552,0.000000
30484928,0.000000
-85048320,0.000000
-88172544,0.000000
-75328512,0.000000
-78452736,0.000000
-84701184,0.000000
-88519680,0.000000
-26729472,0.000000
-32407552,0.000000
-127098368,0.000000
-124060160,0.000000
-122541056,0.000000
-126592000,0.000000
-99754496,0.000000
-29875712,0.000000
9683520,0.000000
14965440,0.000000
14965440,0.000000
14848064,0.000000
14965440,0.000000
6279616,0.000000
5713920,0.000000
22409280,0.000000
21873600,0.000000
21605760,0.000000
22320000,0.000000
17588160,0.000000
5267520,0.000000
31014912,0.000000
121636608,0.000000
118728960,0.000000
117275136,0.000000
121152000,0.000000
95467776,0.000000
28591872,0.000000
15507456,0.000000
21477568,0.000000
20964160,0.000000
20707456,0.000000
21392000,0.000000
16856896,0.000000
5048512,0.000000
2738176,0.000000
-36003840,0.000000
-3187840,0.000000
-18189440,0.000000
-17158080,0.000000
-4125440,0.000000
-15001600,0.000000
-9000960,0.000000
-9418752,0.000000
-16384704,0.000000
-17267712,0.000000
-16090368,0.000000
-3139584,0.000000
-9418752,0.000000
-9596928,0.000000
-16694656,0.000000
-17594368,0.000000
-16394752,0.000000
-3198976,0.000000
-9596928,0.000000
-18444288,0.000000
-32085376,0.000000
-33814528,0.000000
-31508992,0.000000
-6148096,0.000000
-18444288,0.000000
-15370240,0.000000
16937984,0.000000
96646144,0.000000
91166208,0.000000
21919744,0.000000
79708160,0.000000
47824896,0.000000
-7884800,0.000000
-9461760,0.000000
-12615680,0.000000
-5519360,0.000000
-13860864,0.000000
-18481152,0.000000
-8085504,0.000000
-97026048,0.000000
-34652160,0.000000
-41582592,0.000000
-55443456,0.000000
-6021120,0.000000
-7225344,0.000000
-9633792,0.000000
-7593984,0.000000
-10125312,0.000000
-4429824,0.000000
-6328320,0.000000
-56527360,0.000000
-76829440,0.000000
-95539200,0.000000
-71654400,0.000000
-140124160,0.000000
-97529600,0.000000
-101112320,0.000000
10569344,0.000000
14365376,0.000000
17863680,0.000000
13397760,0.000000
19054592,0.000000
18086976,0.000000
18980160,0.000000
-42665216,0.000000
-99813120,0.000000
-99813120,0.000000
-137781248,0.000000
-95898880,0.000000
-99421696,0.000000
-84939008,0.000000
-10227456,0.000000
-12718080,0.000000
-9538560,0.000000
-12983040,0.000000
-13459968,0.000000
-11499264,0.000000
-11976192,0.000000
-82022400,0.000000
-61516800,0.000000
-83047680,0.000000
-87148800,0.000000
-80313600,0.000000
-72794880,0.000000
32788480,0.000000
25308608,0.000000
24898752,0.000000
16906560,0.000000
26128320,0.000000
19609600,0.000000
15136160,0.000000
14891040,0.000000
10111200,0.000000
15626400,0.000000
15626400,0.000000
20523776,0.000000
26951552,0.000000
7217152,0.000000
28304768,0.000000
27628160,0.000000
27289856,0.000000
23214464,0.000000
30484928,0.000000
8163328,0.000000
32015552,0.000000
31250240,0.000000
30867584,0.000000
-63178752,0.000000
-82965504,0.000000
-57277440,0.000000
-88519680,0.000000
-88519680,0.000000
-87825408,0.000000
-145833984,0.000000
-48611328,0.000000
-129123840,0.000000
-194445312,0.000000
-17216512,0.000000
-98235392,0.000000
1878016,0.000000
3169152,0.000000
9272704,0.000000
5634048,0.000000
9800896,0.000000
10329088,0.000000
8570880,0.000000
22766400,0.000000
8570880,0.000000
14909760,0.000000
15713280,0.000000
46522368,0.000000
123575040,0.000000
46522368,0.000000
80929536,0.000000
85291008,0.000000
79475712,0.000000
21819840,0.000000
8214528,0.000000
14289856,0.000000
15059968,0.000000
14033152,0.000000
-7500800,0.000000
-21002240,0.000000
-15001600,0.000000
-18001920,0.000000
-7848960,0.000000
-21977088,0.000000
-21977088,0.000000
-7848960,0.000000
-7997440,0.000000
-22392832,0.000000
-22392832,0.000000
-7997440,0.000000
-49184768,0.000000
-6148096,0.000000
-15370240,0.000000
-18444288,0.000000
111591424,0.000000
95649792,0.000000
127533056,0.000000
-6307840,0.000000
-3942400,0.000000
-11038720,0.000000
-19712000,0.000000
-5775360,0.000000
-16171008,0.000000
-28876800,0.000000
-34652160,0.000000
-27721728,0.000000
-62373888,0.000000
-12042240,0.000000
-30105600,0.000000
-3164160,0.000000
-15820800,0.000000
-86383360,0.000000
-89966080,0.000000
-97131520,0.000000
-101510400,0.000000
-30652160,0.000000
-72450560,0.000000
-95141120,0.000000
17491520,0.000000
15854016,0.000000
18682432,0.000000
17789248,0.000000
23818240,0.000000
18384704,0.000000
18086976,0.000000
-83373312,0.000000
-98247424,0.000000
-93550336,0.000000
-125255680,0.000000
-96681728,0.000000
-95116032,0.000000
-12930048,0.000000
-13512960,0.000000
-4080384,0.000000
-9644544,0.000000
-12665088,0.000000
-83389440,0.000000
-87148800,0.000000
-26315520,0.000000
-62200320,0.000000
-81680640,0.000000
26128320,0.000000
25923392,0.000000
26128320,0.000000
10963648,0.000000
29509632,0.000000
9836544,0.000000
26128320,0.000000
14829760,0.000000
15320000,0.000000
12072160,0.000000
3615520,0.000000
1960960,0.000000
3309120,0.000000
9682240,0.000000
28192000,0.000000
22215296,0.000000
6653312,0.000000
3608576,0.000000
6089472,0.000000
17817344,0.000000
32525760,0.000000
13648064,0.000000
36734976,0.000000
12244992,0.000000
32525760,0.000000
-88519680,0.000000
-37143552,0.000000
-99975168,0.000000
-33325056,0.000000
-88519680,0.000000
-89120768,0.000000
-83044352,0.000000
-16203776,0.000000
-48611328,0.000000
-40509440,0.000000
-113426432,0.000000
10739904,0.000000
2582272,0.000000
9390080,0.000000
5634048,0.000000
15024128,0.000000
1878016,0.000000
3928320,0.000000
14284800,0.000000
8570880,0.000000
22855680,0.000000
2856960,0.000000
15507456,0.000000
46522368,0.000000
38768640,0.000000
108552192,0.000000
2738176,0.000000
8214528,0.000000
6845440,0.000000
19167232,0.000000
-24002560,0.000000
-10501120,0.000000
-15001600,0.000000
-15001600,0.000000
-10988544,0.000000
-15697920,0.000000
-15697920,0.000000
-11196416,0.000000
-15994880,0.000000
-15994880,0.000000
-24592384,0.000000
-15370240,0.000000
55795712,0.000000
79708160,0.000000
79708160,0.000000
-7096320,0.000000
-12615680,0.000000
-5519360,0.000000
-10395648,0.000000
-18481152,0.000000
-8085504,0.000000
-76234752,0.000000
-13860864,0.000000
-10838016,0.000000
-19267584,0.000000
-8429568,0.000000
-6961152,0.000000
-1265664,0.000000
-25477120,0.000000
-99918080,0.000000
-97529600,0.000000
-96335360,0.000000
-99520000,0.000000
-78421760,0.000000
-23486720,0.000000
12281280,0.000000
18980160,0.000000
18980160,0.000000
18831296,0.000000
18980160,0.000000
7964224,0.000000
-25051136,0.000000
-98247424,0.000000
-95898880,0.000000
-94724608,0.000000
-97856000,0.000000
-77110528,0.000000
-23094016,0.000000
-3391488,0.000000
-13300992,0.000000
-12983040,0.000000
-12824064,0.000000
-13248000,0.000000
-10439424,0.000000
-3126528,0.000000
-1695744,0.000000
-85781760,0.000000
-83731200,0.000000
-82705920,0.000000
-85440000,0.000000
-67326720,0.000000
-20163840,0.000000
-10936320,0.000000
39346176,0.000000
3483776,0.000000
19878016,0.000000
18750912,0.000000
4508416,0.000000
16394240,0.000000
9836544,0.000000
5882880,0.000000
10233760,0.000000
10785280,0.000000
10049920,0.000000
1960960,0.000000
5882880,0.000000
10825728,0.000000
18832256,0.000000
19847168,0.000000
18493952,0.000000
3608576,0.000000
10825728,0.000000
12244992,0.000000
21301184,0.000000
22449152,0.000000
20918528,0.000000
4081664,0.000000
12244992,0.000000
10204160,0.000000
-11802624,0.000000
-67344384,0.000000
-63525888,0.000000
-15273984,0.000000
-55541760,0.000000
-33325056,0.000000
-81018880,0.000000
-97222656,0.000000
-129630208,0.000000
-56713216,0.000000
11268096,0.000000
15024128,0.000000
6573056,0.000000
19998720,0.000000
7142400,0.000000
8570880,0.000000
11427840,0.000000
38768640,0.000000
46522368,0.000000
62029824,0.000000
16429056,0.000000
21905408,0.000000
9583616,0.000000
13690880,0.000000
-6000640,0.000000
-13501440,0.000000
-16501760,0.000000
-6279168,0.000000
-14128128,0.000000
-17267712,0.000000
-6397952,0.000000
-14395392,0.000000
-17594368,0.000000
-12296192,0.000000
-27666432,0.000000
-33814528,0.000000
199270400,0.000000
71737344,0.000000
127533056,0.000000
-114647040,0.000000
-38215680,0.000000
-101510400,0.000000
-152862720,0.000000
-13534720,0.000000
-77227520,0.000000
2381824,0.000000
4019328,0.000000
11760256,0.000000
7145472,0.000000
12430144,0.000000
13100032,0.000000
-37576704,0.000000
-99813120,0.000000
-37576704,0.000000
-65367808,0.000000
-68890624,0.000000
-5087232,0.000000
-13512960,0.000000
-5087232,0.000000
-8849664,0.000000
-9326592,0.000000
-8690688,0.000000
-87148800,0.000000
-32808960,0.000000
-57073920,0.000000
-60149760,0.000000
-56048640,0.000000
8197120,0.000000
22951936,0.000000
16394240,0.000000
19673088,0.000000
4902400,0.000000
13726720,0.000000
13726720,0.000000
4902400,0.000000
9021440,0.000000
25260032,0.000000
25260032,0.000000
9021440,0.000000
32653312,0.000000
4081664,0.000000
10204160,0.000000
12244992,0.000000
-77758464,0.000000
-66650112,0.000000
-88866816,0.000000
-64815104,0.000000
-40509440,0.000000
-113426432,0.000000
-202547200,0.000000
4695040,0.000000
13146112,0.000000
23475200,0.000000
7142400,0.000000
5713920,0.000000
12856320,0.000000
77537280,0.000000
193843200,0.000000
6845440,0.000000
34227200,0.000000
-24002560,0.000000
-10501120,0.000000
-10988544,0.000000
-11196416,0.000000
-21518336,0.000000
-70062080,0.000000
-65285120,0.000000
-12738560,0.000000
-38215680,0.000000
-31846400,0.000000
-89169920,0.000000
13621056,0.000000
3275008,0.000000
11909120,0.000000
7145472,0.000000
19054592,0.000000
2381824,0.000000
-17222656,0.000000
-62627840,0.000000
-37576704,0.000000
-100204544,0.000000
-12525568,0.000000
-1695744,0.000000
-5087232,0.000000
-4239360,0.000000
-11870208,0.000000
-10936320,0.000000
-32808960,0.000000
-27340800,0.000000
-76554240,0.000000
26230784,0.000000
11475968,0.000000
16394240,0.000000
16394240,0.000000
6863360,0.000000
9804800,0.000000
9804800,0.000000
12630016,0.000000
18042880,0.000000
18042880,0.000000
16326656,0.000000
10204160,0.000000
-38879232,0.000000
-55541760,0.000000
-55541760,0.000000
-72916992,0.000000
-129630208,0.000000
-56713216,0.000000
8451072,0.000000
15024128,0.000000
6573056,0.000000
15713280,0.000000
2856960,0.000000
69783552,0.000000
124059648,0.000000
54276096,0.000000
15059968,0.000000
2738176,0.000000
-63692800,0.000000
-76431360,0.000000
-101908480,0.000000
-44584960,0.000000
14290944,0.000000
19054592,0.000000
8336384,0.000000
-87678976,0.000000
-31313920,0.000000
-37576704,0.000000
-50102272,0.000000
-4239360,0.000000
-5087232,0.000000
-6782976,0.000000
-65617920,0.000000
-87490560,0.000000
-38277120,0.000000
-54681600,0.000000
6557696,0.000000
14754816,0.000000
18033664,0.000000
3921920,0.000000
8824320,0.000000
10785280,0.000000
7217152,0.000000
16238592,0.000000
19847168,0.000000
8163328,0.000000
18367488,0.000000
22449152,0.000000
-138854400,0.000000
-49987584,0.000000
-88866816,0.000000
-50954240,0.000000
-31846400,0.000000
-89169920,0.000000
-159232000,0.000000
-57323520,0.000000
-101908480,0.000000
-44584960,0.000000
5954560,0.000000
16672768,0.000000
29772800,0.000000
10718208,0.000000
19054592,0.000000
8336384,0.000000
-31313920,0.000000
-25051136,0.000000
-56365056,0.000000
-68890624,0.000000
-12525568,0.000000
-4239360,0.000000
-3391488,0.000000
-7630848,0.000000
-9326592,0.000000
-1695744,0.000000
-27340800,0.000000
-136704000,0.000000
-49213440,0.000000
-87490560,0.000000
-38277120,0.000000
3278848,0.000000
1960960,0.000000
3608576,0.000000
4081664,0.000000
-38879232,0.000000
-567620,0.000000
7507036,0.000000
2551160,0.000000
699576,0.000000
3192024,0.000000
-6075168,0.000000
459524,0.000000
-5129110,0.000000
-3040660,0.000000
-9957904,0.000000
-567620,0.000000
7507036,0.000000
2551160,0.000000
699576,0.000000
3192024,0.000000
-6075168,0.000000
459524,0.000000
-5129110,0.000000
-3040660,0.000000
-9957904,0.000000
23379200,0.000000
-17390176,0.000000
874380,0.000000
4657248,0.000000
8640432,0.000000
-2308680,0.000000
358115,0.000000
1651580,0.000000
5801600,0.000000
32175616,0.000000
27470560,0.000000
-106030,0.000000
-142485,0.000000
993126,0.000000
15545184,0.000000
-9106944,0.000000
278079,0.000000
528867,0.000000
1280755,0.000000
9733328,0.000000
29920880,0.000000
1226962,0.000000
-56899,0.000000
378834,0.000000
32261952,0.000000
-34987392,0.000000
-7298,0.000000
-764103,0.000000
141397,0.000000
1295778,0.000000
25110160,0.000000
3367012,0.000000
762280,0.000000
1373196,0.000000
50812032,0.000000
-48973056,0.000000
1104,0.000000
-1589893,0.000000
1114347,0.000000
-2194720,0.000000
40419040,0.000000
12046536,0.000000
232,0.000000
2361996,0.000000
51332736,0.000000
-54177024,0.000000
157229,0.000000
-5810140,0.000000
3255630,0.000000
-1246014,0.000000
18635920,0.000000
16726112,0.000000
1791240,0.000000
2442336,0.000000
34236288,0.000000
-46464000,0.000000
-434741,0.000000
-8356600,0.000000
2292150,0.000000
-29256128,0.000000
-567620,0.000000
7507036,0.000000
2551160,0.000000
699576,0.000000
3192024,0.000000
-6075168,0.000000
459524,0.000000
-5129110,0.000000
-3040660,0.000000
-9957904,0.000000
-567620,0.000000
7507036,0.000000
2551160,0.000000
699576,0.000000
3192024,0.000000
-6075168,0.000000
459524,0.000000
-5129110,0.000000
-3040660,0.000000
-9957904,0.000000
19119240,0.000000
-419904,0.000000
65821,0.000000
506451,0.000000
8130576,0.000000
-5177832,0.000000
221804,0.000000
255386,0.000000
484006,0.000000
17088192,0.000000
59841760,0.000000
13644440,0.000000
-1817200,0.000000
3703056,0.000000
19222656,0.000000
-21617376,0.000000
114597,0.000000
-2919875,0.000000
7065520,0.000000
35135936,0.000000
3546220,0.000000
3369606,0.000000
-491765,0.000000
384396,0.000000
1966200,0.000000
-2469852,0.000000
-19953,0.000000
-717632,0.000000
1849260,0.000000
817278,0.000000
2779090,0.000000
4765178,0.000000
-341610,0.000000
128389,0.000000
3137784,0.000000
-2060388,0.000000
-86289,0.000000
-1473920,0.000000
3550890,0.000000
-282315,0.000000
2888680,0.000000
3870248,0.000000
-464035,0.000000
230823,0.000000
3107952,0.000000
-1419330,0.000000
-101012,0.000000
-1101328,0.000000
3615640,0.000000
1241548,0.000000
2682145,0.000000
2822272,0.000000
-236738,0.000000
241174,0.000000
2850312,0.000000
-658482,0.000000
-99136,0.000000
-1184400,0.000000
2908570,0.000000
947430,0.000000
243208,0.000000
14412120,0.000000
-1459350,0.000000
-2087408,0.000000
-4905736,0.000000
-9045808,0.000000
-14559284,0.000000
-692196,0.000000
-2185988,0.000000
-7788392,0.000000
-10017280,0.000000
-33385920,0.000000
-500175,0.000000
-13896384,0.000000
-13279248,0.000000
-3437580,0.000000
-11346300,0.000000
222888,0.000000
4170880,0.000000
25165568,0.000000
-11770304,0.000000
-203558,0.000000
81506,0.000000
-2963308,0.000000
-23890976,0.000000
-13560064,0.000000
-8810492,0.000000
71373,0.000000
920759,0.000000
7612744,0.000000
-12820192,0.000000
2355540,0.000000
32547,0.000000
-1130372,0.000000
-49582528,0.000000
-52095552,0.000000
231203,0.000000
-103119,0.000000
101653,0.000000
1013469,0.000000
-10758944,0.000000
6464040,0.000000
-436050,0.000000
-4097368,0.000000
-78091648,0.000000
-72919936,0.000000
-34979,0.000000
-214563,0.000000
801125,0.000000
-1716560,0.000000
-17318336,0.000000
23127120,0.000000
-133,0.000000
-7047768,0.000000
-78891904,0.000000
-80668544,0.000000
-4981566,0.000000
-784104,0.000000
2340534,0.000000
-974547,0.000000
-7984928,0.000000
32111040,0.000000
-1024650,0.000000
-7287488,0.000000
-52616832,0.000000
-69184000,0.000000
13774048,0.000000
-1127760,0.000000
1647870,0.000000
-22882144,0.000000
965608,0.000000
23166960,0.000000
-2384100,0.000000
-4137936,0.000000
-52049984,0.000000
-25148384,0.000000
849171,0.000000
-523476,0.000000
3670002,0.000000
-2880228,0.000000
243208,0.000000
14412120,0.000000
-1459350,0.000000
-2087408,0.000000
-4905736,0.000000
-9045808,0.000000
-14559284,0.000000
-692196,0.000000
-2185988,0.000000
-7788392,0.000000
-8192016,0.000000
-806138,0.000000
-37653,0.000000
-1511158,0.000000
-12495664,0.000000
-7709692,0.000000
-7027502,0.000000
34465,0.000000
347961,0.000000
13365216,0.000000
-25640384,0.000000
26194800,0.000000
1039500,0.000000
-11049248,0.000000
-29542784,0.000000
-32187856,0.000000
-3630816,0.000000
-394050,0.000000
5079536,0.000000
27480928,0.000000
-24311168,0.000000
103504320,0.000000
4500900,0.000000
-18351488,0.000000
-48348800,0.000000
-58840992,0.000000
10114416,0.000000
-1549560,0.000000
21271488,0.000000
10227504,0.000000
-1190756,0.000000
9148260,0.000000
195412,0.000000
-383091,0.000000
-4822376,0.000000
-3067878,0.000000
2733918,0.000000
-198912,0.000000
2552802,0.000000
-220808,0.000000
-1237712,0.000000
7430160,0.000000
265443,0.000000
-688734,0.000000
-4776528,0.000000
-2113355,0.000000
3200377,0.000000
-148629,0.000000
2599352,0.000000
971054,0.000000
-1149218,0.000000
5418240,0.000000
135421,0.000000
-719621,0.000000
-4380568,0.000000
-980467,0.000000
3140944,0.000000
-159840,0.000000
2091026,0.000000
741015,0.000000
-503874,0.000000
2426505,0.000000
-63155,0.000000
439333,0.000000
-4789032,0.000000
-862098,0.000000
2209827,0.000000
-230880,0.000000
-74015,0.000000
-2848292,0.000000
-33479680,0.000000
-10290640,0.000000
3616080,0.000000
-6085320,0.000000
2153736,0.000000
-4006800,0.000000
-9443700,0.000000
-3945720,0.000000
-11325440,0.000000
-25266432,0.000000
-39338624,0.000000
-62744,0.000000
-589260,0.000000
-1297653,0.000000
3874832,0.000000
-15805440,0.000000
-7333108,0.000000
-1263495,0.000000
-2500192,0.000000
-7643256,0.000000
-42847552,0.000000
726055,0.000000
-235308,0.000000
-494998,0.000000
8041696,0.000000
-60721920,0.000000
192434,0.000000
1825485,0.000000
-276026,0.000000
-1017531,0.000000
-35958464,0.000000
1992430,0.000000
3152480,0.000000
-1794265,0.000000
12665536,0.000000
-84994560,0.000000
-29114,0.000000
3798345,0.000000
-2175344,0.000000
1723440,0.000000
-57881216,0.000000
7128540,0.000000
960,0.000000
-3086265,0.000000
12795328,0.000000
-94026240,0.000000
-4146234,0.000000
13880760,0.000000
-6355392,0.000000
978453,0.000000
-26687168,0.000000
9897680,0.000000
7407840,0.000000
-3191240,0.000000
8533824,0.000000
-80640000,0.000000
11464352,0.000000
19964400,0.000000
-4474560,0.000000
22973856,0.000000
3227248,0.000000
7140820,0.000000
17236160,0.000000
-1812030,0.000000
8441888,0.000000
-29312640,0.000000
706778,0.000000
9266940,0.000000
-9965376,0.000000
2891772,0.000000
-45197568,0.000000
-12501040,0.000000
16113760,0.000000
-9166740,0.000000
11843520,0.000000
16823520,0.000000
540764,0.000000
-31471440,0.000000
-4209120,0.000000
-56047872,0.000000
-27379296,0.000000
-248479,0.000000
272212,0.000000
-661747,0.000000
2026648,0.000000
-8986320,0.000000
-5849098,0.000000
-610133,0.000000
-944840,0.000000
-13418784,0.000000
-85695104,0.000000
8074100,0.000000
-7515200,0.000000
-4838540,0.000000
4791488,0.000000
-37517760,0.000000
-3021984,0.000000
6975750,0.000000
-13792768,0.000000
-27591072,0.000000
-5078288,0.000000
1993965,0.000000
-2033740,0.000000
-502265,0.000000
490100,0.000000
-4286520,0.000000
526149,0.000000
1714462,0.000000
-3609984,0.000000
-641781,0.000000
-3979736,0.000000
2819795,0.000000
-1412760,0.000000
-167759,0.000000
782132,0.000000
-3575880,0.000000
2275482,0.000000
3521280,0.000000
-6931776,0.000000
221692,0.000000
-4136672,0.000000
2290220,0.000000
-1919060,0.000000
-301602,0.000000
774696,0.000000
-2463300,0.000000
2663723,0.000000
2631135,0.000000
-7058176,0.000000
-974946,0.000000
-3840908,0.000000
1670080,0.000000
-979050,0.000000
-315127,0.000000
710476,0.000000
-1142820,0.000000
2614256,0.000000
2829600,0.000000
-5677888,0.000000
-743985,0.000000
-1684044,0.000000
747928,0.000000
456585,0.000000
192386,0.000000
776724,0.000000
-1004850,0.000000
1839273,0.000000
4087200,0.000000
200976,0.000000
2859708,0.000000
-346316,0.000000
10100300,0.000000
15899040,0.000000
-1365483,0.000000
9777664,0.000000
-28990080,0.000000
1879746,0.000000
13865040,0.000000
-12731008,0.000000
6392760,0.000000
23657920,0.000000
-88127,0.000000
832692,0.000000
-6254444,0.000000
15063696,0.000000
-2410016,0.000000
11075488,0.000000
-224407,0.000000
-899990,0.000000
-4981084,0.000000
25768160,0.000000
1019788,0.000000
332516,0.000000
-2385796,0.000000
31262688,0.000000
-9258888,0.000000
-290641,0.000000
324221,0.000000
-99361,0.000000
-663122,0.000000
21625120,0.000000
2798488,0.000000
-4454816,0.000000
-8648024,0.000000
49238208,0.000000
-12959984,0.000000
43971,0.000000
674617,0.000000
-783055,0.000000
1123160,0.000000
34809280,0.000000
10012464,0.000000
-1357,0.000000
-14875224,0.000000
49742784,0.000000
-14337136,0.000000
6262224,0.000000
2465336,0.000000
-2287740,0.000000
637654,0.000000
16049440,0.000000
13901888,0.000000
-10468128,0.000000
-15381184,0.000000
33175872,0.000000
-12296000,0.000000
-17315072,0.000000
3545840,0.000000
-1610700,0.000000
14971984,0.000000
-1940840,0.000000
10029712,0.000000
-24356672,0.000000
-8733648,0.000000
32818464,0.000000
-4469596,0.000000
-1067476,0.000000
1645884,0.000000
-3587220,0.000000
1884558,0.000000
27181440,0.000000
-17558464,0.000000
-22770592,0.000000
-44181984,0.000000
46042560,0.000000
2565253,0.000000
-816738,0.000000
-5589584,0.000000
-1515150,0.000000
-36526208,0.000000
19398720,0.000000
-20197408,0.000000
7206320,0.000000
-11364640,0.000000
11437056,0.000000
1669,0.000000
639580,0.000000
-8359248,0.000000
18607680,0.000000
-32409696,0.000000
51536320,0.000000
11340560,0.000000
10619840,0.000000
-23320864,0.000000
18627264,0.000000
-5720714,0.000000
4564224,0.000000
1238950,0.000000
-4964960,0.000000
-17981008,0.000000
3054040,0.000000
2800644,0.000000
2873908,0.000000
-2420824,0.000000
1905300,0.000000
-653610,0.000000
-794664,0.000000
304502,0.000000
-1299480,0.000000
-418247,0.000000
2393380,0.000000
3960572,0.000000
1996392,0.000000
-808563,0.000000
3040596,0.000000
-545251,0.000000
-3436752,0.000000
625408,0.000000
-2495220,0.000000
144476,0.000000
2487760,0.000000
3216752,0.000000
2711852,0.000000
-1453662,0.000000
3011688,0.000000
-375605,0.000000
-4023128,0.000000
467311,0.000000
-2540720,0.000000
-635369,0.000000
2309890,0.000000
2345728,0.000000
1383510,0.000000
-1518853,0.000000
2762028,0.000000
-174258,0.000000
-3948416,0.000000
502560,0.000000
-2043860,0.000000
-484853,0.000000
1012770,0.000000
1050511,0.000000
-645207,0.000000
927269,0.000000
3019572,0.000000
-153220,0.000000
-2777928,0.000000
725920,0.000000
72345,0.000000
1863662,0.000000
208271,0.000000
14186480,0.000000
-22467168,0.000000
-6581372,0.000000
38011392,0.000000
-4420412,0.000000
-2839056,0.000000
2462544,0.000000
-4582760,0.000000
4166140,0.000000
182256,0.000000
1037575,0.000000
-2939420,0.000000
-4401852,0.000000
15768000,0.000000
-2240946,0.000000
232060,0.000000
193520,0.000000
209300,0.000000
-409758,0.000000
-1593207,0.000000
927553,0.000000
-41927,0.000000
795061,0.000000
-34141520,0.000000
2367432,0.000000
-260730,0.000000
632649,0.000000
233224,0.000000
170730,0.000000
-1337049,0.000000
2545378,0.000000
561697,0.000000
2881934,0.000000
-53772320,0.000000
3313776,0.000000
39445,0.000000
1316373,0.000000
1838028,0.000000
-289175,0.000000
-2152206,0.000000
9106884,0.000000
171,0.000000
4957134,0.000000
-54323360,0.000000
3665904,0.000000
5617746,0.000000
4810584,0.000000
5369904,0.000000
-164175,0.000000
-992313,0.000000
12644528,0.000000
1319901,0.000000
5125744,0.000000
-36230880,0.000000
3144000,0.000000
-15533088,0.000000
6918960,0.000000
3780720,0.000000
-3854770,0.000000
119999,0.000000
9122572,0.000000
3071074,0.000000
2910468,0.000000
-35840560,0.000000
1142844,0.000000
-957617,0.000000
3211596,0.000000
8420112,0.000000
-485209,0.000000
-1680588,0.000000
-15970384,0.000000
2871089,0.000000
14723544,0.000000
-50282400,0.000000
-655917,0.000000
-732684,0.000000
-10906896,0.000000
3556440,0.000000
9404240,0.000000
-1199394,0.000000
-18370648,0.000000
-908628,0.000000
3787240,0.000000
-12490240,0.000000
-427,0.000000
573757,0.000000
-16311312,0.000000
-43676928,0.000000
8344380,0.000000
86932,0.000000
-3678836,0.000000
-48584,0.000000
642987,0.000000
-12203240,0.000000
319705,0.000000
2552967,0.000000
949314,0.000000
-33458304,0.000000
782117,0.000000
-188827,0.000000
2547339,0.000000
-362365,0.000000
806734,0.000000
-2080750,0.000000
167123,0.000000
-712881,0.000000
594172,0.000000
3050208,0.000000
107684,0.000000
-147980,0.000000
3602357,0.000000
-251721,0.000000
269451,0.000000
-3320590,0.000000
139416,0.000000
-3083058,0.000000
1220352,0.000000
5856912,0.000000
-37198,0.000000
-153815,0.000000
2925812,0.000000
-341931,0.000000
484429,0.000000
-3289020,0.000000
96039,0.000000
-3609087,0.000000
911859,0.000000
5963712,0.000000
163585,0.000000
-142818,0.000000
2133568,0.000000
-174444,0.000000
506154,0.000000
-3016370,0.000000
44556,0.000000
-3542064,0.000000
980640,0.000000
4797456,0.000000
124832,0.000000
-62619,0.000000
955497,0.000000
81352,0.000000
-309011,0.000000
-3297630,0.000000
39177,0.000000
-2492037,0.000000
1416480,0.000000
-169812,0.000000
-479829,0.000000
-12878,0.000000
12903380,0.000000
2832831,0.000000
2193227,0.000000
-41511680,0.000000
1130268,0.000000
-2546874,0.000000
4805136,0.000000
10756896,0.000000
-1072638,0.000000
-11269,0.000000
943731,0.000000
370624,0.000000
1466907,0.000000
-17220000,0.000000
572994,0.000000
208177,0.000000
377614,0.000000
-491280,0.000000
105498,0.000000
-278153,0.000000
449804,0.000000
1772910,0.000000
873529,0.000000
-15394680,0.000000
247393,0.000000
5410584,0.000000
1931316,0.000000
-23769408,0.000000
448893,0.000000
72568,0.000000
9133464,0.000000
-21689184,0.000000
3208088,0.000000
3987676,0.000000
-12100128,0.000000
-14898812,0.000000
11524128,0.000000
1269094,0.000000
-4534124,0.000000
72568,0.000000
9133464,0.000000
-21689184,0.000000
3208088,0.000000
3987676,0.000000
-12100128,0.000000
-14898812,0.000000
11524128,0.000000
1269094,0.000000
-4534124,0.000000
-2444337,0.000000
-510878,0.000000
-559598,0.000000
2322463,0.000000
10157224,0.000000
-10312872,0.000000
-7191386,0.000000
-573804,0.000000
-202012,0.000000
7780752,0.000000
-7650588,0.000000
16600560,0.000000
15449280,0.000000
16981328,0.000000
24014144,0.000000
-43056096,0.000000
-3715488,0.000000
6560400,0.000000
-2948968,0.000000
15998416,0.000000
-7253976,0.000000
65594304,0.000000
66893376,0.000000
28203968,0.000000
39300800,0.000000
-78708672,0.000000
10350288,0.000000
25798080,0.000000
-12349344,0.000000
5954088,0.000000
-5684772,0.000000
92761152,0.000000
46468224,0.000000
9420216,0.000000
62718656,0.000000
-65659968,0.000000
44762784,0.000000
52985856,0.000000
-23712816,0.000000
-2056740,0.000000
-5908944,0.000000
75340032,0.000000
63121344,0.000000
16935984,0.000000
62122368,0.000000
-45230880,0.000000
52400176,0.000000
39591552,0.000000
-24145216,0.000000
9045008,0.000000
-5486466,0.000000
54939648,0.000000
32202720,0.000000
17695496,0.000000
56972608,0.000000
-20984352,0.000000
51427072,0.000000
42577920,0.000000
-19423408,0.000000
6902280,0.000000
-10018764,0.000000
76753920,0.000000
-22250976,0.000000
33645248,0.000000
102236288,0.000000
-160934016,0.000000
-30107248,0.000000
46658304,0.000000
-3461362,0.000000
32610368,0.000000
-430382,0.000000
8085672,0.000000
-4070484,0.000000
1115179,0.000000
8761368,0.000000
-14425296,0.000000
1745321,0.000000
8005536,0.000000
-989115,0.000000
610050,0.000000
-2654139,0.000000
-3116550,0.000000
-862125,0.000000
5429944,0.000000
6403320,0.000000
-380298,0.000000
-209066,0.000000
-16765056,0.000000
-290519,0.000000
11294640,0.000000
-9834828,0.000000
-36458112,0.000000
41773248,0.000000
49606336,0.000000
4692380,0.000000
-2852958,0.000000
-3822382,0.000000
-47427072,0.000000
-12556896,0.000000
52503808,0.000000
-9340500,0.000000
-56404032,0.000000
85151616,0.000000
48427392,0.000000
18837280,0.000000
66863040,0.000000
42816576,0.000000
-53192832,0.000000
-27293088,0.000000
73884608,0.000000
-407031,0.000000
-4064928,0.000000
2506746,0.000000
2281370,0.000000
1492414,0.000000
8276904,0.000000
5141970,0.000000
-2764608,0.000000
-604279,0.000000
3822980,0.000000
-328355,0.000000
-6741216,0.000000
1151799,0.000000
1951209,0.000000
112439,0.000000
10642560,0.000000
4010368,0.000000
-5525520,0.000000
2387,0.000000
4431868,0.000000
-559712,0.000000
-5311548,0.000000
5397216,0.000000
1564368,0.000000
-313390,0.000000
8392584,0.000000
1988597,0.000000
-7122192,0.000000
105329,0.000000
5684504,0.000000
-58378,0.000000
3058958,0.000000
-9651168,0.000000
2217588,0.000000
-4020632,0.000000
-1399548,0.000000
-15755716,0.000000
589691,0.000000
-2707244,0.000000
4924324,0.000000
1966356,0.000000
-171102,0.000000
-249008,0.000000
1605400,0.000000
-10241168,0.000000
-1192827,0.000000
-7604998,0.000000
-29362,0.000000
430933,0.000000
-8450352,0.000000
6154544,0.000000
5559820,0.000000
6874560,0.000000
11738328,0.000000
-24212608,0.000000
-4980036,0.000000
-3929184,0.000000
335696,0.000000
6290768,0.000000
-17375216,0.000000
364718,0.000000
1373043,0.000000
1860372,0.000000
1218498,0.000000
-2476600,0.000000
-568985,0.000000
684099,0.000000
82505,0.000000
1646484,0.000000
-404156,0.000000
285821,0.000000
1941709,0.000000
1292328,0.000000
406982,0.000000
-3952312,0.000000
-474656,0.000000
2958582,0.000000
169456,0.000000
3161526,0.000000
139608,0.000000
297092,0.000000
1577044,0.000000
1755468,0.000000
731686,0.000000
-3914736,0.000000
-326974,0.000000
3463373,0.000000
126619,0.000000
3219176,0.000000
-613963,0.000000
