-2097152,89.024651
0,100.000000
393216,88.993980
262144,88.993980
-121634816,-21.386526
-24641536,1.635056
-71958528,-4.453297
-1835008,27.858294
-1572864,7.246377
-83886080,4.119850
-21495808,1.722846
-67502080,-12.223357
4194304,78.679993
5767168,50.983463
6291456,59.895561
5767168,73.363602
50331648,-74.347336
1310720,63.677639
7471104,47.702675
5505024,73.025589
1310720,67.887604
-22806528,41.340076
-103284736,-85.958702
-524288,95.280235
-24510464,56.781746
-105906176,-63.397373
3276800,50.147999
5242880,30.207199
6029312,39.703022
2097152,81.648743
21757952,19.833994
101711872,-63.972534
101711872,-63.972534
6029312,37.087296
2097152,80.852661
21757952,16.356335
-20971520,12.627986
-20971520,16.503588
-58720256,-129.449432
-39845888,18.987341
61865984,51.490234
-8126464,20.719280
-7864320,0.259740
-1572864,6.126814
-1441792,62.003708
-1048576,93.947990
-16777216,44.135296
-17825792,9.219858
0,100.000000
-88604672,14.767533
-46137344,74.395348
-44564480,62.174942
-88604672,-13.015425
-655360,95.813713
-1310720,89.115646
-262144,89.755905
-4259840,26.495275
-393216,97.064896
-4718592,42.643764
-5242880,17.152103
-1048576,22.025509
-262144,91.392426
-5767168,18.082979
-2097152,17.152103
-117440512,-31.704182
-35651584,70.539856
16777216,11.951849
-106692608,-21.685509
-58327040,50.982754
-7864320,33.747410
-14417920,10.500890
-83886080,4.119850
-102236160,-55.805241
1048576,68.019989
1572864,68.019989
1835008,6.422976
6291456,59.895561
1179648,59.895561
1310720,63.677639
1966080,63.677639
6684672,47.073132
54525952,-66.984444
1703936,72.169258
5242880,67.887604
-786432,95.280235
-102760448,-131.268448
-18743296,87.823959
-152174592,10.559006
7471104,58.124317
7733248,60.783092
20971520,8.243728
5242880,8.243728
157155328,3.484014
56623104,54.358162
22282240,22.498842
20971520,4.263276
-1835008,87.767914
-655360,96.204712
-655360,86.083931
-5767168,67.221512
-1572864,67.221512
-57802752,-70.940582
-2228224,75.838326
-57802752,-25.356430
3670016,84.652283
71827456,39.924629
-8126464,8.892875
-1572864,8.808906
0,100.000000
-4194304,9.219858
-16777216,39.479904
-69468160,-33.707809
-83623936,33.947239
3276800,52.774502
6029312,39.173553
1835008,7.438017
1179648,60.330574
5767168,51.212753
6291456,60.083164
1835008,6.860707
6291456,60.083164
1179648,60.083164
73400320,1.754386
786432,91.578949
73400320,1.754386
131072,99.064323
-16777216,16.271463
262144,95.290657
3014656,63.895023
-2490368,46.876366
-5505024,17.798164
-1310720,2.140673
-1966080,2.140673
5111808,41.736694
1048576,89.542480
19267584,19.091848
19529728,25.801432
39845888,3.184713
1572864,84.713379
2097152,80.664650
20971520,3.323263
16777216,31.441963
5242880,9.412597
4063232,70.439896
2228224,85.333466
5242880,5.604720
2097152,81.120941
2621440,5.604720
-20971520,6.705540
-2621440,81.341103
-2097152,80.576630
-6160384,17.009243
-1966080,2.883156
12582912,2.661597
7864320,2.661597
12582912,1.601537
7864320,1.601537
2097152,80.809593
5505024,19.400301
-3407872,81.714287
-2621440,81.714287
-524288,82.789917
-5898240,14.508348
-2883584,81.919739
-5242880,8.571429
0,100.000000
0,100.000000
-4718592,11.095033
0,100.000000
-4194304,4.921077
1310720,89.992180
262144,90.580872
4259840,32.414730
393216,97.301262
4718592,9.929632
18612224,51.587467
24510464,2.493075
655360,96.082092
786432,75.686584
-3407872,97.034294
-69337088,7.714114
-68550656,-37.110786
-262144,97.288498
4718592,68.930466
6029312,76.180023
5767168,76.559334
6029312,76.369072
1835008,59.724682
6291456,22.326170
-88604672,-37.756020
-100401152,6.342209
-88604672,14.965420
-100401152,7.085525
-9699328,49.733997
-19398656,43.450745
0,100.000000
1048576,93.857918
1048576,93.680992
1048576,93.906662
524288,82.938667
4194304,23.223993
1245184,95.456795
1245184,95.402496
1245184,95.420738
1245184,95.474609
7077888,31.672596
4849664,68.788719
-39583744,31.779417
-39583744,32.050133
-39583744,32.849545
-7340032,66.925064
-39321600,-18.124769
-105906176,-61.599998
-105906176,-61.599998
-5242880,37.162495
-5242880,37.162495
0,100.000000
0,100.000000
6815744,40.272793
4194304,67.839195
60293120,-94.657501
-5242880,1.689708
2097152,80.980682
20971520,8.701854
-46137344,3.429355
-16777216,5.535055
-20971520,14.723517
-655360,96.123795
8126464,38.337219
16252928,28.850636
13369344,10.489511
39059456,24.299437
40894464,-3.034056
3145728,62.702602
5111808,73.237907
71303168,6.554297
105906176,-80.432663
1048576,91.593124
32243712,-14.147960
72876032,-11.603691
-3932160,80.398163
-19398656,44.210155
-22282240,1.990812
-2883584,80.939651
-524288,82.078323
-3932160,80.766342
-19398656,45.258049
-22282240,3.831706
-2883584,81.297661
-524288,82.414940
4718592,20.078049
6029312,38.726501
5767168,39.702232
-4718592,13.388546
-6029312,33.597885
-5767168,34.655281
-6029312,34.124886
-5898240,57.238110
-5898240,56.727009
-5898240,56.898731
-5898240,57.405807
-1376256,94.189331
-1376256,94.119881
-1376256,94.143219
-1376256,94.212120
-2359296,82.100510
-1441792,93.436852
-3932160,81.584892
-1441792,93.488945
1638400,89.370865
3932160,32.239281
262144,89.503899
6029312,31.837059
5767168,31.580946
6029312,31.568701
28704768,-26.612467
83492864,-3.983421
75235328,1.673525
83492864,-4.392805
3276800,52.823235
2031616,84.019730
1769472,88.011551
1638400,89.639610
1638400,89.474503
-22806528,41.253429
1048576,94.180168
1048576,93.892761
1048576,94.157257
1048576,94.015900
3932160,35.689163
5636096,49.638863
6160384,52.586521
5898240,57.630508
5898240,56.955296
5636096,48.636654
-33292288,78.653221
-166985728,3.127079
-16777216,22.662262
-16777216,30.027760
12582912,7.968844
3145728,7.968844
17956864,77.943802
53477376,13.787640
73400320,2.012249
-1310720,89.297661
69861376,18.220177
3801088,83.684952
-8126464,11.369220
-1835008,26.617527
-67502080,-13.757162
-393216,97.570236
-68026368,15.930144
-1572864,6.141155
-5767168,31.170181
8126464,18.094004
1572864,18.018515
7340032,3.552207
1310720,70.160995
-1048576,14.107471
-3670016,2.076503
-7077888,9.146026
-34013184,34.218578
-3997696,56.703400
-7995392,51.291328
-79364096,-1.992367
-19660800,32.885906
-73007104,-66.144669
524288,82.428139
4194304,20.926641
4194304,43.519028
2097152,38.774292
4718592,8.161435
262144,89.795715
3538944,26.818422
3276800,51.599483
2031616,83.605209
6029312,30.750795
4456448,36.083420
1835008,7.192335
83492864,-6.918437
108003328,-73.231499
14417920,84.937958
5767168,53.032909
7471104,60.371517
-103809024,-51.255543
-21757952,79.351631
-79036416,10.581284
-7471104,62.223316
-1638400,90.123741
-35651584,3.374778
-53870592,-112.368797
-2490368,64.002373
16777216,17.485899
1310720,89.685738
8126464,61.542934
1835008,68.159203
58589184,-91.370659
3014656,63.895023
-6160384,16.374756
-1966080,2.140673
917504,95.119827
18087936,44.494720
20054016,5.882353
393216,97.226738
262144,90.438843
54132736,-40.297241
104595456,-56.393929
38141952,12.776321
53608448,-84.227753
786432,86.023659
3932160,80.664650
19398656,44.968624
22282240,3.323263
2883584,81.198776
524288,82.321968
-6029312,34.867256
-1835008,6.715252
-983040,77.933571
-5373952,47.817440
-3670016,0.884956
-1048576,71.023308
-4980736,39.224216
-5767168,69.558197
-6291456,7.636801
5373952,82.207611
5373952,81.994949
5373952,82.066399
5373952,82.277382
7864320,31.108719
7077888,58.665234
1114112,96.505074
1114112,96.463303
1114112,96.477341
1114112,96.518784
8126464,32.551418
7077888,6.555133
5898240,53.277565
8126464,33.772499
5898240,53.648384
1966080,13.476975
3932160,2.661597
5898240,53.512539
5898240,52.956909
5898240,53.143589
5898240,53.694839
3670016,23.467863
7077888,1.601537
1769472,83.485550
1769472,83.551079
1769472,83.744598
2883584,29.635181
5898240,4.047976
-5898240,8.571429
-1441792,93.689636
-3932160,81.940041
-1441792,93.664787
-1441792,93.511520
-3145728,82.268402
-21757952,20.120300
-524288,96.289604
-1048576,93.608139
-1048576,94.034264
-1048576,93.939194
-524288,96.215767
-524288,86.655586
1114112,93.360672
1376256,92.935654
1507328,92.778671
1507328,92.663589
1114112,93.228546
983040,78.930908
1376256,94.160011
655360,97.081718
1376256,94.137016
1376256,93.995171
1572864,91.404350
23724032,15.556203
-69074944,-2.908882
-79626240,-13.490911
-79626240,-16.236658
-102236160,-86.929535
-2490368,97.034294
6029312,76.647087
6029312,76.647087
6029312,76.180023
6029312,76.180023
6029312,76.647087
5242880,76.882782
4194304,78.423935
-100401152,8.178637
-100401152,8.178637
-100401152,6.342209
-100401152,6.342209
-100401152,8.178637
-121634816,-26.635393
-121634816,-47.741295
1048576,93.628548
1048576,93.833252
1048576,93.882385
1048576,93.978348
1048576,93.654877
0,100.000000
4587520,82.358994
1245184,95.365562
1245184,95.402496
1245184,95.474609
4587520,82.431885
1966080,62.815018
-39583744,32.849545
-39583744,31.506533
-39583744,31.506533
-39583744,32.849545
-39845888,23.050150
-37748736,14.950167
-73138176,40.480000
-63963136,69.969231
-33292288,76.094116
-5636096,58.430569
-6029312,42.189495
-1835008,17.202345
-983040,80.414284
0,100.000000
0,100.000000
0,100.000000
4718592,6.857345
0,100.000000
5767168,76.415405
63963136,-50.908386
5767168,68.727615
1048576,70.595840
-5636096,43.893986
-7602176,56.339687
-2752512,75.822990
-6160384,18.684847
-1310720,10.528615
131072,98.884529
1507328,92.303268
917504,95.180077
51183616,-27.347771
54132736,-38.565174
51183616,-26.337074
1441792,93.301140
1441792,93.221077
1441792,93.247971
1441792,93.327408
-6029312,34.354401
-6029312,33.569794
-6029312,33.833401
-6029312,34.611832
-71827456,-30.439795
-83623936,8.882566
-72876032,18.306156
-83623936,9.605721
-12320768,25.417635
3932160,31.256714
5636096,46.167858
6160384,49.318676
5898240,54.710304
2490368,50.438148
1900544,79.335442
1638400,84.655777
1769472,84.533020
1769472,84.286537
-131072,98.811844
-51249152,-31.172377
-52166656,-40.114346
-51249152,-31.688803
-51249152,-34.874821
-26214400,8.065791
-95420416,5.513264
-83886080,12.832748
-95420416,5.141269
-95420416,2.846300
-5111808,39.717426
-1114112,92.821892
-1376256,92.362389
-1507328,92.192665
-1507328,92.068245
-1114112,92.679039
4980736,33.272743
5767168,30.110519
6029312,29.281239
6029312,29.844734
6029312,33.132465
6029312,33.132465
6029312,31.795115
6029312,31.795115
33619968,48.266022
33619968,48.266022
33619968,47.231339
33619968,47.231339
-55181312,-39.854404
-56360960,-29.211735
-55181312,-22.442812
-55181312,-21.467171
-55181312,-19.561806
4980736,78.232262
5767168,77.200684
6029312,76.930161
6029312,77.113983
6029312,77.472977
5767168,77.294899
-524288,94.244606
-524288,94.244606
-71303168,2.158273
-104333312,-60.747192
-79560704,-10.032290
-18612224,45.057735
2097152,81.766380
0,100.000000
16777216,9.460654
1048576,93.646362
1048576,94.296738
4194304,51.306568
524288,82.333786
1048576,6.909091
1048576,6.909091
8388608,6.909091
5242880,34.673046
6029312,32.564064
2621440,37.417877
1310720,9.179601
0,100.000000
0,100.000000
16777216,7.246377
1048576,93.490974
1048576,94.157257
4194304,50.115700
524288,81.901726
1048576,94.063774
1572864,9.964829
12582912,9.964829
7864320,36.817425
5898240,57.463699
3932160,39.472153
1966080,12.160810
5898240,56.783115
-73138176,21.235981
-3145728,82.480751
0,100.000000
-4194304,8.161435
3145728,7.968844
40501248,-11.433703
79495168,-6.959858
-1507328,92.277527
-4980736,32.218506
-131072,98.810852
12517376,42.691048
25034752,35.527428
24772608,54.430378
-3670016,26.617527
-7077888,5.651105
-1441792,61.561562
-21626880,19.817768
-21889024,42.032757
-112263168,-62.426800
-4718592,6.141155
-262144,89.571236
-6029312,32.274403
5898240,56.612621
7340032,32.372173
14417920,13.478969
-5636096,45.708878
-1703936,42.120480
-50921472,-76.716415
-1507328,81.553879
-51052544,-63.355179
-11599872,55.214233
-95223808,3.871818
1572864,86.100647
35127296,18.835436
33554432,29.868830
1638400,89.365234
5767168,30.399319
1572864,6.252146
8388608,4.299066
1572864,4.299066
1048576,4.299066
6029312,33.132465
5767168,32.603867
1572864,9.221535
8388608,7.330317
1572864,7.330317
1048576,7.330317
33619968,48.266022
41680896,26.985723
39321600,19.638372
3407872,58.211952
3407872,58.211952
57671680,11.602210
-56360960,-28.677803
-2883584,67.485497
-524288,90.947662
-524288,90.947662
-46137344,0.424328
-56098816,-35.943821
1572864,69.417618
1572864,68.780487
1048576,68.780487
6291456,7.782364
6029312,77.472977
-28966912,7.495095
-79560704,-9.600790
-29229056,17.196566
-71303168,2.158273
589824,88.065269
1769472,84.555054
720896,87.060013
2097152,81.766380
1638400,89.071503
1638400,88.983368
7864320,59.018143
-79036416,10.515195
-32899072,23.400806
-103809024,-56.097561
-83623936,32.349190
-196083712,-22.937853
-12320768,60.130554
6160384,33.707989
1638400,89.421486
5373952,64.302963
1638400,89.505447
1769472,36.528927
3538944,28.595043
6160384,33.294525
1638400,89.355507
5373952,64.080322
1638400,89.439987
1769472,36.133057
3538944,28.149689
68550656,-56.594151
79495168,-8.957193
68812800,2.967295
79495168,-8.092453
11468800,12.670565
18743296,19.719297
-1507328,92.418282
-1507328,92.327667
-1507328,92.358109
-1507328,92.448013
-4980736,33.714909
-131072,98.837105
1376256,94.083336
1376256,94.106812
1376256,94.176140
6029312,32.228359
393216,97.053406
-27852800,-39.401394
-79626240,-12.524420
-69074944,-2.434210
-79626240,-12.967428
-79626240,-15.700512
-102236160,-86.067314
-2490368,97.047974
33882112,31.170628
35717120,37.503357
33751040,44.880638
33751040,44.002243
33882112,29.800888
1769472,87.072159
-5636096,51.432396
-6160384,54.275070
-5898240,59.139423
-5898240,58.488262
-5636096,50.465878
-1703936,47.191891
-6029312,34.611832
-5767168,34.366146
-6029312,34.354401
-112263168,-65.659180
-11468800,40.321571
-5505024,33.746700
-6029312,32.274403
-6029312,31.195110
-4456448,36.493519
-1835008,7.787801
5898240,50.641884
8126464,38.485538
5898240,56.786865
5898240,57.131195
5898240,57.803650
8126464,38.739731
1835008,31.682095
-5898240,47.614338
-8126464,34.712345
1769472,84.160324
1769472,84.286537
1769472,84.533020
5636096,48.088326
1966080,10.565082
-51249152,-31.172377
-51249152,-31.172377
-51249152,-33.795822
-51249152,-33.795822
-51249152,-31.172377
-51904512,-51.235229
-51380224,-74.658875
-95420416,5.513264
-95420416,3.623529
-95420416,3.623529
-95420416,5.513264
-91357184,16.921429
-2228224,89.992531
34603008,31.647894
34603008,30.280853
34603008,30.280853
34603008,31.647894
35651584,19.830523
33554432,11.970772
6029312,56.229557
1638400,89.323364
3276800,54.422443
1769472,28.565523
1638400,89.152542
1638400,89.065063
7864320,59.322037
1048576,93.595398
1048576,94.250992
4194304,50.915981
524288,82.192078
1048576,94.159004
1048576,94.111893
16777216,26.987522
-6029312,37.276207
-5767168,37.298561
-1048576,18.186357
-262144,93.678040
-6029312,37.276207
-786432,83.175423
-1769472,85.696106
-5636096,52.385487
-1310720,20.533913
-589824,88.946991
-1769472,85.696106
-720896,88.016006
33947648,38.105659
8126464,68.375069
3276800,62.988132
33947648,37.115353
33947648,36.608219
54525952,21.090694
983040,80.132965
5111808,43.317413
262144,90.339165
917504,95.288368
1507328,92.593361
524288,88.317505
4194304,48.721077
0,100.000000
1048576,94.062996
1048576,94.319099
1835008,15.917889
2621440,34.094933
1048576,12.385026
5767168,32.852459
6029312,32.828522
4194304,42.366680
4194304,49.262978
524288,96.289856
1048576,94.180168
0,100.000000
3932160,38.437492
5636096,48.379837
5898240,57.630508
7340032,29.972645
-30277632,18.030605
-81920000,37.380142
-73138176,41.332150
-81920000,37.133606
-4718592,8.161435
-1048576,94.237579
-1048576,93.953011
-1048576,94.214890
3932160,34.263458
5636096,48.522411
6160384,51.535416
5898240,56.691223
5898240,56.001045
7733248,71.504036
33882112,31.788746
35717120,38.064610
33751040,45.375637
33751040,44.505127
33882112,30.431309
27983872,-32.827843
79495168,-6.540408
68812800,3.221974
79495168,-6.959858
79495168,-9.547597
102236160,-76.462791
-1507328,92.277527
-1507328,92.277527
-1507328,92.123077
77660160,26.605505
69861376,40.276974
77922304,35.526070
77922304,36.039810
-5898240,48.064827
-8126464,35.273788
-5898240,54.530651
-5898240,54.892956
-5898240,55.600517
-79101952,7.992913
-79101952,7.992913
-79101952,6.152771
-79101952,6.152771
-79101952,7.992913
-6029312,32.274403
-6029312,32.274403
-6029312,30.919889
-6029312,30.919889
-6029312,32.274403
12582912,10.332749
1835008,30.258804
1572864,10.332749
3145728,11.712246
5898240,57.803650
8126464,39.241863
1572864,15.607294
-1572864,4.832714
-1572864,4.832714
-12582912,4.832714
-7864320,33.215939
-5898240,55.039078
-3932160,36.021992
-1966080,7.153867
-262144,94.285713
-262144,94.285713
-35651584,2.857143
-52166656,-59.598999
-51314688,-40.922386
-3014656,82.328934
-1376256,76.585365
-786432,94.591553
-786432,94.591553
-39845888,65.746483
-123469824,-19.175686
-94961664,17.723412
-20054016,62.913483
-10158080,45.475780
-94961664,16.406986
2097152,66.989044
50331648,0.967118
35651584,21.237007
34603008,31.378790
7340032,68.930855
3670016,54.911858
34603008,30.280853
6291456,59.322037
5767168,50.282486
3932160,36.810925
3276800,53.643345
16777216,8.734403
524288,88.223793
4194304,48.309750
0,100.000000
-1835008,21.485294
-2621440,38.458763
-1048576,18.186357
-1769472,41.169460
-2490368,54.570717
4194304,79.186996
6291456,41.804401
6815744,44.498646
4980736,76.273170
-524288,94.244606
-71303168,2.158273
-524288,94.244606
-69992448,-39.699150
2097152,81.766380
1310720,8.831908
2621440,8.831908
2490368,50.508751
6291456,59.018143
1835008,4.375667
5373952,49.083145
3932160,31.696903
16777216,7.246377
0,100.000000
0,100.000000
4194304,38.164253
12582912,9.964829
1572864,9.964829
8126464,15.421507
3670016,29.972645
8126464,38.992561
-81920000,35.612644
-105906176,-4.260166
-33292288,78.653221
-524288,96.344734
-524288,87.110374
5636096,47.497982
1703936,44.027836
5898240,49.340649
1769472,87.188255
34013184,35.608253
10813440,35.165997
79233024,-24.211996
68812800,2.418837
-1507328,92.277527
-917504,95.046844
-393216,89.516075
-16777216,14.381271
-393216,89.297661
-262144,89.297661
77922304,37.043102
69861376,40.523766
3801088,84.017906
56623104,54.430378
3801088,83.684952
2883584,81.434601
-5898240,55.600517
-7864320,32.607933
-7340032,26.617527
-1572864,5.651105
-1572864,5.651105
-12582912,5.651105
-68026368,16.624937
-393216,97.619820
-262144,97.570236
-262144,97.570236
-83886080,2.809415
-102498304,-33.338661
-1572864,8.056642
-1572864,6.141155
-1048576,6.141155
-2097152,7.585137
-6029312,32.274403
1966080,67.393723
5898240,57.803650
1703936,74.931732
12582912,10.332749
-1966080,65.393715
-5898240,55.215393
-1703936,73.394089
-12582912,4.832714
-51314688,-43.177143
-51314688,-44.331799
-36175872,21.142857
-94961664,18.046064
-28901376,48.706951
-123207680,-41.220657
34603008,29.718599
50331648,20.773693
1572864,87.221565
2031616,83.186440
1638400,89.365234
5767168,50.282486
6291456,59.322037
1835008,5.084745
1048576,94.015373
1048576,94.273529
16777216,8.734403
0,100.000000
-5767168,37.298561
-6029312,37.276207
-8388608,13.073005
-5636096,52.385487
-1769472,85.696106
-2097152,83.113457
-1310720,15.567282
33947648,38.348385
54525952,1.363367
2621440,62.062836
4980736,34.990646
917504,95.288368
1507328,92.593361
16777216,17.882919
393216,89.735367
4718592,7.618284
1048576,94.062996
1048576,94.319099
16777216,9.460654
0,100.000000
4194304,9.460654
5767168,32.852459
6029312,32.828522
8388608,6.909091
1572864,6.909091
2097152,6.909091
1048576,93.917793
1048576,94.180168
16777216,7.246377
0,100.000000
4194304,7.246377
5898240,57.630508
3145728,9.964829
1835008,29.972645
3145728,9.964829
-82444288,26.283213
5373952,64.006721
1638400,89.378998
1638400,89.463631
1638400,89.628914
5373952,64.155457
1179648,61.140156
1900544,85.839897
5373952,63.782234
1638400,89.312759
1638400,89.397919
1638400,89.564224
5373952,63.931889
1179648,60.897793
79495168,-6.820778
79495168,-6.820778
79495168,-8.957193
79495168,-8.957193
79495168,-6.820778
102498304,-56.791981
102236160,-82.456139
-1507328,92.448013
-1507328,92.296974
-1507328,92.296974
-1507328,92.448013
-1835008,89.533928
-1572864,89.533928
1376256,94.035812
1376256,94.083336
1376256,94.176140
655360,97.077759
655360,85.567703
-17301504,4.081748
-79626240,-12.524420
-69074944,-2.014397
-262144,97.221619
-28114944,7.896679
-79626240,-12.524420
-28246016,17.914534
5767168,63.050682
33751040,44.880638
40239104,31.322311
3407872,58.259125
7405568,71.963562
33751040,44.880638
5439488,81.731888
-7864320,39.067566
-5898240,58.978558
-3932160,41.627754
-1966080,15.289057
-5898240,58.322216
-5898240,57.986103
-13631488,24.748446
-6029312,34.354401
-2621440,39.079346
-1310720,11.590762
-6029312,33.304070
-6029312,32.766197
-8388608,27.504427
-72876032,18.640968
-1048576,91.598984
-31719424,21.450489
-83623936,10.669182
-32243712,29.167229
7340032,25.146198
1703936,49.863472
3932160,36.518761
1572864,15.607294
8126464,39.241863
5898240,57.803650
-1703936,46.788181
-3932160,32.624931
-1572864,10.430790
-8126464,35.515064
-5898240,55.215393
-1507328,83.041473
-3014656,81.390640
-262144,94.621849
-54394880,-55.503510
-51314688,-40.369751
-18612224,60.233009
-20054016,62.279522
-126812160,-39.538029
-94961664,18.046064
-123207680,-41.220657
7340032,68.399765
35127296,11.530625
34603008,31.647894
33554432,11.970772
3670016,5.084745
3276800,51.573849
983040,78.305084
1638400,89.365234
3670016,5.084745
4194304,8.734403
4194304,47.848232
4718592,12.385026
1048576,94.273529
4194304,8.734403
-2097152,13.073005
-2621440,37.909290
-262144,90.727791
-6029312,37.276207
-2097152,13.073005
-6160384,27.848404
-2883584,38.082676
-5636096,52.385487
-1769472,85.696106
35389440,6.881500
6815744,67.121124
35389440,32.832558
33947648,38.348385
1835008,89.735367
262144,89.735367
1507328,92.593361
1507328,92.534813
1310720,89.735367
0,100.000000
0,100.000000
1048576,94.319099
0,100.000000
4718592,6.909091
1048576,12.385026
6029312,32.828522
5242880,6.909091
0,100.000000
0,100.000000
1048576,94.180168
0,100.000000
7077888,9.964829
1572864,15.261017
5898240,57.630508
7864320,9.964829
-66060288,49.700600
-3932160,84.031937
-3145728,80.838326
-22020096,33.965916
-81920000,37.380142
-73138176,41.572590
-3145728,81.965485
0,100.000000
0,100.000000
-16777216,8.161435
-1048576,93.555191
-1048576,94.214890
-4194304,50.607830
-524288,82.080284
1572864,7.968844
1572864,7.968844
12582912,7.968844
7864320,35.416733
5898240,56.520714
3932160,38.130318
1966080,10.213507
3407872,56.048603
3407872,56.048603
53477376,13.787640
41680896,24.553062
33751040,45.160580
7733248,73.180267
3735552,62.398052
786432,73.480667
20971520,11.602210
1835008,91.315308
1376256,94.153221
5898240,46.515621
983040,74.127480
1376256,94.059669
-69206016,2.583026
-102236160,-91.881920
-17563648,38.551929
-17694720,45.500992
53477376,13.006396
1769472,88.114723
7733248,71.500275
3407872,58.259125
-1703936,51.450611
-3932160,38.528339
-1572864,18.278854
-1835008,18.150156
-2621440,35.844624
-1048576,14.711088
-104857600,-48.768013
-23068672,38.990669
-23592960,45.070274
-116129792,-58.170151
1572864,3.759398
12582912,3.759398
1572864,3.759398
8126464,9.592162
2097152,81.740372
1310720,8.701854
2621440,8.701854
2490368,50.438148
-37748736,3.759398
-524288,89.306602
-51118080,-89.564827
-1572864,89.306602
0,100.000000
-16777216,33.807369
-18874368,57.447594
-26214400,11.743159
-262144,89.180054
-4718592,2.620456
-5111808,39.717426
-4259840,24.981686
8388608,4.299066
1572864,4.299066
2097152,4.299066
6029312,55.447941
1835008,5.084745
0,100.000000
4194304,8.734403
1048576,93.481026
0,100.000000
-1048576,13.073005
-2097152,13.073005
-5242880,37.909290
-1048576,13.073005
-1310720,15.567282
-2621440,15.567282
-6029312,44.515644
-1310720,15.567282
2621440,62.062836
4194304,69.650269
37224448,23.041748
2621440,62.062836
33947648,38.348385
262144,89.735367
262144,89.735367
262144,89.735367
393216,97.200554
0,100.000000
0,100.000000
0,100.000000
0,100.000000
8388608,6.909091
1572864,6.909091
1572864,6.909091
4718592,35.552448
2097152,37.939392
0,100.000000
0,100.000000
0,100.000000
0,100.000000
0,100.000000
1835008,29.972645
1835008,29.972645
8126464,28.433582
3670016,29.972645
3670016,32.094688
-11927552,43.293900
-81920000,36.127743
-81920000,35.612644
-200278016,-21.996008
-66060288,49.700600
-1048576,94.122330
22020096,20.941177
3145728,81.176468
1769472,84.410706
720896,86.939079
5767168,32.518570
1769472,84.473000
2621440,82.172707
1769472,37.891994
-720896,86.046280
-5767168,27.905787
-2883584,32.805393
5636096,46.371765
1769472,83.889519
1310720,4.903418
2097152,80.980682
1703936,90.504990
40239104,31.322311
33751040,44.880638
53477376,13.006396
3407872,55.650318
-8126464,41.165241
-5898240,59.139423
-12582912,13.171284
-5767168,34.635139
-6029312,34.611832
-8388608,9.380531
-1048576,9.380531
-83623936,10.669182
-125829120,-33.891212
-1048576,91.073921
3670016,25.146198
8126464,34.787788
5898240,54.710304
12582912,3.759398
1835008,25.146198
3145728,3.759398
5636096,48.513832
1769472,84.533020
2097152,81.740372
1966080,8.701854
2621440,8.701854
-52166656,-39.540108
-51249152,-31.172377
-37748736,3.759398
-2883584,60.790867
-1048576,89.306602
-83886080,13.189992
-95420416,5.513264
-35651584,64.835167
-2097152,88.967896
-16777216,33.807369
-1507328,92.192665
-4718592,2.620456
-393216,89.180054
-4718592,2.620456
1048576,9.928532
6029312,30.945210
5242880,4.299066
8388608,4.299066
1572864,4.299066
1048576,12.781474
6029312,33.132465
5242880,7.330317
8388608,7.330317
1572864,7.330317
1572864,7.330317
33619968,48.266022
33619968,47.857056
41156608,-0.934204
3407872,58.211952
3407872,58.211952
3407872,58.211952
-55181312,-19.561806
-55050240,-90.099014
-524288,90.947662
-524288,90.947662
-524288,90.947662
6029312,77.294899
5242880,68.780487
1048576,68.780487
1048576,34865152,22.374722
1572864,89.735367
1507328,92.593361
1507328,92.384300
1572864,89.735367
16777216,17.882919
0,100.000000
1048576,94.319099
1048576,94.158752
0,100.000000
16777216,9.460654
16777216,9.460654
6029312,32.828522
6029312,30.932552
4194304,37.939392
8388608,6.909091
6291456,59.018143
-79036416,10.162893
-71041024,14.540527
-88080384,0.665188
-88080384,0.665188
-83623936,32.349190
-104857600,-9.570279
-61865984,51.515152
1114112,70.994400
3276800,53.192425
1835008,12.882839
5373952,64.449265
1638400,89.628914
1114112,70.813492
3276800,52.900482
1835008,12.339489
5373952,64.227531
1638400,89.564224
10813440,40.237694
18481152,43.959011
786432,92.074303
68812800,3.364970
79495168,-6.820778
-4980736,38.219719
-5111808,44.180973
-1114112,92.883072
-1507328,92.448013
-1572864,89.533928
5898240,45.601360
1245184,93.281769
1376256,94.176140
1572864,91.160217
-17301504,2.583026
-17694720,43.068001
-27852800,-33.825336
-79626240,-12.524420
-17301504,2.583026
5767168,62.473343
7733248,71.245811
5570560,69.068939
33751040,44.880638
5767168,62.473343
-3145728,13.171284
-3932160,37.979488
-1441792,66.040329
-5898240,59.139423
-3145728,13.171284
-5767168,9.380531
-2097152,39.587021
-5767168,34.635139
-6029312,34.611832
-72876032,-12.793204
-23068672,34.542076
-72876032,18.640968
-83623936,10.669182
7864320,31.256714
1572864,3.759398
5898240,54.710304
5898240,54.352283
7864320,3.759398
5898240,8.701854
1310720,14.072333
1769472,84.533020
5505024,23.309557
-50593792,-129.314026
-524288,89.935623
-51249152,-31.172377
-50855936,-107.451965
-83886080,-47.094734
0,100.000000
-95420416,5.513264
-117440512,-85.339371
-131072,98.797783
-262144,89.816513
-1507328,92.192665
-1310720,89.180054
1572864,4.299066
4718592,33.745506
2097152,36.199375
2097152,38.132729
6029312,30.673340
5767168,29.819315
1048576,7.330317
5767168,7.330317
4194304,38.220211
6029312,33.132465
6029312,31.245073
4194304,38.220211
40501248,9.702753
39321600,19.638372
33619968,48.266022
33619968,46.805786
39321600,19.638372
-55312384,-73.640221
-55574528,-59.924568
-55181312,-19.561806
-55181312,-22.936533
-55574528,-59.924568
6291456,37.560974
6291456,39.453068
6029312,77.384293
5767168,77.105690
-71303168,2.158273
-18087936,20.575541
-69992448,-39.699150
-78512128,-49.890522
-79560704,-9.600790
-70516736,-19.092419
2228224,38.005699
6160384,22.092722
1769472,78.595314
1769472,84.555054
5373952,42.493973
3932160,31.696903
7208960,55.803879
5373952,63.719166
5373952,63.121952
-22282240,19.586105
-69992448,-14.815561
-77987840,-22.368971
-79036416,10.515195
-70516736,2.120644
-24117248,49.597672
-28835840,78.730476
-71827456,41.657154
-71827456,40.696777
1835008,7.438017
6291456,60.330574
1835008,7.438017
5373952,50.713749
6291456,60.083164
1835008,6.860707
3670016,6.860707
3276800,52.479954
73400320,1.754386
786432,91.578949
68288512,-32.950558
18612224,33.567253
-262144,89.533928
-4718592,5.805397
-5111808,41.689056
-4259840,27.435270
786432,73.480667
5767168,2.762431
5898240,43.172848
4390912,36.825047
-69206016,2.583026
-393216,97.047974
-17301504,2.583026
-68288512,-70.889709
53477376,13.006396
4063232,64.747688
5767168,62.473343
40501248,-17.128641
-12582912,13.171284
-1835008,32.466553
-3145728,13.171284
-7077888,13.171284
-8388608,9.380531
-1572864,9.380531
-2097152,9.380531
-4718592,9.380531
-1048576,14.711088
-1572864,91.073921
-23068672,1.813110
-71827456,-35.874786
-1048576,91.598984
12582912,3.759398
1835008,25.146198
1835008,25.146198
8126464,23.501060
2097152,81.740372
1966080,8.701854
1966080,8.701854
5373952,42.411938
2883584,33.048027
-524288,89.306602
-524288,89.306602
-524288,89.306602
-51118080,-89.564827
-51380224,-74.658875
-2097152,88.967896
-2097152,88.967896
-83886080,-1.834817
-16777216,55.871582
-16777216,57.208805
-262144,89.180054
-262144,89.180054
-393216,97.049103
-1572864,89.180054
-1507328,92.192665
8388608,4.299066
8388608,4.299066
2621440,4.299066
5767168,4.299066
8388608,7.330317
8388608,7.330317
2621440,7.330317
5767168,7.330317
57671680,11.602210
57671680,11.602210
8126464,66.783867
22937600,66.909912
-46137344,0.424328
-3932160,72.842995
-55312384,-73.640221
-56229888,-68.845711
6291456,37.560974
5767168,77.754517
-524288,94.244606
-17825792,2.158273
-69992448,-39.699150
-28704768,-7.270780
-18087936,20.575541
1310720,8.831908
2621440,8.831908
1966080,14.194737
2228224,41.652420
2228224,38.005699
3670016,4.375667
5373952,49.083145
851968,84.886124
3538944,26.232656
8257536,65.575241
-22020096,0.665188
-69992448,-14.815561
-33423360,-2.656036
-22282240,19.586105
-84148224,39.263859
-3145728,80.277344
-22020096,30.970726
-3670016,85.562500
-24117248,43.075016
-24117248,39.517204
-71827456,41.419991
3932160,33.884300
5373952,64.449265
1638400,89.628914
6291456,60.330574
1179648,60.330574
3670016,7.438017
5373952,64.227531
1638400,89.564224
6291456,60.083164
1179648,60.083164
3670016,6.860707
68812800,3.364970
79495168,-6.820778
73400320,1.754386
131072,99.064323
18350080,1.754386
-917504,95.195900
-1507328,92.448013
-16777216,16.271463
-393216,89.533928
-4718592,5.805397
1376256,94.176140
5767168,2.762431
655360,85.267036
5767168,2.762431
-262144,97.221619
-79626240,-12.524420
-101974016,-129.667908
-69206016,2.583026
-393216,97.047974
3407872,58.259125
33751040,44.880638
41156608,-7.121535
53477376,13.006396
4063232,64.747688
4063232,64.747688
-5898240,59.139423
-5898240,58.816422
-7864320,13.171284
-1572864,13.171284
-1572864,13.171284
-1572864,13.171284
-6029312,34.611832
-5242880,9.380531
-1048576,9.380531
-1048576,9.380531
-1048576,9.380531
-83623936,9.963010
-105906176,-80.306831
-1048576,91.073921
-1048576,91.073921
3670016,25.146198
3670016,27.414495
5898240,54.531998
8126464,33.700920
12582912,3.759398
12582912,3.759398
2883584,35.076874
1769472,84.472122
5636096,47.655727
2097152,81.740372
2097152,81.740372
-1572864,89.630638
-51249152,-31.688803
-52166656,-41.865776
-37748736,3.759398
-37748736,3.759398
-95420416,5.513264
-95420416,2.846300
-117440512,-54.449474
-35651584,64.835167
-1507328,92.161926
-917504,94.950691
-16777216,13.440407
8912896,4.299066
5767168,31.808243
5767168,30.685743
1572864,4.299066
1048576,4.299066
8912896,7.330317
5767168,33.968159
5767168,32.881218
1048576,7.330317
2097152,7.330317
34144256,27.185377
33619968,48.266022
40239104,24.089170
5767168,64.640884
-56360960,-26.072989
-56360960,-28.148264
-524288,90.947662
-1048576,90.947662
6029312,77.472977
4194304,80.787994
6291456,6.341463
5767168,68.780487
-67371008,40.834530
-71041024,-1.444698
-70516736,-19.092419
-17825792,2.158273
-71303168,2.158273
-71041024,-3.980815
7995392,55.509972
5636096,49.005165
5373952,42.493973
2097152,81.766380
2490368,50.508751
4063232,70.250412
5373952,63.571686
1638400,89.285789
6160384,28.661213
3276800,51.212074
7471104,59.018143
3932160,36.338863
-79036416,10.515195
-69468160,-39.278969
-22806528,41.210011
-21757952,79.336372
-22544384,36.807816
-83623936,34.206272
-72876032,-1.535125
-24641536,55.858833
-28835840,80.969376
-24117248,53.023071
-83623936,11.230681
6160384,30.945822
1835008,12.882839
1638400,89.628914
6029312,39.173553
6029312,56.281555
1835008,6.860707
1638400,89.564224
1638400,89.481728
6029312,38.794178
786432,91.578949
79495168,-6.820778
79495168,-7.665210
-262144,89.533928
-1507328,92.448013
-1507328,92.388313
-1310720,89.533928
786432,73.480667
1376256,94.176140
1376256,94.130104
1835008,87.624313
-262144,97.047974
-68550656,-40.355583
-102236160,-91.881920
-79626240,-12.524420
-79626240,-15.700512
-102236160,-91.881920
39976960,19.960636
8126464,64.747688
8126464,65.815941
33751040,44.663635
40239104,30.177683
-8126464,30.982300
-3670016,32.466553
-3670016,34.513020
-5898240,58.978558
-8126464,40.184662
-4718592,37.263443
-2097152,39.587021
-2097152,41.417717
-6029312,34.354401
-5767168,33.545723
-72876032,-12.793204
-104857600,-48.768013
-83623936,10.669182
-83623936,8.147749
-104857600,-48.768013
12582912,3.759398
3670016,25.146198
13369344,3.759398
8126464,35.579838
8126464,34.519424
2097152,81.740372
2883584,33.048027
2752512,77.443985
5636096,49.139172
5636096,48.301956
-3407872,72.197159
-51118080,-89.564827
-52297728,-85.507240
-51249152,-31.172377
-51642368,-62.046139
-16777216,55.871582
-35651584,66.903687
-83886080,14.244364
-83886080,12.832748
-4849664,19.932375
-393216,97.049103
-2031616,85.416588
-1507328,92.192665
-655360,95.838478
5767168,4.299066
786432,75.565720
2621440,4.299066
13107200,4.299066
5767168,31.531038
4718592,33.745506
5767168,7.330317
786432,76.339653
2621440,7.330317
13107200,7.330317
5767168,33.699738
4718592,35.844067
40501248,9.702753
5570560,76.746422
7733248,62.069313
21889024,78.527374
39976960,36.233376
40239104,24.089170
-2883584,68.760574
-3932160,74.440468
-3932160,72.842995
-56360960,-26.585480
-55181312,-19.561806
-55312384,-112.226936
4980736,49.517384
6291456,25.073170
63438848,-51.102440
5767168,77.664093
4194304,80.787994
-18350080,34.888451
-69992448,-35.093681
-112852992,-67.270737
-79560704,-10.905561
-78512128,-45.157139
-71041024,-2.697102
-70516736,-17.958204
-18612224,41.623844
6160384,24.661095
1638400,84.612976
1769472,84.371185
1769472,79.271255
5636096,48.375599
5373952,43.041649
2490368,50.508751
1114112,90.170135
1638400,89.201096
1114112,90.273064
6029312,55.708302
1638400,89.158234
8126464,52.946758
-77987840,-19.131697
-79036416,9.807805
-77987840,-17.884245
-104333312,-32.696472
-79036416,9.449900
-21495808,78.451180
-116654080,1.248052
-83623936,33.423012
-83623936,11.697889
-71827456,40.696777
-71303168,31.878593
-24641536,55.858833
1835008,7.438017
1835008,7.438017
1835008,7.438017
5373952,50.713749
1835008,6.860707
1835008,6.860707
1835008,6.860707
5373952,50.406349
73400320,1.754386
131072,99.064323
131072,99.064323
69074944,-13.792172
18612224,33.567253
-262144,89.533928
-262144,89.533928
-262144,89.533928
-393216,97.145615
-1572864,89.533928
655360,85.267036
655360,85.267036
917504,95.240112
6029312,32.228359
6029312,34.282047
-69206016,2.583026
-69206016,2.583026
-69206016,2.583026
-17563648,34.071342
53477376,13.006396
53477376,13.006396
53477376,13.006396
8126464,64.747688
-12582912,13.171284
-12582912,13.171284
-3932160,13.171284
-8126464,18.433628
-8388608,9.380531
-8388608,9.380531
-2097152,39.587021
-8912896,9.380531
-125829120,-33.891212
-23068672,21.450489
-72876032,-12.793204
-83623936,-23.800859
1835008,25.146198
1572864,3.759398
3145728,3.759398
1835008,29.549364
3932160,9.420610
1310720,8.701854
2621440,8.701854
6160384,21.981585
983040,76.689835
2228224,37.917263
-524288,89.306602
-1048576,89.306602
-2883584,63.097286
-3407872,73.832619
-3407872,72.197159
0,100.000000
-16777216,33.807369
-2097152,89.616844
-18874368,43.930946
-18874368,40.426632
-83886080,13.895765
-4718592,2.620456
-393216,97.049103
-4390912,38.303268
-4849664,19.932375
-19005440,37.244293
-917504,95.073845
8388608,4.299066
2621440,31.642189
9961472,4.299066
2097152,40.535343
6029312,6.830836
6029312,30.399319
6029312,7.806429
8388608,7.330317
5767168,32.042233
2097152,40.092323
5767168,10.385362
5505024,34.310097
6029312,32.336422
6029312,10.256728
7471104,73.825066
89784320,-15.889926
8126464,69.041267
34144256,29.111689
33619968,47.857056
34144256,29.853975
41680896,27.950668
-3932160,80.602142
-116129792,-111.062309
-1572864,91.562874
-56229888,-64.378891
-55181312,-20.506958
-56229888,-62.657642
-56098816,-36.542694
5767168,77.105690
6291456,39.453068
5767168,69.809708
5505024,77.869713
6029312,77.204803
6029312,69.766365
5767168,77.388336
-17825792,2.158273
-28966912,6.646426
-71041024,-1.033991
-71041024,-3.121470
-71041024,-2.276212
-79560704,-9.600790
-79560704,-11.347416
1310720,8.831908
1769472,78.711021
1769472,84.555054
1769472,84.555054
1769472,84.555054
5636096,48.162277
1769472,84.555054
720896,88.971245
5373952,63.719166
5373952,62.969559
5373952,63.273090
1638400,89.285789
1638400,89.115051
5373952,62.660973
-32636928,13.553979
-71041024,16.962456
-71041024,15.246804
-71041024,15.941503
-79036416,10.515195
-79036416,9.089142
-71041024,14.540527
-3145728,80.277344
-83623936,9.311345
-83623936,34.206272
-83623936,34.206272
-83623936,34.206272
-71827456,40.451725
-83623936,34.206272
-83623936,34.206272
3932160,33.884300
3932160,35.887806
1638400,89.588074
5373952,63.856750
6291456,60.330574
6291456,60.330574
3932160,35.487934
1638400,89.523140
5373952,63.631325
6291456,60.083164
6291456,60.083164
18612224,35.580364
79495168,-7.241332
68812800,1.754386
73400320,1.754386
73400320,1.754386
-1507328,92.448013
-1507328,92.234856
-1572864,89.533928
-16777216,16.271463
1376256,94.153221
655360,97.053406
20971520,11.602210
-69337088,8.139788
-69074944,-0.775356
-69074944,-2.434210
-393216,97.047974
-262144,97.047974
18481152,71.704498
40239104,32.156452
40239104,31.039688
3407872,55.650318
5767168,62.473343
-5898240,43.372578
-5898240,59.139423
-8126464,30.982300
-3145728,13.171284
-5767168,35.429043
-5767168,34.366146
-1048576,9.380531
-2097152,9.380531
-83623936,10.669182
-71303168,6.619462
-23068672,1.813110
-72876032,-12.793204
15466496,24.290728
8126464,35.317970
8126464,23.501060
3145728,3.759398
12582912,3.759398
8126464,33.700920
7995392,55.446507
5636096,48.932419
5373952,42.411938
2097152,81.740372
2490368,50.438148
4063232,70.207970
-52166656,-38.405636
-51249152,-31.172377
-50593792,-129.314026
-3932160,77.085571
-107741184,-131.315125
-1572864,90.033333
-95420416,5.513264
-83886080,-47.094734
-18874368,57.447594
-35651584,70.387505
-16777216,58.870594
-1507328,92.192665
-131072,98.797783
-5111808,39.717426
-19267584,16.287760
-4980736,36.130787
-2031616,85.802391
5242880,32.545597
6029312,30.123127
9437184,4.299066
2097152,4.299066
262144,92.976074
5767168,31.808243
5767168,32.881218
4718592,36.455074
2621440,33.807369
1048576,7.330317
6029312,7.831234
6029312,33.132465
33619968,47.650139
122945536,-67.509346
3407872,58.211952
34144256,27.578970
33619968,48.266022
-55181312,-20.985159
-113770496,-118.261826
-524288,90.947662
-56229888,-67.933022
-55181312,-19.561806
-55181312,-19.561806
59768832,-97.723579
1048576,68.780487
6029312,68.949242
6029312,77.472977
6029312,77.472977
-79560704,-9.600790
-79560704,-9.600790
-79036416,-27.357929
-69468160,-69.464424
-29229056,19.152552
-112852992,-68.694321
5636096,47.730293
1769472,84.555054
720896,87.060013
720896,87.365685
1638400,84.482025
1769472,84.555054
1638400,89.285789
589824,92.068031
589824,92.255394
1769472,87.443855
1638400,89.285789
-79036416,10.515195
-32899072,23.400806
-32899072,25.210234
-112328704,-38.001919
-79036416,10.515195
-104333312,-31.537550
-33292288,46.133839
-33292288,47.406265
-116654080,0.407610
-83623936,34.206272
-106954752,6.295880
6291456,60.330574
3538944,28.595043
5373952,50.713749
1114112,90.226379
1638400,89.628914
5636096,56.261921
3538944,28.149689
5373952,50.406349
1114112,90.165421
1638400,89.564224
5636096,55.989120
18612224,33.567253
73793536,7.038184
68812800,4.538675
68812800,2.967295
-4849664,22.551104
-393216,97.145615
-2031616,85.893562
-1507328,92.448013
-655360,95.974586
6029312,32.228359
24510464,2.762431
655360,97.136917
655360,97.089783
-17301504,2.583026
-393216,97.221619
-17432576,26.095072
-17432576,21.476015
-69074944,-1.185012
-79626240,-12.524420
-68288512,-70.889709
4063232,66.821358
7471104,63.396465
7471104,61.108746
40239104,31.880669
33751040,44.880638
40501248,-17.128641
-1835008,36.439110
-3932160,18.278854
-3932160,13.171284
-8126464,41.643570
-5898240,59.139423
-7077888,13.171284
-786432,76.863113
-2621440,9.380531
-13107200,9.380531
-5767168,35.166557
-4718592,37.263443
-1572864,91.598984
-23068672,26.071049
-23068672,21.450489
-72876032,19.302423
-83623936,10.669182
-71827456,-35.874786
3670016,30.233351
5898240,38.894855
5898240,54.352283
5898240,39.534698
7864320,32.165215
5898240,54.171146
14155776,3.759398
2883584,37.598160
1769472,79.131851
1769472,84.410751
1769472,79.350365
6029312,40.796974
1769472,84.348885
3407872,73.624977
-51118080,-83.315430
-50987008,-40.412918
-51249152,-32.733952
-52297728,-79.649124
-52166656,-40.114346
-51642368,-60.502846
-3932160,77.085571
-126877696,-35.178200
-95420416,4.388422
-95420416,-26.811146
-83886080,12.832748
-83886080,-0.864961
-18874368,57.447594
-1507328,92.130951
-2031616,85.951057
-1835008,89.323044
-1507328,92.099724
-17039360,21.855923
6029312,30.945210
6029312,30.945210
6029312,30.945210
5767168,30.399319
6029312,30.945210
6029312,30.945210
4980736,33.272743
4718592,4.299066
6029312,33.132465
6029312,33.132465
5767168,32.603867
6029312,33.132465
6029312,33.132465
4980736,35.386276
4718592,7.330317
39976960,35.710697
33619968,48.266022
33619968,47.441574
39976960,34.639210
33619968,48.266022
5308416,83.201828
-56360960,-27.623066
-55181312,-19.561806
-55181312,-21.467171
-56360960,-29.750118
-55181312,-19.561806
-655360,97.079887
6029312,77.472977
5767168,77.294899
6029312,77.472977
6029312,77.472977
4980736,78.232262
4718592,68.780487
-71041024,-1.033991
-70516736,-16.845392
-79560704,-11.792806
-79560704,-9.600790
-79560704,-9.600790
-79560704,-12.241773
-71041024,-2.697102
-103809024,-89.928055
6029312,41.397629
5636096,48.162277
1769472,84.555054
1769472,84.119102
1769472,84.432961
1769472,84.555054
1114112,85.413101
6029312,56.095131
5373952,62.969559
1638400,89.285789
1638400,88.983368
1638400,89.201096
1638400,89.285789
1769472,82.642975
-70516736,3.967424
-79036416,8.725498
-79036416,10.515195
-79036416,10.515195
-79036416,8.358934
-71041024,15.595582
-103809024,-56.097561
-83623936,32.890396
-83623936,34.206272
-83623936,34.206272
-83623936,32.620880
-71827456,40.696777
-104857600,-9.570279
1835008,7.438017
3670016,7.438017
5373952,50.713749
851968,85.370140
3538944,28.595043
1835008,6.860707
3670016,6.860707
1179648,62.431210
3538944,32.376175
3538944,28.149689
18350080,1.754386
68288512,-32.950558
27852800,-1.530422
18743296,19.719297
70647808,39.480701
-4718592,5.805397
-393216,97.145615
-4390912,40.321152
-4849664,22.551104
-19005440,39.296810
786432,73.480667
5767168,2.762431
655360,86.133682
6160384,21.793955
6160384,16.906076
655360,97.125275
-17301504,2.583026
-69206016,2.583026
-69074944,-3.714637
-17563648,36.069180
-68550656,-35.728477
-113049600,-71.890327
-79626240,-13.863996
53477376,13.006396
7733248,71.245811
85852160,-17.607452
8126464,67.143478
34275328,24.477386
33751040,44.444912
34275328,25.268200
-12582912,13.171284
-8126464,40.184662
-3670016,34.513020
-8126464,21.122631
-6160384,54.082142
-5898240,58.652992
-5898240,45.160809
-8388608,9.380531
-5767168,33.545723
-2097152,41.417717
-5767168,12.367986
-5505024,35.763416
-6029312,33.833401
-6029312,12.242199
-5767168,34.366146
-23592960,42.618050
-60293120,45.973721
-23068672,38.990669
-83623936,-20.525705
-83623936,9.963010
-83623936,-19.263657
-105906176,-27.088516
-83623936,9.605721
1572864,3.759398
5898240,37.573662
5898240,54.710304
5898240,54.710304
5898240,54.710304
8126464,34.248844
2621440,8.701854
589824,87.938599
5636096,49.139172
5636096,48.088326
5636096,48.513832
1769472,84.533020
1769472,84.286537
-524288,89.306602
-52297728,-84.504501
-51249152,-31.172377
-51249152,-31.172377
-51249152,-31.172377
-52166656,-40.693329
-51249152,-31.172377
0,100.000000
-95420416,-30.238474
-95420416,5.513264
-95420416,5.513264
-95420416,5.513264
-83886080,12.472554
-95420416,5.513264
-95420416,5.513264
-4521984,45.205395
-917504,95.093788
-917504,94.992424
-917504,95.033470
-1507328,92.192665
-1507328,92.068245
-917504,94.950691
-1507328,92.192665
786432,81.914780
5505024,31.584013
6029312,30.945210
5242880,33.134716
5767168,30.399319
6029312,30.945210
786432,82.487617
5505024,33.751034
6029312,33.132465
5242880,35.252621
5767168,32.603867
6029312,33.132465
6029312,31.245073
33619968,48.266022
33619968,48.266022
39976960,36.491539
40239104,25.521452
33619968,47.231339
33619968,48.266022
33619968,48.266022
-55181312,-19.561806
-55181312,-19.561806
-56360960,-26.072989
-56360960,-46.886929
-55181312,-21.953041
-55181312,-19.561806
-55181312,-19.561806
4980736,62.634914
5505024,77.681366
6029312,77.472977
5242880,78.187241
5767168,77.294899
6029312,77.472977
6029312,76.837135
6029312,77.294899
-69992448,-39.699150
-79560704,-10.467199
-79560704,-9.600790
-112328704,-95.341553
-786432,94.787567
-112852992,-66.567924
-104333312,-61.455326
5898240,8.831908
1769472,84.555054
1638400,84.348831
2228224,41.652420
5767168,34.507820
1769472,84.555054
1638400,84.677628
1638400,89.201096
1638400,89.285789
2031616,83.228546
1179648,62.884354
1769472,87.602127
6029312,55.708302
1507328,82.298920
-79036416,9.807805
-79036416,10.515195
-112852992,-61.296127
-786432,95.716019
-112328704,-36.262398
-104333312,-32.696472
-111804416,-127.317490
-83623936,33.686161
-83623936,34.206272
-115081216,-14.300243
-3670016,86.107315
-116654080,1.662977
-106954752,5.470293
-115081216,-62.596119
-104857600,-9.002558
8257536,66.677681
5373952,64.738289
5636096,56.261921
3670016,7.438017
6291456,60.330574
5373952,63.856750
8257536,66.469856
5373952,64.518364
5636096,55.989120
6291456,60.083164
3276800,52.479954
7471104,60.083164
68812800,4.150620
79495168,-6.820778
68550656,-63.118912
18481152,43.458645
6422528,92.760849
18612224,38.082100
-1507328,92.448013
-131072,98.837105
-5111808,41.689056
-19267584,19.025692
-4980736,38.219719
1376256,94.176140
393216,97.053406
5898240,43.172848
23724032,15.789473
6029312,36.834202
1900544,89.149055
-102498304,-62.712746
-79626240,-13.863996
-2359296,97.047974
-17301504,2.583026
-28114944,7.051694
-69074944,-0.775356
40239104,31.039688
39976960,20.722918
7733248,71.245811
3407872,55.650318
34275328,22.844465
33751040,44.880638
-5898240,58.652992
-14155776,13.171284
-1572864,13.171284
-5898240,43.678673
-5898240,59.139423
-6029312,33.833401
-9437184,9.380531
-1048576,9.380531
-6029312,9.870366
-6029312,34.611832
-6029312,34.611832
-59768832,43.468155
-1048576,91.073921
-83623936,-23.131666
-83623936,10.669182
-83623936,10.669182
5898240,54.710304
5898240,54.710304
5898240,47.023521
7077888,3.759398
1703936,73.729599
6160384,48.671677
5636096,47.655727
1769472,84.533020
720896,87.041550
720896,87.347656
1638400,84.459892
1769472,84.533020
-51249152,-31.172377
-917504,95.170723
-917504,95.284805
-50987008,-41.607918
-51249152,-31.172377
-95420416,5.513264
-28311552,42.348354
-28311552,43.710205
-126877696,-36.328651
-95420416,5.513264
-117440512,-29.494753
-4653056,50.437653
-4653056,51.608414
-1376256,92.264885
-1507328,92.192665
-1835008,89.416298
6029312,28.996080
6029312,30.399319
6029312,30.945210
5505024,5.424959
5767168,4.299066
6029312,30.399319
6029312,30.945210
6029312,33.132465
6029312,31.521198
5767168,32.881218
4194304,38.220211
4718592,7.330317
6029312,33.132465
5505024,33.182373
33619968,47.857056
33619968,48.266022
36372480,16.045736
40763392,-11.077627
33619968,48.266022
35848192,39.628757
7733248,64.300529
-55181312,-19.561806
-56492032,-83.602631
-55312384,-112.226936
-55181312,-19.561806
-55443456,-31.472523
-3932160,74.440468
5767168,77.388336
4194304,79.186996
6029312,77.472977
5505024,77.489792
6291456,29.480631
-112852992,-66.567924
-28966912,6.646426
-79560704,-9.600790
-79560704,-9.600790
-18350080,32.853718
-71303168,2.158273
-71041024,-2.697102
-79560704,-9.600790
589824,87.955772
1769472,84.555054
1769472,84.555054
2883584,81.766380
5636096,48.797024
1769472,84.494247
2031616,79.161575
5767168,50.170593
5373952,62.660973
5373952,50.214630
6291456,59.018143
5373952,63.121952
1638400,89.285789
1769472,87.443855
-79036416,10.515195
-79036416,10.515195
-88080384,0.665188
-71041024,15.595582
-79036416,10.515195
-112328704,-38.001919
-83623936,34.206272
-83623936,34.206272
-71827456,41.180885
-83623936,33.947239
-83623936,22.684788
-106954752,5.052020
3932160,35.887806
5373952,52.338570
1769472,87.948532
1638400,89.505447
1114112,90.535011
5373952,64.302963
5636096,56.678474
3276800,52.774502
5373952,52.041306
1769472,87.873367
1638400,89.439987
1114112,90.475983
5373952,64.080322
5636096,56.408276
3276800,52.479954
78970880,-43.172749
79495168,-7.665210
78970880,-41.673557
102498304,-54.719841
79495168,-8.092453
7077888,91.578949
-2031616,86.266747
-1507328,92.388313
-2031616,86.410553
-1835008,89.672249
-1507328,92.358109
-17039360,24.411737
1507328,93.137047
1376256,94.106812
1900544,89.206161
655360,97.089783
917504,95.285454
5898240,43.172848
-69074944,-2.857491
-69074944,-2.014397
-79626240,-12.524420
-79626240,-14.317637
-69074944,-3.714637
-79626240,-12.524420
-28246016,17.914534
40239104,30.754726
40239104,31.322311
33751040,44.880638
33751040,44.002243
40239104,30.177683
33751040,44.880638
5439488,81.731888
-5898240,59.139423
-5898240,59.139423
-8126464,40.679005
-5898240,59.139423
-5898240,59.139423
-5898240,52.204376
-7077888,13.171284
-6029312,34.611832
-5767168,34.094933
-6029312,34.611832
-6029312,34.611832
-4980736,36.815784
-4718592,9.380531
-83623936,10.669182
-83623936,9.245584
-72876032,17.284983
-83623936,10.669182
-32243712,29.167229
5898240,54.710304
7864320,32.757656
8126464,34.248844
5898240,54.710304
5898240,53.431969
5898240,54.352283
5898240,54.710304
6160384,29.046144
5636096,49.139172
5373952,43.498508
1769472,84.223679
1769472,84.533020
1769472,84.533020
1769472,84.160324
5636096,48.301956
5767168,33.048027
-51642368,-58.988667
-51249152,-33.795822
-51249152,-31.172377
-51249152,-31.172377
-51249152,-34.333153
-52166656,-40.114346
-51380224,-74.658875
-83886080,12.472554
-95420416,5.513264
-95420416,2.846300
-95420416,4.766334
-95420416,5.513264
-126877696,-88.454315
-917504,94.992424
-1507328,92.192665
-1507328,91.972298
-1507328,92.130951
-1507328,92.192665
-1900544,85.233948
4456448,35.567688
1572864,13.327456
5505024,32.446400
5242880,32.545597
4456448,8.342767
4194304,36.529949
5767168,29.819315
5767168,6.425753
1572864,16.072741
5505024,34.586105
5242880,34.682159
4456448,11.245937
4194304,38.540314
5767168,32.042233
5767168,9.389644
39321600,21.278404
33619968,48.266022
35848192,40.897064
7536640,72.868736
33619968,48.266022
33619968,48.266022
-2883584,69.939423
-55443456,-28.710493
-56098816,-36.542694
-55967744,-117.765999
-55574528,-59.095936
-56360960,-29.750118
-55312384,-69.781548
5505024,77.962700
5242880,77.995056
4980736,66.581932
4194304,79.294830
5767168,77.105690
5767168,69.474258
-112852992,-68.694321
-70516736,-16.296822
-79560704,-11.347416
-112852992,-65.870979
-71041024,-1.033991
-71041024,-2.697102
6029312,40.619720
5636096,48.587177
1769472,84.555054
851968,75.372772
6160384,24.661095
1638400,84.741745
6029312,55.512321
5373952,63.273090
1638400,89.285789
983040,78.710724
5373952,50.761723
1769472,87.653999
-70516736,4.418281
-79036416,9.089142
-112328704,-35.692261
-71041024,16.962456
-71041024,15.595582
-83623936,33.157764
-116654080,2.074429
-196083712,-22.937853
-71827456,41.657154
-71827456,40.696777
1835008,7.438017
1114112,90.279205
1638400,89.628914
1638400,89.628914
1638400,89.628914
5373952,64.155457
3670016,6.860707
720896,89.257851
5373952,64.662018
5373952,63.931889
5373952,64.227531
1638400,89.564224
1638400,89.397919
786432,91.578949
78970880,-46.268375
79495168,-6.820778
79495168,-6.820778
79495168,-6.820778
68812800,2.566333
79495168,-6.820778
-262144,89.533928
-2031616,85.969810
-1507328,92.448013
-1507328,92.448013
-1507328,92.448013
-917504,95.156197
-1507328,92.448013
-1507328,92.448013
4653056,53.935833
655360,97.136917
655360,97.077759
655360,97.101715
1376256,94.176140
1376256,94.083336
655360,97.053406
1376256,94.176140
-28246016,19.853561
-113049600,-73.353226
-79626240,-12.524420
-102498304,-61.291676
-69074944,-2.857491
-79626240,-12.524420
5439488,82.163422
35717120,36.705528
33751040,44.880638
41680896,24.201824
40239104,30.754726
33751040,44.880638
33751040,43.324848
-5898240,59.139423
-5898240,59.139423
-8126464,41.879833
-8126464,32.284523
-5898240,58.322216
-5898240,59.139423
-5898240,59.139423
-6029312,34.611832
-6029312,34.611832
-5767168,35.429043
-4718592,38.447155
-6029312,33.304070
-6029312,34.611832
-6029312,34.611832
-32243712,30.840445
-116654080,-35.220631
-83623936,10.669182
-105906176,-25.978575
-72876032,17.968578
-83623936,10.669182
-83623936,8.147749
-83623936,9.963010
8126464,9.592162
5898240,54.352283
5898240,54.710304
5636096,45.368370
1835008,32.207878
6160384,49.318676
7864320,32.165215
5898240,8.701854
1769472,84.533020
1638400,84.326500
2228224,41.569187
5767168,34.414394
1769472,84.533020
1638400,84.655777
-51249152,-32.209309
-51249152,-31.172377
-50462720,-63.047886
-2883584,64.489838
-50987008,-39.822948
-51904512,-49.236526
-51511296,-136.760910
-95420416,4.766334
-95420416,5.513264
-126877696,-58.600163
-2097152,90.008659
-126877696,-34.610222
-117440512,-30.635675
-126877696,-125.614319
-1507328,92.130951
-1507328,92.192665
-1114112,92.715279
-393216,90.200798
-1376256,92.362389
-1835008,89.323044
-1638400,84.760635
-1572864,89.236107
8388608,30.399319
5767168,31.251574
6029312,30.673340
4980736,32.965244
5242880,32.247128
5767168,30.969816
6029312,30.945210
8388608,32.603867
5767168,33.429127
6029312,32.869205
4980736,35.088520
5242880,34.393143
5767168,33.156292
6029312,33.132465
262144,90.371979
57671680,11.602210
39976960,35.446133
33619968,48.266022
35848192,40.142555
40239104,25.871117
33619968,47.441574
35848192,41.144352
-46137344,0.424328
-56360960,-28.148264
-55181312,-19.561806
-55443456,-30.353605
-56360960,-46.197315
-55181312,-21.467171
-55443456,-28.171957
5767168,77.572922
6029312,77.384293
4980736,78.131958
5242880,77.897690
5767168,77.481010
6029312,77.472977
4980736,38.371872
-17825792,2.158273
-79560704,-11.347416
-71041024,-1.858758
-71041024,-3.121470
-79560704,-11.792806
-103809024,-85.107544
-11403264,32.105843
5505024,25.739447
1769472,84.555054
1769472,84.555054
1769472,84.432961
1769472,84.555054
589824,87.730652
3670016,4.375667
1638400,89.115051
5373952,63.422997
5373952,62.969559
1638400,89.071503
5767168,51.182358
1114112,68.511116
-22020096,0.665188
-79036416,9.089142
-71041024,16.284599
-71041024,15.246804
-79036416,8.725498
-103809024,-52.135693
-10878976,46.764881
-524288,95.269768
-83623936,33.157764
-71827456,41.180885
-71827456,40.451725
-83623936,32.890396
-104857600,-6.789307
-12320768,58.103298
-3145728,80.277344
1638400,89.628914
1638400,89.628914
1900544,85.927666
6160384,30.945822
589824,92.503418
1769472,87.845963
5373952,63.631325
1638400,89.564224
589824,92.274162
589824,92.456665
1769472,87.770157
1638400,89.564224
79495168,-6.820778
28114944,22.308998
28114944,24.144218
113180672,-65.028748
79495168,-6.820778
-1507328,92.448013
-4653056,52.058662
-4653056,53.191132
-1376256,92.517876
-1507328,92.448013
-1835008,89.762451
4521984,60.648727
4521984,61.578285
1507328,93.078644
1376256,94.176140
1835008,91.353233
-79626240,-15.700512
-79626240,-13.413940
-79626240,-12.524420
-112525312,-138.523987
-68550656,-40.355583
-79626240,-13.413940
-79626240,-12.524420
33751040,44.880638
33751040,43.552460
40239104,31.039688
39321600,14.712153
40501248,-17.128641
33751040,44.880638
35717120,36.162231
-5898240,58.816422
-5898240,59.139423
-6160384,35.985104
-7077888,13.171284
-5898240,59.139423
-6160384,53.293854
-3932160,18.278854
-6029312,34.611832
-5505024,10.446642
-4718592,9.380531
-6029312,34.611832
-5505024,34.660641
-2621440,14.711088
-72876032,18.306156
-104857600,-48.768013
-83623936,10.669182
-116654080,-36.381321
-23068672,26.071049
6160384,49.318676
1966080,64.682350
5898240,54.710304
5898240,54.710304
3670016,25.146198
12582912,3.759398
8126464,34.519424
5898240,54.710304
589824,87.938599
1769472,84.533020
1769472,84.533020
2883584,81.740372
5636096,48.723980
1769472,84.472122
2031616,79.131851
-51380224,-73.753899
-52166656,-41.865776
-51118080,-85.352272
-37748736,3.759398
-52166656,-40.114346
-51249152,-31.172377
-50987008,-41.607918
-95420416,5.513264
-95420416,5.513264
-35651584,64.835167
-83886080,12.832748
-95420416,5.513264
-126877696,-36.328651
-1507328,92.192665
-1507328,92.192665
-917504,95.053741
-1507328,92.161926
-1245184,92.421051
-1835008,89.275803
262144,90.057045
5767168,7.454041
5505024,32.729050
2097152,4.299066
6029312,29.844734
5767168,31.251574
5767168,10.385362
5505024,34.859802
2097152,7.330317
6029312,32.066845
5767168,33.429127
58195968,28.638876
39976960,36.491539
39976960,35.446133
41156608,2.124408
33619968,48.266022
33619968,48.266022
-47185920,18.528996
-56360960,-26.072989
-56360960,-28.148264
-55050240,-84.338432
-55181312,-19.561806
-55181312,-19.561806
-55181312,-20.506958
5767168,77.754517
5767168,77.388336
6029312,77.113983
5767168,77.572922
5767168,77.294899
6029312,77.022438
-524288,94.244606
-786432,94.884094
-77987840,-73.390404
-18350080,32.853718
-103284736,-117.257568
3407872,73.662552
2883584,33.143402
1769472,84.555054
7340032,57.454891
1310720,14.194737
5767168,33.832642
1835008,4.375667
1179648,63.571686
1900544,79.941368
1835008,10.000628
5767168,50.427444
5373952,51.030785
-786432,95.795349
-78512128,-43.463661
-524288,95.548019
-103809024,-54.488308
-69992448,-10.423710
-3670016,86.364586
-83623936,-6.186083
-3145728,81.437508
-104857600,-8.440688
-72876032,20.103508
-12320768,43.820332
5373952,64.881050
5636096,57.087166
1638400,89.421486
1638400,89.628914
1638400,89.628914
1638400,89.378998
5373952,64.302963
5767168,51.515152
6029312,57.236107
5373952,63.931889
1638400,89.564224
1638400,89.269669
1638400,89.481728
1638400,89.564224
1769472,83.094040
102498304,-53.368576
68812800,2.566333
79495168,-6.820778
79495168,-9.835880
79495168,-7.665210
79495168,-6.820778
-655360,96.050545
-1507328,92.296974
-1507328,92.448013
-1507328,92.448013
-1507328,92.266045
-917504,95.176140
-1572864,89.533928
1376256,94.059669
1376256,94.176140
1376256,94.176140
1376256,94.035812
655360,97.089783
1572864,91.160217
-17432576,26.095072
-102236160,-87.965958
-79626240,-12.524420
-113049600,-71.168098
-28114944,7.051694
-79626240,-12.524420
-79626240,-12.524420
7471104,63.396465
39321600,16.452723
33751040,44.880638
35717120,37.503357
7405568,71.706345
33751040,44.880638
33751040,44.880638
-1835008,38.837631
-6160384,54.275070
-7864320,38.799141
-4587520,42.929482
-7340032,32.816467
-8126464,40.184662
-8126464,20.246216
-4194304,40.819939
-6029312,34.611832
-5505024,36.033318
-262144,93.349030
-6029312,34.611832
-6029312,34.611832
-104857600,-45.731934
-83623936,10.669182
-116654080,-33.516167
-31719424,20.729851
-83623936,10.669182
-83623936,10.669182
5898240,46.779392
7864320,31.865061
8126464,34.787788
5898240,54.710304
1441792,63.336914
8126464,12.572640
6160384,49.530731
1638400,84.459892
5373952,43.763771
1769472,84.286537
1638400,84.719971
2621440,81.740372
5636096,49.139172
5636096,48.301956
-51642368,-58.242245
-51249152,-33.262772
-50987008,-39.237915
-38797312,20.868839
-52166656,-37.845287
-52166656,-40.114346
-83886080,13.189992
-95420416,5.513264
-26214400,14.035543
-83886080,-16.382648
-126877696,-34.047001
-917504,95.033470
-1507328,92.192665
-4259840,26.930214
-393216,97.146385
-1376256,92.394348
6029312,30.945210
6029312,30.399319
6029312,30.945210
262144,92.844788
9437184,4.299066
2097152,36.199375
6029312,30.945210
5767168,32.603867
6029312,31.795115
4194304,39.788227
1835008,12.042335
1048576,7.330317
1572864,17.626949
4980736,10.849419
33619968,47.231339
39321600,21.678009
1638400,89.103508
3407872,58.211952
3801088,72.379410
34406400,14.552194
-55181312,-19.561806
-917504,95.262329
-113770496,-118.261826
-1572864,90.947662
-55181312,-19.561806
6029312,77.472977
4456448,60.319126
59768832,-97.723579
6291456,37.560974
6029312,77.472977
-69992448,-39.699150
-103284736,-121.231796
-524288,94.244606
-18350080,32.853718
-18087936,20.575541
-104333312,-63.617676
6160384,25.072783
1114112,43.641544
5505024,23.418804
2883584,33.143402
2097152,81.766380
1310720,8.831908
1769472,32.938778
6029312,37.161152
3932160,31.696903
6291456,59.018143
1835008,4.375667
-524288,95.269768
-22544384,32.200050
-22282240,19.586105
-104333312,-34.473656
-3145728,80.277344
-24117248,49.597672
-24117248,39.517204
-106954752,4.204270
5373952,50.713749
1638400,89.546928
1638400,89.628914
2031616,83.765648
1179648,64.072975
1769472,87.999168
6029312,57.126736
6160384,30.515131
1638400,89.564224
1769472,87.665184
3538944,32.376175
5767168,52.208412
1638400,89.564224
1769472,87.924316
79495168,-7.665210
79495168,-6.820778
112918528,-91.544205
131072,99.152603
113180672,-62.948547
102498304,-54.719841
-1507328,92.388313
-1507328,92.448013
-1114112,92.953537
-393216,90.521301
-1376256,92.612190
-1835008,89.672249
-1638400,85.259064
1376256,94.130104
1376256,94.176140
1245184,93.348282
655360,86.656937
1507328,93.165886
1835008,91.277046
1769472,86.553574
1572864,91.206017
-137101312,-40.355583
-69074944,-1.598012
-79626240,-12.967428
-79364096,-31.793833
-102498304,-63.432713
-69074944,-2.014397
-79626240,-12.524420
119275520,-41.112621
40239104,31.602627
33751040,44.663635
34013184,34.725319
41680896,23.195652
40239104,31.322311
33751040,44.880638
5570560,69.872345
-12582912,13.171284
-8126464,40.923122
-5898240,59.139423
-6160384,53.691353
-8126464,32.602436
-5898240,58.488262
-6160384,54.466393
-8388608,9.380531
-5767168,34.366146
-6029312,34.611832
-5505024,35.216721
-4718592,38.736134
-6029312,33.569794
-5505024,36.300961
-72876032,18.973045
-83623936,10.317487
-82575360,-3.657713
-105906176,-27.650856
-72876032,18.640968
-83623936,10.669182
-32243712,-14.068359
3145728,3.759398
5898240,53.988560
8126464,35.053963
8126464,34.248844
5898240,53.804512
7340032,27.046043
1703936,43.451847
5505024,25.633511
1769472,84.533020
1769472,84.533020
1769472,84.410751
1769472,84.533020
589824,87.713150
-1048576,89.306602
-51249152,-33.262772
-52166656,-38.970558
-52166656,-40.693329
-51249152,-33.795822
-51380224,-70.225899
-1966080,78.250710
-16777216,33.807369
-95420416,4.007499
-83886080,13.544319
-83886080,12.472554
-95420416,3.623529
-117440512,-50.529434
-11534336,50.636005
0,100.000000
-1507328,92.068245
-917504,95.053741
-917504,94.992424
-1507328,92.036514
-1572864,89.454666
-983040,77.993324
-262144,89.180054
12582912,4.299066
1048576,9.928532
4194304,36.857117
5767168,7.959757
1310720,12.999150
5242880,4.299066
2097152,36.199375
2097152,38.220211
5242880,11.214675
5767168,7.330317
5242880,9.590552
1048576,7.330317
2097152,38.220211
8126464,66.783867
41156608,3.296571
40501248,9.702753
41156608,1.527606
3407872,58.211952
8126464,66.783867
-1572864,90.947662
-55050240,-82.130791
-55312384,-73.640221
-55050240,-85.462448
-524288,90.947662
-1572864,90.947662
-3932160,72.842995
1048576,70.616928
4194304,79.401558
5767168,69.974678
1835008,60.266079
5242880,68.780487
6291456,37.560974
-103284736,-126.762596
-103809024,-89.928055
-71303168,2.158273
-18612224,41.623844
5767168,33.143402
2097152,81.766380
2490368,50.508751
6029312,55.115108
3538944,26.232656
3932160,31.696903
5242880,31.696903
-22282240,19.586105
-22544384,32.200050
-102760448,-131.781235
-104857600,-9.570279
-61865984,51.515152
-24641536,55.858833
-108003328,-35.428864
1507328,82.865791
5767168,51.766365
5373952,63.856750
5373952,51.809002
8126464,62.734787
5373952,64.594360
1638400,89.588074
1507328,82.758919
5767168,51.465534
5373952,63.631325
5373952,51.508434
6291456,60.083164
5373952,64.080322
1638400,89.564224
28246016,11.205537
79495168,-6.820778
79495168,-6.820778
142344192,-38.564594
68812800,3.759398
79495168,-7.241332
79233024,-25.112782
-1572864,89.588158
-917504,95.115837
-393216,97.209045
-917504,95.215515
-1507328,92.418282
-1245184,92.668930
-1835008,89.626549
655360,97.053406
655360,96.071205
655360,97.089783
1376256,94.176140
1507328,93.078644
917504,95.351852
-69074944,-0.775356
-69074944,-2.434210
-101974016,-122.708260
-79626240,-12.524420
54001664,29.722816
40239104,32.156452
40239104,31.039688
41156608,-3.875428
33751040,44.880638
33751040,44.880638
-8126464,21.122631
-6160384,54.466393
-3145728,13.171284
-5898240,58.488262
-8126464,41.405384
-8126464,40.679005
-5767168,12.367986
-5505024,36.300961
-2097152,9.380531
-6029312,33.569794
-5767168,34.901932
-5767168,34.094933
-72876032,-9.074747
-116654080,-32.957523
-105906176,-74.842987
-83623936,10.669182
-83623936,10.669182
-83623936,9.963010
14155776,3.759398
3670016,25.146198
5898240,54.710304
14680064,25.146198
1572864,9.420610
7340032,25.917889
1310720,8.701854
1966080,18.846092
2031616,71.339317
2883584,33.048027
5505024,26.524126
6160384,21.981585
-1572864,89.306602
-51249152,-31.172377
-1572864,89.306602
-50855936,-98.756371
-51118080,-89.564827
-16777216,55.871582
-95420416,5.513264
-16777216,55.871582
-117440512,-77.570656
-83886080,-20.350239
-117440512,-80.818893
-1507328,92.192665
-4980736,31.473654
-1310720,89.633583
-393216,97.049103
-1310720,89.443954
2621440,4.299066
5242880,31.642189
5242880,4.299066
4194304,36.199375
2621440,7.330317
5242880,33.807369
5242880,33.807369
2621440,7.330317
7733248,62.069313
41680896,26.985723
41680896,26.985723
7733248,62.069313
-46137344,0.424328
-524288,90.947662
-3932160,72.842995
-1572864,90.947662
5242880,77.700348
4194304,79.186996
-102760448,-182.014389
-18087936,20.575541
-104333312,-63.617676
-67371008,40.834530
2228224,38.005699
6029312,40.089539
7995392,55.509972
3538944,26.232656
3670016,4.375667
6160384,28.661213
-103284736,-86.371025
-84148224,39.263859
-24117248,39.517204
-30932992,84.484848
1900544,85.862816
6029312,56.937027
5373952,64.449265
1638400,89.628914
983040,79.392509
5373952,52.338570
1769472,88.049385
1769472,87.770157
5636096,57.022243
1638400,89.397919
1769472,87.974838
7864320,60.083164
5373952,64.662018
5373952,64.080322
69074944,-11.120996
79495168,-8.523101
113180672,-62.266754
68812800,4.538675
68812800,2.967295
-917504,95.195900
-1507328,92.448013
-4259840,29.320066
-393216,97.239723
-1376256,92.643097
655360,97.101715
1376256,94.176140
4390912,38.465954
655360,96.114388
1507328,93.194481
-79626240,-12.524420
-79626240,-13.413940
-79626240,-12.524420
-28114944,5.314342
-2359296,97.047974
-17563648,34.071342
-79626240,-12.524420
40239104,30.754726
33751040,43.778252
39321600,16.876820
1769472,87.510391
3407872,55.650318
4063232,68.664619
34537472,8.968719
-5898240,58.322216
-7340032,34.180599
-1703936,48.981998
-1572864,13.171284
-1835008,39.970268
-4849664,45.777847
-6029312,34.611832
-262144,93.224709
-9437184,9.380531
-2097152,39.587021
-6029312,34.611832
-83623936,10.669182
-31719424,19.248165
-59768832,43.468155
-23068672,34.542076
-83623936,10.669182
8126464,9.592162
7864320,6.106730
1572864,3.759398
3670016,25.146198
3932160,3.759398
7864320,31.256714
6160384,24.965897
1114112,43.561146
5505024,23.309557
2883584,33.048027
2097152,81.740372
1310720,8.701854
-1703936,74.724693
-50855936,-107.451965
-1572864,89.306602
-37748736,3.759398
-524288,89.306602
0,100.000000
-16777216,55.871582
-18874368,40.426632
-117440512,-32.385262
-262144,89.180054
-4980736,31.473654
-4849664,19.932375
-1835008,89.180054
8388608,4.299066
2621440,31.642189
5242880,4.299066
5242880,4.299066
2621440,33.807369
5242880,7.330317
5242880,7.330317
7471104,73.825066
41156608,-0.934204
41156608,-0.934204
-54525952,-135.360687
-3932160,72.842995
6815744,42.020905
5242880,68.780487
5242880,68.780487
-69468160,-69.464424
-71303168,2.158273
-18612224,41.623844
5898240,8.831908
2097152,81.766380
2490368,50.508751
5373952,49.083145
1835008,4.375667
-69468160,-39.278969
-88080384,0.665188
-22806528,41.210011
-72876032,16.925808
-3145728,80.277344
3670016,7.438017
1638400,89.463631
5373952,64.594360
5373952,64.155457
1638400,89.421486
5767168,52.745731
1114112,69.519539
6029312,40.648903
1638400,89.564224
1638400,89.564224
1638400,89.481728
1638400,89.564224
720896,89.057068
18350080,1.754386
79495168,-8.523101
68812800,3.759398
68812800,2.566333
79495168,-8.957193
102236160,-77.825272
10813440,37.198933
-4718592,5.805397
-1507328,92.327667
-917504,95.215515
-917504,95.156197
-1507328,92.296974
-1572864,89.799568
-983040,78.713081
-262144,89.533928
1376256,94.083336
655360,97.113541
655360,97.077759
1376256,94.059669
1572864,91.384583
851968,84.418015
786432,73.480667
-70254592,34.071342
-262144,97.221619
-102236160,-89.903755
-68550656,-34.986790
-10813440,11.439114
-101974016,-129.667908
-17563648,34.071342
8126464,64.747688
41156608,-2.631411
40763392,3.547199
41156608,-4.508815
3407872,55.650318
8126464,64.747688
-3670016,32.466553
-7864320,16.810810
-8126464,18.433628
-7864320,15.289057
-1572864,13.171284
-3670016,32.466553
-2097152,39.587021
-5242880,13.178952
-5767168,9.380531
-5242880,11.590762
-1048576,9.380531
-2097152,39.587021
-2621440,9.380531
-1048576,91.598984
-104857600,-47.234325
-72876032,-8.478710
-12320768,23.722582
-105906176,-80.306831
-23068672,34.542076
7864320,3.759398
7340032,25.146198
12582912,3.759398
3932160,31.256714
5767168,33.048027
2097152,81.740372
2490368,50.438148
-51904512,-51.235229
-3407872,72.197159
-1572864,89.306602
-50331648,-156.641602
-18874368,40.426632
-16777216,55.871582
-117440512,-131.674210
-1572864,89.180054
-16777216,13.440407
-5111808,39.717426
-1310720,89.180054
2097152,4.299066
4718592,4.299066
5767168,4.299066
2097152,7.330317
4718592,7.330317
5767168,7.330317
5767168,64.640884
40763392,-11.077627
40501248,9.702753
-1048576,90.947662
-55312384,-112.226936
-55312384,-73.640221
63438848,-51.102440
4718592,68.780487
8126464,54.453629
3932160,33.884300
1638400,89.628914
7340032,69.146004
1835008,12.882839
5767168,52.014996
1835008,6.860707
1179648,64.518364
1900544,80.462646
3932160,33.471931
6029312,41.359692
5373952,50.406349
18612224,33.567253
79495168,-6.820778
18612224,33.567253
68288512,-32.950558
-4980736,33.714909
-1507328,92.448013
-4980736,33.714909
-1310720,89.972633
-393216,97.145615
-1310720,89.789207
1376256,94.176140
6029312,32.228359
1835008,88.143051
655360,95.981918
1835008,87.926155
-17432576,21.476015
-102498304,-64.891937
-101974016,-129.667908
-102236160,-91.881920
7471104,61.108746
41680896,22.509899
41680896,22.509899
7471104,61.108746
-3932160,13.171284
-7864320,37.979488
-7864320,37.979488
-3932160,13.171284
-8388608,9.380531
-1048576,9.380531
-2621440,9.380531
-2097152,39.587021
-105906176,-28.790596
-104857600,-48.768013
-125829120,-33.891212
6291456,3.759398
3932160,3.759398
7864320,31.256714
15466496,24.290728
2228224,37.917263
6029312,40.004074
7995392,55.446507
-3407872,72.197159
-1048576,89.306602
-50593792,-129.314026
-117440512,-85.339371
-33554432,78.818359
-4849664,19.932375
-19005440,37.244293
8388608,4.299066
2621440,31.642189
2621440,33.807369
7471104,73.825066
-3932160,80.602142
5373952,50.713749
6029312,40.657127
1835008,7.438017
3932160,33.884300
3538944,28.595043
6029312,56.552540
5373952,52.303375
1769472,34.681534
6029312,38.794178
3932160,33.471931
6291456,60.083164
1835008,6.860707
11468800,10.685805
18612224,33.567253
73400320,1.754386
786432,91.578949
-262144,89.533928
-4980736,33.714909
-4849664,22.551104
-1835008,89.533928
786432,73.480667
6029312,32.228359
6160384,16.906076
1835008,91.160217
-69206016,2.583026
-17694720,43.068001
-101974016,-129.667908
-101974016,-129.667908
7733248,71.245811
41156608,-7.121535
41156608,-7.121535
-3932160,37.979488
-7864320,13.171284
-7864320,13.171284
-4194304,9.380531
-2621440,9.380531
-23592960,42.618050
-105906176,-80.306831
-105906176,-80.306831
7077888,3.759398
12582912,3.759398
3932160,31.256714
5898240,8.701854
2097152,81.740372
2490368,50.438148
-51118080,-89.564827
-524288,89.306602
-83886080,-47.094734
-35651584,64.835167
-18874368,57.447594
-393216,97.049103
-262144,89.180054
6029312,39.173553
5767168,51.515152
6291456,60.330574
3276800,52.774502
5767168,51.212753
6291456,60.083164
3276800,52.479954
102498304,-56.791981
18743296,19.719297
18612224,33.567253
-4849664,22.551104
-4980736,33.714909
-1048576,89.533928
1572864,91.160217
20971520,11.602210
5898240,43.172848
1835008,87.624313
-17301504,2.583026
-68288512,-70.889709
-68550656,-40.355583
5767168,62.473343
40501248,-17.128641
40763392,3.547199
-3145728,13.171284
-7077888,13.171284
-8126464,18.433628
-2097152,9.380531
-4718592,9.380531
-5767168,9.380531
-130547712,11.096234
-71827456,-35.874786
-125829120,-33.891212
5242880,33.884300
3538944,28.595043
6029312,56.552540
8257536,66.677681
6160384,30.945822
6291456,60.330574
3276800,52.774502
3538944,28.149689
6029312,56.281555
8257536,66.469856
6160384,30.515131
6291456,60.083164
3276800,52.479954
18743296,19.719297
18350080,1.754386
68550656,-63.118912
68288512,-32.950558
786432,91.578949
-4849664,22.551104
-4718592,5.805397
-131072,98.837105
-393216,97.145615
-262144,89.533928
6160384,16.906076
19267584,48.022099
393216,97.053406
20971520,11.602210
5898240,43.172848
-262144,97.047974
3407872,55.650318
-1572864,13.171284
-20971520,10.863510
-5898240,42.697968
-4194304,47.755100
4194304,48.581470
2490368,50.823982
376832,65.053268
27648,59.152557
2146304,-24.359402
4440064,-2.605448
-1048576,89.942177
1720320,-21.209730
5754880,-28.565964
-3932160,65.246902
0,100.000000
-163840,15.425197
1310720,12.980667
-1179648,84.401520
1572864,5.886858
-2244608,72.031425
-507904,61.028435
-851968,74.826317
-24576,97.674385
-12746752,-128.235825
2359296,71.373283
131072,86.554947
69632,85.672424
-1048576,75.354614
-278528,4.652883
2732032,68.703712
2621440,7.094901
-1130496,43.653816
3407872,59.929829
311296,65.000900
5500928,-29.671770
-5242880,8.329976
-475136,61.814014
360448,53.335773
425216,-79.698090
-1253376,9.619369
-3244032,33.555687
1310720,68.281746
5332992,5.064335
134144,1.708725
-2195456,17.234339
-1433600,23.220539
-335872,46.204361
61440,80.383957
-786432,81.926888
-69632,39.024132
1146880,5.864740
22496,-33.872887
-1740800,-33.555107
-311296,71.694801
110592,32.199566
-18944,71.022118
-262144,96.199249
1835008,80.876854
-5242880,15.474937
-167936,83.744423
675840,38.502754
30960,-36.501919
1757184,2.541585
-884736,12.123608
335872,40.620155
-516096,60.130154
-1835008,14.907612
139264,73.610153
-1249280,45.574509
-1572864,87.162643
6815744,12.434555
2281472,61.095707
-1048576,71.187904
2125824,36.135437
-131072,81.221428
7936,72.883209
-1835008,15.831691
-6811648,-88.126328
-1241088,20.950062
-3145728,69.972870
1638400,69.250565
-7421952,-71.965263
-2113536,11.660380
2281472,0.250306
1425408,29.582706
122880,17.572245
-1769472,38.020496
-1572864,85.473160
-1290240,9.180241
-7340032,-101.558533
1310720,64.582291
1769472,88.294884
-1572864,69.090286
-7356416,-88.624695
1277952,51.623035
-1179648,84.401520
1572864,5.886858
-2244608,72.031425
-507904,61.028435
-1306624,38.000938
-87040,25.462223
-822016,-117.045959
5500928,-31.910286
729088,-14.611609
200704,77.038261
-4046848,-77.580719
10240,9.292232
666624,-10.110619
1310720,17.556484
-851968,72.228882
245760,-24576,28.504103
461824,-56.974072
-524288,83.730492
-1114112,41.441551
-335872,65.311440
110592,85.191574
-262144,91.502045
-3145728,67.391953
6815744,9.556817
2547712,7.318855
393216,40.064384
7393280,-30.991810
-1228800,48.406296
-69632,44.457916
-851968,85.352325
2031616,70.388756
212992,74.392090
786432,92.820419
1146880,37.829384
-4976640,-14.334919
327680,11.079271
2621440,4.760452
1310720,63.920338
-6459392,-20.186989
1835008,81.309135
-1269760,54.931622
241664,83.235229
10813440,34.151054
724992,58.945507
675840,9.289188
17408,15.462315
1769472,25.807058
753664,40.341221
-180224,39.611313
2580480,19.203381
1048576,22.798006
17301504,42.635094
475136,57.812489
-86016,92.277527
-21626880,8.960612
10944512,29.600227
3538944,65.871643
262144,31.792482
-172032,78.590202
507904,40.534191
786432,19.116655
9502720,46.861641
-167936,82.827789
-3383296,-71.375198
-483328,71.690674
-3932160,-32.823139
3997696,53.998459
1384448,30.157963
-114688,69.556976
-851968,76.201202
-5242880,68.957832
446464,59.023083
-7634944,-91.125023
-524288,91.261658
-1441792,89.582283
2621440,67.663689
-1359872,79.166840
4161536,-11.269023
1441792,72.817200
786432,85.709343
385024,30.140057
1310720,67.324600
-118784,87.246796
-6537216,-93.615662
-524288,94.316795
-7684096,-12.644330
29952,-41.677307
2274,22.626743
2138112,28.441460
2240512,44.012508
1572864,17.536427
3301376,-24.602419
-140544,1.659716
3407872,-61.416119
-2338816,22.343260
-6389760,-43.924534
-2465792,6.723969
475136,69.885979
266240,32.210812
20480,68.432083
360448,51.364750
-3276800,65.739235
-2883584,67.836411
-204800,62.733280
0,100.000000
263680,-26.360380
-385024,33.494316
2596864,27.326702
-61440,80.435860
-154624,-6.271521
-499712,67.627098
3670016,2.064221
-32768,96.721535
-4595712,41.814117
-49152,87.477356
5408,30.497366
3932160,-105.856941
-290816,56.190403
5500928,-31.486835
-18944,24.492805
-3932160,6.802125
851968,84.011993
-1081344,45.231434
-6578176,14.207253
-3190784,-55.766380
576,82.100685
10485760,8.400702
-786432,95.363815
1486848,2.824965
1900544,86.667671
3047424,37.922859
-1310720,91.563530
-393216,89.962456
-1769472,80.220520
262144,90.445396
-200704,77.377411
10485760,34.972580
-56360960,-43.417599
65536,91.077019
2883584,67.628197
-163840,81.234161
1994752,-9.920527
-1835008,89.356262
-327680,15.970437
524288,92.856155
245760,10.321953
2072576,-29.871475
-9888,-10.001113
-2179072,22.065332
2269184,34.547684
-6029312,66.911591
-262144,89.562729
1241088,18.127989
1966080,21.563871
-524288,92.505501
196608,11.497637
2048,95.274139
-912,62.329613
129024,64.564552
114688,20.347258
86016,77.528488
-30800,-82.399620
1572864,70.199600
2465792,0.737327
136192,25.652489
0,100.000000
-233472,88.544937
188416,81.552078
-2211840,42.262272
1835008,19.162571
86016,76.841812
-139264,65.850006
6291456,11.901546
-786432,7.571995
22020096,7.085191
348160,69.150665
6799360,-45.092632
2342912,-3.005065
2457600,3.956480
344064,61.397552
-4718592,9.647889
-69632,86.516403
655360,97.169312
507904,12.629790
786432,95.507286
466944,63.500439
-6979584,-119.063141
-2134016,5.958544
376832,66.700836
1572864,14.645782
-19464192,4.566636
-516096,60.714317
917504,95.472519
1966080,9.509160
7053312,-59.796715
466944,63.930790
0,100.000000
-3571712,22.454964
3145728,62.698997
376832,5.244551
-19464192,4.744186
-1310720,31.758923
655360,96.278755
385024,61.378143
32768,95.579514
3661824,-67.922432
-163840,33.964241
2326528,43.797535
2031616,68.301567
-6795264,-51.685417
11010048,22.631262
-786432,83.160713
-102400,89.059456
-73984,26.917833
393216,92.278084
-376832,78.512360
-311296,8.211261
524288,94.611885
-3190784,-61.283077
-3629056,-42.116959
-1966080,75.946136
0,0,100.000000
-7024640,-56.461231
475136,70.299103
-524288,82.426231
-32768,95.862595
-12910592,-127.999855
262144,91.397881
0,100.000000
434176,-145.975342
-1310720,20.716091
-3497984,-118.756615
1335296,22.601721
-524288,95.443420
-16777216,40.711994
0,100.000000
-114688,91.476425
-122880,16.522306
1408,51.297127
-65536,9.478162
-4608,59.332806
31744,60.511028
1024,95.151291
-78848,42.970802
22016,48.710545
-3670016,69.159103
-3440640,-77.249786
-122880,15.671581
229376,12.816946
-262144,51.902390
-663552,-31.738171
-118784,85.560776
-1081344,46.198689
32768,87.565361
-271360,-66.472397
262144,91.499802
-1835008,81.077400
1048576,10.012323
-167936,84.091003
106496,85.124092
6656,90.274124
102400,91.001366
-1048576,43.010502
0,100.000000
49152,94.670380
1249280,43.921192
-1835008,82.644722
1048576,8.867026
-217088,80.956123
524288,91.986816
90112,93.343292
-3473408,-147.354614
2048,95.076805
0,100.000000
-9412608,-48.752533
1241088,18.548708
-2621440,71.003761
655360,16.794262
212992,74.612320
6610944,-53.698421
8192,99.119293
6316032,-55.094368
262144,38.028740
-6275072,21.084953
-7458816,-93.064720
32768,89.794540
-2433024,6.340166
21504,30.881973
32768,95.314941
-1638400,85.102249
71434240,8.298005
-51380224,-145.374420
0,100.000000
-1179648,91.761871
2236416,-17.056135
-6651904,-94.988274
50987008,-40.327217
4456448,7.916790
0,100.000000
-55443456,-25.443995
-655360,94.722664
-58327040,-122.858826
-1081344,41.793720
-65536,25.116262
-849408,-121.203461
1241088,19.513771
-6815744,-80.276352
40960,87.097626
-253952,71.320602
15360,75.144424
88064,26.396816
-262144,95.956512
-524288,80.612961
65536,93.567314
1777664,-36.204643
393216,89.446732
-1343488,33.254440
-2211840,12.773736
49152,94.575485
1306624,49.702110
-6381568,-59.260414
2832,11.803176
1835008,88.308441
-131072,96.274414
1769472,70.610016
393216,89.774673
-237568,84.689728
7634944,-89.309433
-262144,95.217857
5767168,8.450094
-3207168,-39.602142
-1769472,82.993698
-5439488,15.113896
5398528,22.540003
118784,85.174385
-98304,87.217972
696320,7.821876
218624,-112.042213
1703936,83.961060
0,100.000000
-655360,96.265190
-1114112,85.850029
393216,70.036278
7413760,-26.254410
180224,67.634857
-262144,69.530182
-32768,99.555870
34340864,-23.168530
-1310720,27.228796
28966912,2.558284
-1232896,19.273729
-98304,11.052399
3932160,76.441971
-61440,77.042755
-352256,71.926247
-73728,45.055779
72482816,7.124866
-1114112,41.804565
20447232,32.511185
-1220608,47.877159
303104,39.232140
393216,97.188087
491520,36.140690
-95944704,-33.310390
-7168,91.283302
-2228224,45.317509
-446464,58.541973
1081344,31.732773
-1638400,9.984600
-1179648,83.516190
32768,94.627815
-170496,75.329514
106496,49.392689
-28835840,55.510460
-3407872,-39.327133
-1769472,40.362179
-360448,51.431335
69632,69.621933
12189696,37.897507
-98304,90.062866
-114688,81.700256
7040,55.636776
23040,68.676071
53248,76.032227
210944,42.447582
-440064,-158.800278
-118784,80.957603
-102400,93.282013
8192,99.091431
12672,-67.176781
-163840,4.450315
30720,71.477386
-31744,15.811807
-16384,91.405296
-499712,55.347897
7073792,-71.864845
-1179648,64.053818
-3612672,-64.289650
8192,99.082176
98304,85.746597
-114688,91.115479
3735552,21.977694
245760,14.560163
-6400,85.425064
32256,65.860161
13225984,-39.370640
-3670016,13.155860
-3198976,-19.196301
9031680,1.641529
-49152,84.660759
32243712,4.362104
341504,8.999001
-11079680,1.859411
-2289664,5.300125
-3366912,-122.132553
2621440,70.007668
94208,92.650970
-786432,85.284538
163840,22.500566
-1114112,85.331245
23068672,35.071609
219648,3.937022
-12255232,47.283340
1105920,83.523170
786432,87.684486
-2584576,19.985931
10813440,41.089561
2220032,52.179382
0,100.000000
3670016,70.249062
1966080,22.296301
-262144,90.713135
-7458816,-88.893143
11599872,39.707001
-6029312,58.904968
-3473408,-124.013809
786432,93.143608
-253952,69.242096
1835008,88.585487
39321600,9.260080
-6799360,-57.092812
112787456,-54.057991
524288,89.014168
2621440,80.653809
-69632,38.284275
-180224,84.867233
-1048576,73.151932
-1048576,10.600929
1769472,78.988770
112787456,-52.438885
917504,95.130669
1703936,71.608559
6660096,-81.184509
-2621440,69.798401
245760,95.176353
-507904,29.989470
262144,90.511612
5402624,18.150841
1253376,45.179710
-421888,60.632290
-786432,88.540276
716800,3.677405
2490368,2.851454
0,100.000000
6029312,65.563324
-499712,67.098557
81920,89.751801
2252800,2.610260
634880,92.601547
-3670016,17.422997
-3190784,-55.392700
28114944,22.299826
-3350528,-91.304382
-2621440,69.779778
7340032,63.016544
901120,12.734936
-110592,86.132439
331776,67.568710
1179648,93.350937
-6750208,61.109249
-6627328,-26.875723
28246016,10.817841
-2031616,68.963326
-3489792,-59.545601
376832,39.310799
6356992,-80.955910
32768,97.015274
5242880,13.702051
-13312,97.070274
-4608,94.316795
-41877504,39.774242
1769472,71.912689
1835008,68.059601
3399680,-55.473785
1531904,8.366232
131072,86.048409
708608,9.836559
131072,96.361366
560384,-42.031895
-8192,96.525780
-1146880,46.736465
1769472,25.547203
-714240,2.474992
-1638400,64.022095
-139264,90.645500
-65536,86.317482
1081344,26.539330
-2031616,83.188004
-6406144,-57.497017
-3235840,-114.993408
-4718592,6.772398
-126976,82.691719
-283648,32.053688
-126976,88.000450
-368896,-11.406870
2605056,29.721632
1441792,89.486923
409600,-80.089073
-7471104,67.891869
-1310720,89.192200
-1048576,90.712723
7995392,53.916752
-3670016,27.406225
2097152,42.817005
37552128,12.957722
8126464,69.228676
119013376,-12.123504
770048,28.564987
-8704,64.699677
-32256,65.436913
8128,76.236694
3227648,-58.966110
-102400,85.940727
18432,7.978033
196608,80.902390
1638400,66.547455
2228224,75.804359
-126976,68.779495
-327680,12.027255
19968,73.101997
65536,89.734787
2252800,51.009048
94208,83.823868
-512,98.860298
524288,84.512733
1769472,71.968391
1572864,88.018440
-6811648,-85.130920
-24576,92.685455
5888,94.123634
-65536,92.579071
6471680,-53.736221
262144,94.772469
24576,90.330658
1286144,47.404999
1769472,74.290199
1572864,87.865952
-2240512,43.610973
-524288,82.926163
69632,96.486702
3145728,-188.660599
-202240,-112.492775
122880,87.882935
-3670016,61.392117
3489792,-56.202644
-385024,70.323647
-438528,-112.487770
7323648,-71.645447
-114688,88.713921
-385024,73.648979
-1081344,47.971161
-2097152,70.590080
554496,7.798522
-7438336,-98.391182
-81920,68.714195
-286720,69.918533
27536,-55.456440
3514368,-98.770508
524288,91.235840
-96768,37.492008
4259840,53.809895
-57802752,-61.180412
6356992,-61.692654
0,100.000000
1769472,83.790344
-1900544,89.100746
7340032,11.033884
-51052544,-51.912437
52166656,-42.958191
-128256,33.642384
983040,78.423080
-1638400,93.390869
6356992,-67.061356
0,-17825792,45.301910
-5111808,73.657700
-5767168,68.365021
-81920000,-6.860797
8888320,-32.830009
-524288,86.135445
1703936,47.490334
-851968,76.579865
1507328,82.416740
163840,23.769112
0,100.000000
-4849664,78.984886
466944,75.919525
-786432,94.558846
1765376,10.432470
-6643712,2.303583
-5242880,10.929957
-32768,95.684105
-32505856,43.064335
-24576,97.213867
-1966080,65.836159
-8257536,55.864788
253952,70.274857
-3235840,-110.111023
61440,79.921112
-3932160,72.032257
-21626880,5.920806
-1048576,45.709019
-32505856,34.954025
-851968,74.157417
-86016,-38666240,-25.682333
-6676480,-37.924423
655360,96.032593
-774144,36.925468
-77824,93.797958
-3538944,78.707405
163840,83.009468
-12582912,-133.839996
262144,95.911415
-118784,89.370743
-38666240,-25.448503
-262144,96.296043
393216,97.260841
-236800,57.951038
-49152,76.675812
1245184,64.646507
466944,47.165371
-983040,38.766281
-724992,7.543748
6610944,-58.222569
2031616,70.382187
-1835008,70.148666
-32768,87.157761
3244032,22.119595
765952,30.542213
-2228224,21.333941
118784,90.167412
-3145728,16.639425
441600,-82.443153
3522560,-47.903378
-94208,94.101807
-3145728,-78.315804
3235840,-113.164688
-3174400,-84.504501
-262144,89.918068
131072,96.800446
1310720,69.882027
2609152,37.053360
49152,86.770988
-524288,83.474541
2314240,38.518661
-2293760,21.940063
6799360,-89.629631
-2752512,77.697502
-4259840,29.972134
-1253376,10.492323
0,100.000000
-327680,5.306293
348160,70.336288
-112640,54.111958
786432,6.430277
-25600,-118.878242
-1572864,69.617294
-2367488,40.215492
-1835008,71.079300
-53248,76.599327
-1048576,9.878523
-8192,96.181015
3735552,67.598648
327680,67.632706
-786432,75.349274
983040,80.849899
-1835008,27.343105
-507904,91.361282
-8896512,10.588717
9728,87.823410
-11599872,17.253326
-6291456,8.719678
2609152,-19.054989
6438912,-147.987915
-786432,75.349274
983040,80.849899
-1835008,27.343105
-507904,91.361282
-8896512,10.588717
-761856,38.302811
393216,97.616943
140288,71.899857
-1114112,44.666023
-6799360,-46.313919
-139264,24.022346
-90368,31.481775
-1495040,17.418442
-1425408,33.686161
-7438336,-94.635651
-56320,84.864243
84480,24.207354
-41664,-10.626096
0,100.000000
-1310720,80.624046
2146304,-30.380880
-262144,95.886887
81920,17.519131
1310720,11.363695
6815744,8.660725
294912,5.031607
-402688,-41.044117
-2326528,-8.968825
2162688,3.728210
416768,-5.297891
6291456,7.844338
-3149824,-65.172371
786432,83.715378
-40960,95.945839
1966080,64.328041
-3194880,-85.570282
3145728,69.038742
-2097152,81.382477
-92672,19.473772
311296,69.886169
-266240,28.265814
-655360,87.050514
21626880,4.783038
5439488,-1.366489
-4259840,64.885506
-1703936,73.519325
2195456,14.306145
-2097152,81.601997
-49152,74.962303
3670016,-74.910591
-262144,90.522224
-118784,89.124420
21626880,4.960186
2097152,73.270035
-4653056,55.864178
-6660096,-125.578621
131072,69.536415
-2097152,86.083565
-61440,77.361412
376832,66.461670
69632,39.810524
-655360,97.020813
20971520,4.278448
3670016,55.990452
-7077888,34.126434
-2310144,48.970665
11,-56098816,4.256311
-2031616,86.581131
-67502080,-28.055948
-6459392,-20.078493
-524288,94.812622
-39845888,26.157103
-720896,87.328545
4194304,44.464783
20971520,14.360237
-6160384,20.983236
-58589184,-65.063614
-6799360,-16.467602
-112918528,-121.730255
1114112,84.541283
0,100.000000
7340032,-23.445868
-1900544,88.037148
-1703936,73.418945
131072,12.870182
-65536,90.084953
3072,77.181908
-19456,69.137054
75264,17.970181
71680,55.330379
-224,93.185272
2195456,-26.895874
-1638400,65.010109
-411648,-129.502960
3670016,56.309456
-6422528,-53.070404
69632, -17.346304
-7421952,-65.824921
-2228224,19.284092
4718592,67.492065
-7798784,67.095772
-3407872,71.493355
479232,91.321045
3407872,57.430290
-3997696,54.023235
-1163264,54.281189
110592,70.340652
1769472,87.653419
262144,95.730133
4718592,65.845322
-7798784,67.330383
-131072,98.872917
65536,90.537003
5472256,0.951918
-1048576,93.767822
-61440,75.846588
1048576,69.507111
-4718592,6.202053
-917504,95.225883
5636096,45.772816
5767168,63.418846
-5505024,70.476692
-524288,91.121140
-3145728,67.642296
-50331648,-133.874435
-360448,12.171968
294912,69.791565
-983040,78.398048
-1835008,91.061111
5373952,40.195171
3145728,70.536812
-4390912,69.140366
-393216,97.213890
458752,69.212288
-1048576,92.821709
-274432,42.096600
2211840,-8.858697
-4718592,3.852587
-1835008,91.236198
2359296,81.592766
1572864,87.425842
-4521984,47.238667
-1048576,90.512032
1904640,13.113414
-884736,4.060379
-1048576,68.356606
1114112,71.744354
786432,80.402237
-1064960,24.782675
-596992,12.385766
-102825984,-21.121857
1220608,26.853329
-1081344,28.883839
-103809024,-144.506348
-14155776,20.253534
-35389440,-15.021716
7471104,60.700207
344064,20.671219
1097728,35.764133
786432,94.086731
786432,77.625122
1310720,22.020592
-3530752,-78.450592
3538944,85.290779
94464,69.237083
4489216,-11.808881
1048576,20.729134
10027008,3.487425
-97280,54.346859
-1351680,4.410059
786432,77.292343
81920,19.637426
-2883584,3.447980
21495808,33.967762
339968,67.782753
901120,89.279839
-507904,55.461086
524288,83.249496
4718592,5.034053
308480,12.417877
3522560,-83.139305
-4718592,10.958336
0,100.000000
-6356992,-53.721035
-1703936,41.475384
-2473984,22.833073
-233472,88.186783
393216,91.620155
983040,79.332550
-44800,25.692486
198400,-84.590759
-983040,78.591141
-10813440,9.047722
1146880,36.828770
1691648,81.202461
-1310720,70.187126
23592960,9.056931
475136,94.148407
7041024,-35.198803
23789568,4.411780
11862016,50.103409
4063232,65.265488
-4300800,-18.903395
4472832,8.495114
1368064,43.155270
-3506176,-11.403017
12124160,21.179972
-8949760,-26.935715
4366336,19.496143
507904,41.870190
3375104,43.890633
11796480,3.646201
-701440,0.904719
1769472,30.696886
-3538944,68.215958
-94208,81.806107
-2617344,33.634125
-1376256,85.353470
-6668288,-52.877514
303104,74.621544
4718592,66.628113
-7225344,-91.192184
-278528,30.968744
3538944,29.294201
-4063232,68.810104
22282240,2.956785
3522560,9.775114
-50659328,-101.990936
1048576,81.303436
-9600,15.626648
-294912,18.096836
0,100.000000
-2048,94.981255
453632,-100.821648
145408,47.503296
-224,93.164482
126976,88.822784
-1114112,84.928139
393216,-150.575760
-233472,63.250057
-2359296,65.528656
65536,89.889229
120832,85.579269
983040,78.056595
2236416,-15.974544
262144,94.732971
1114112,90.749435
-6475776,-25.001467
-4739072,9.375679
-3997696,-78.823662
-3276800,3.780085
18874368,9.978022
2048000,36.628056
3538944,26.655106
