23.343750
-335.750000
774.500000
638.500000
97.125000
-469.500000
-141.375000
-852.000000
149.250000
-261.750000
814.500000
-414.250000
-0.805176
252.375000
-128.875000
86.687500
-62.375000
-352.250000
120.187500
-184.625000
-144.250000
148.250000
-251.500000
88.625000
229.125000
-240.625000
-293.500000
-251.375000
232.625000
84.687500
141.625000
-105.875000
-164.750000
93.687500
269.000000
-244.125000
-38.187500
-425.000000
51.125000
37.406250
-126.625000
153.000000
84.937500
806.000000
-290.500000
-151.000000
-374.500000
-317.750000
317.750000
-341.500000
-43.625000
-48.562500
-365.000000
176.500000
125.062500
-415.750000
-386.000000
251.000000
149.375000
83.750000
1054.000000
-357.500000
-99.375000
355.250000
-318.000000
-77.687500
-98.250000
-709.500000
311.250000
-96.187500
-112.312500
230.250000
-261.000000
792.000000
70.625000
-381.750000
-479.250000
-566.000000
391.250000
-153.375000
934.000000
-287.750000
101.000000
142.875000
-174.250000
14.937500
-134.250000
-405.000000
38.843750
-59.968750
-202.625000
132.750000
-196.500000
679.500000
-31.609375
-145.875000
-431.250000
-460.750000
358.750000
-54.656250
-117.000000
88.500000
-311.000000
611.000000
-240.125000
54.156250
-548.500000
-420.250000
531.000000
17.046875
51.437500
2.966797
-11.109375
461.000000
-257.250000
-148.625000
-461.000000
49.312500
303.250000
-96.625000
-392.500000
140.250000
-446.750000
254.000000
409.750000
-462.750000
-478.000000
34.281250
293.000000
13.664062
1215.000000
-416.750000
23.390625
99.312500
-278.750000
-53.187500
-123.937500
-342.250000
148.250000
-39.031250
-15.593750
-44.843750
-390.250000
-268.250000
715.500000
-351.500000
133.875000
-299.000000
188.500000
37.375000
309.500000
-173.125000
-316.750000
730.000000
-419.750000
126.187500
-817.500000
-456.000000
711.000000
-123.937500
44.687500
-68.812500
-9.554688
673.000000
-380.000000
41.625000
-497.750000
-219.125000
350.500000
-20.078125
-110.562500
247.375000
-80.187500
60.812500
127.625000
-178.250000
-109.125000
-124.875000
119.312500
-145.125000
-456.750000
343.500000
-535.500000
352.750000
397.750000
-403.250000
-1075.000000
-368.250000
470.500000
459.250000
798.500000
-305.750000
-100.437500
131.250000
-188.500000
-49.625000
23.906250
-307.750000
220.750000
-87.437500
-79.312500
161.000000
-479.750000
37.625000
308.250000
-231.750000
-552.000000
-355.250000
211.375000
414.750000
-88.375000
354.500000
-207.625000
181.250000
125.312500
-255.000000
-226.250000
-155.625000
94.250000
-143.625000
61.500000
137.000000
-284.500000
97.000000
20.359375
-385.250000
-33.781250
-233.125000
303.000000
-187.250000
170.375000
-13.164062
-265.000000
-95.125000
-240.000000
245.250000
-10.078125
-224.500000
388.500000
-176.875000
-73.125000
5.144531
-345.500000
649.000000
-252.000000
-189.250000
-1087.000000
214.000000
380.250000
227.125000
-332.000000
203.500000
-301.500000
79.687500
481.500000
-322.750000
-271.250000
-344.000000
173.125000
73.125000
-235.750000
-95.812500
691.500000
431.250000
254.125000
-500.500000
177.250000
-1121.000000
211.750000
-423.000000
65.812500
-244.500000
-607.500000
169.375000
38.968750
-199.125000
-1220.000000
384.500000
188.250000
573.500000
-242.000000
237.125000
-452.750000
200.750000
185.125000
-259.500000
-600.500000
-53.093750
271.000000
154.625000
-15.656250
104.187500
-190.750000
807.500000
-346.250000
-362.250000
-992.000000
234.500000
335.250000
39.687500
52.593750
-83.062500
-96.687500
455.000000
-157.625000
-299.500000
-610.500000
172.625000
370.250000
-20.531250
44.187500
-4.625000
-194.750000
12.664062
79.750000
6.203125
13.875000
-325.000000
235.125000
-169.750000
-271.250000
42.406250
-264.750000
-41.218750
736.000000
-379.250000
-198.375000
-267.500000
85.937500
31.546875
23.453125
96.500000
342.750000
489.250000
-418.250000
-90.125000
-155.250000
-415.000000
469.500000
-489.250000
-179.250000
-31.343750
71.187500
162.625000
462.000000
-66.500000
1047.000000
-1192.000000
5.296875
-627.500000
-148.125000
372.500000
259.000000
958.500000
-300.250000
-431.750000
-709.000000
-217.625000
657.500000
-561.500000
12.203125
-176.250000
-62.656250
71.625000
-192.000000
184.500000
156.250000
-346.750000
468.000000
-110.250000
50.468750
23.640625
-406.000000
-84.687500
109.437500
16.328125
105.312500
-523.500000
371.500000
-175.125000
-423.750000
607.500000
-97.875000
340.750000
369.000000
-547.500000
-575.000000
-282.500000
289.750000
-182.625000
201.125000
-18.593750
-329.750000
288.750000
-9.679688
-122.875000
284.250000
-572.000000
250.500000
-316.750000
31.687500
29.968750
-34.687500
470.750000
-254.375000
-199.000000
-500.750000
120.437500
245.375000
-64.437500
-22.734375
-19.687500
-209.500000
478.250000
-194.625000
-287.000000
-772.500000
318.250000
233.375000
186.625000
-216.375000
-73.500000
-220.625000
-81.937500
835.000000
-265.250000
310.250000
-742.000000
179.125000
-169.125000
-83.875000
167.750000
-297.000000
42.281250
465.500000
-411.500000
-434.250000
-438.500000
160.250000
358.000000
-321.500000
281.750000
-49.687500
470.250000
8.687500
-378.750000
97.500000
-484.500000
487.750000
-510.000000
-147.500000
-0.421631
-166.375000
519.500000
-167.750000
-378.250000
-855.500000
432.750000
263.000000
195.500000
-108.000000
327.750000
-259.500000
303.000000
48.375000
-302.000000
-452.000000
-205.125000
359.500000
-119.375000
139.250000
88.187500
19.562500
453.500000
-443.500000
-98.437500
-144.875000
-527.500000
691.500000
-421.250000
-261.750000
411.250000
-149.625000
45.750000
483.250000
-407.750000
150.875000
-548.500000
148.625000
-408.250000
-63.812500
174.625000
-302.000000
100.812500
129.625000
-125.000000
-295.250000
-145.875000
142.250000
-25.390625
-268.750000
127.250000
50.375000
240.250000
677.500000
-548.500000
631.000000
-899.500000
-63.812500
-601.500000
-72.812500
110.750000
-424.250000
340.500000
221.375000
-377.750000
-267.500000
-700.500000
722.500000
-145.375000
-21.406250
276.250000
-349.500000
124.437500
80.062500
-217.500000
-165.125000
-270.750000
321.000000
-226.875000
31.031250
-35.906250
-305.000000
888.000000
-309.750000
-38.156250
-922.500000
-546.500000
675.500000
134.750000
-12.609375
78.500000
-519.500000
273.750000
88.437500
-195.125000
-252.000000
-690.500000
876.500000
-137.625000
-370.000000
-89.562500
925.500000
126.625000
257.500000
-147.125000
456.750000
-982.500000
81.875000
-673.500000
-46.000000
256.500000
-212.375000
30.156250
143.000000
-195.125000
-68.000000
-266.250000
114.250000
-123.000000
-4.339844
-146.250000
98.687500
644.000000
-273.250000
-94.687500
-187.750000
-303.250000
388.250000
-246.750000
-103.062500
48.531250
233.250000
-41.437500
386.250000
-200.125000
70.562500
-354.250000
-102.125000
-226.000000
440.750000
-208.250000
-189.250000
92.875000
-118.375000
-42.843750
-207.375000
-148.375000
134.625000
-1.643555
-199.750000
99.250000
-195.250000
131.375000
294.750000
-315.750000
-211.125000
-55.093750
105.062500
-20.640625
-33.718750
316.750000
-246.750000
158.875000
104.437500
-335.500000
-185.250000
-239.500000
111.437500
-103.812500
-55.718750
24.953125
-460.500000
306.500000
-58.031250
-93.125000
-738.500000
102.062500
175.625000
261.250000
438.000000
-193.625000
-122.437500
358.250000
-184.750000
-19.078125
-100.125000
-393.000000
256.750000
-51.281250
901.500000
-430.750000
-248.750000
111.000000
75.375000
-222.000000
-29.406250
-559.500000
198.625000
74.875000
715.000000
-305.750000
-114.750000
363.500000
-211.750000
101.625000
225.375000
-773.000000
380.500000
-274.750000
-110.812500
332.250000
-83.000000
224.875000
58.812500
-290.750000
-334.250000
-39.531250
157.125000
-170.000000
-138.125000
150.250000
-372.750000
121.500000
278.250000
-367.000000
-203.625000
-200.125000
185.000000
-33.750000
639.500000
-250.125000
-80.625000
283.500000
-169.125000
40.718750
-72.625000
-482.000000
212.500000
-20.921875
-95.687500
472.750000
-407.250000
282.750000
143.250000
-335.750000
-152.375000
-342.500000
102.312500
-244.500000
-141.625000
-9.960938
-151.125000
44.625000
155.375000
-53.125000
648.000000
-669.500000
275.750000
-299.500000
24.625000
-64.000000
-128.375000
206.625000
-454.500000
358.500000
-105.125000
-257.250000
606.000000
-215.000000
-3.769531
104.875000
-416.250000
205.625000
96.312500
-365.500000
-199.500000
-591.000000
707.000000
-105.312500
-174.875000
289.500000
-295.500000
274.750000
251.375000
-474.750000
-130.375000
-623.500000
523.500000
-236.375000
-248.250000
172.500000
417.250000
721.500000
-274.500000
-203.000000
-410.000000
-311.500000
473.750000
-482.750000
180.625000
94.062500
-590.500000
161.250000
639.500000
-658.000000
-319.750000
-1073.000000
756.500000
-140.875000
-72.000000
-10.445312
-407.000000
515.500000
32.406250
-344.250000
-425.250000
-392.000000
511.750000
171.125000
-419.250000
224.875000
-491.750000
451.500000
330.750000
-459.750000
-1057.000000
-156.375000
358.750000
427.250000
-551.000000
128.500000
836.000000
302.000000
269.750000
-234.375000
295.000000
-755.500000
-11.828125
-669.000000
-65.312500
108.750000
12.132812
780.000000
-85.687500
-356.000000
-234.250000
-559.500000
458.750000
-371.500000
-52.812500
93.875000
-203.000000
440.750000
-158.250000
87.500000
-398.000000
-237.625000
381.500000
-132.000000
-303.000000
454.000000
-159.500000
375.750000
549.500000
-565.000000
-393.000000
-445.250000
18.718750
-148.625000
-171.500000
318.250000
-144.750000
135.750000
246.000000
-293.750000
-199.125000
-118.312500
29.843750
-122.937500
443.250000
-113.437500
-387.000000
339.500000
-249.125000
25.015625
-272.500000
-463.750000
420.500000
-124.562500
-394.500000
317.500000
-240.125000
94.625000
653.500000
-495.250000
-555.500000
-578.500000
151.250000
268.500000
-103.125000
141.625000
331.500000
469.000000
-304.000000
-227.750000
-170.250000
-272.500000
362.750000
-378.750000
-237.500000
36.062500
-40.062500
-84.937500
842.500000
-449.250000
13.054688
-437.250000
45.718750
-49.906250
-32.281250
135.125000
-210.500000
924.000000
-399.000000
-141.750000
-945.500000
-150.125000
628.500000
-101.875000
-333.250000
24.765625
168.750000
75.687500
364.000000
-175.000000
820.500000
-563.500000
-71.437500
-517.000000
128.750000
-101.000000
-446.250000
308.750000
-162.625000
-88.312500
-757.000000
128.625000
166.375000
250.750000
-32.281250
53.562500
382.000000
383.500000
-326.500000
-232.375000
-286.000000
-174.500000
380.750000
-223.500000
923.000000
-297.000000
-31.484375
-243.000000
-170.125000
9.195312
164.750000
-135.500000
93.062500
-4.027344
-275.500000
171.750000
-15.632812
199.750000
337.250000
-180.125000
609.000000
-777.000000
49.875000
-569.500000
-171.250000
0.841797
-78.750000
154.000000
234.000000
47.406250
890.000000
-948.500000
151.250000
-577.500000
136.500000
183.750000
-563.500000
-211.000000
160.375000
-301.500000
-61.468750
-527.000000
469.750000
-96.625000
-244.625000
197.375000
-275.750000
24.078125
709.500000
-297.750000
-70.250000
-670.500000
90.187500
47.312500
-132.000000
312.750000
-569.500000
783.500000
29.828125
-313.750000
-921.500000
-525.000000
554.000000
125.187500
49.000000
112.125000
-716.500000
8.195312
149.875000
-142.875000
-400.750000
-316.000000
430.500000
109.000000
-114.437500
-35.937500
-237.000000
323.750000
-75.000000
-277.250000
-630.500000
335.750000
211.500000
131.750000
-206.875000
72.250000
-151.750000
75.000000
328.250000
-306.000000
-87.937500
-82.937500
76.000000
-90.375000
