-258.250000
-578.000000
2098.000000
870.500000
-379.250000
-666.500000
-478.500000
-586.000000
95.000000
-446.000000
1295.000000
-439.000000
375.250000
-115.375000
38.593750
301.500000
-50.906250
-257.750000
-222.625000
-341.500000
-453.750000
7.640625
-305.250000
147.500000
435.250000
-341.750000
-607.500000
-300.750000
452.000000
507.500000
417.250000
-518.000000
-11.367188
155.625000
176.625000
-242.625000
-175.500000
-525.000000
152.375000
227.375000
-482.000000
51.906250
230.625000
1804.000000
-929.500000
109.000000
-678.000000
-405.250000
585.500000
-433.750000
-122.000000
-416.250000
-362.500000
279.000000
80.625000
-608.000000
-510.000000
667.500000
200.875000
444.750000
2230.000000
-457.000000
283.250000
-167.625000
-518.000000
-284.500000
99.937500
-590.000000
-60.406250
-242.875000
-655.500000
-170.000000
-121.687500
1807.000000
-378.000000
-110.812500
-1090.000000
-651.000000
768.500000
126.000000
1651.000000
-294.500000
464.500000
-229.375000
-269.250000
51.437500
-156.750000
-318.750000
-306.750000
-126.500000
-861.000000
-171.375000
-204.000000
1617.000000
-357.750000
226.750000
-762.000000
-557.500000
601.500000
126.375000
-704.000000
-375.750000
-753.000000
975.000000
-573.000000
1130.000000
-553.000000
-759.500000
737.500000
449.250000
-2.974609
-51.687500
320.250000
628.500000
-459.500000
-462.000000
-824.000000
434.750000
438.500000
-56.656250
-900.500000
-18.375000
-730.000000
250.125000
1063.000000
-486.750000
-813.000000
64.437500
453.500000
364.250000
2332.000000
-583.500000
258.250000
-516.000000
-457.250000
-44.093750
78.375000
-104.500000
-213.625000
-50.187500
-164.875000
-207.750000
-602.500000
-582.500000
1369.000000
-622.000000
212.500000
-190.875000
272.750000
272.500000
38.875000
-432.250000
-83.625000
1249.000000
-268.250000
460.750000
-1208.000000
-775.000000
828.000000
-134.625000
-227.250000
-248.000000
24.468750
1335.000000
-497.000000
461.250000
-716.000000
-381.750000
362.000000
23.859375
-247.250000
567.000000
-154.125000
0.945801
175.125000
-270.000000
-222.375000
-41.093750
173.125000
-246.250000
-871.000000
304.750000
-757.500000
390.000000
761.500000
-383.000000
-1788.000000
-413.500000
702.000000
1145.000000
1790.000000
-618.500000
25.750000
-403.500000
-395.750000
-158.125000
234.500000
-71.625000
47.750000
-42.531250
-45.218750
15.500000
-590.000000
-189.750000
411.500000
-137.000000
-1035.000000
-140.750000
226.500000
932.500000
-197.125000
789.000000
-234.750000
170.000000
74.000000
-410.000000
-416.500000
25.281250
134.000000
-292.500000
-122.812500
541.000000
-181.625000
4.667969
-22.640625
-886.500000
-330.750000
103.062500
498.750000
-278.250000
171.375000
-218.250000
-403.250000
-114.812500
-651.500000
894.500000
75.625000
-194.375000
511.250000
-270.750000
-36.781250
-140.875000
-216.625000
813.500000
-473.250000
-198.125000
-1578.000000
891.500000
243.125000
392.500000
-796.000000
250.250000
-387.000000
80.812500
1207.000000
-433.250000
-589.500000
-453.250000
189.250000
299.500000
-912.000000
-53.218750
2021.000000
737.500000
-21.734375
-891.500000
-158.500000
-1185.000000
383.750000
-843.000000
172.375000
-711.500000
-646.500000
-34.750000
-148.875000
-55.531250
-1802.000000
1300.000000
-6.765625
847.500000
-627.500000
338.750000
-644.000000
165.375000
559.000000
-407.250000
-1163.000000
140.625000
415.500000
465.250000
-110.312500
-75.500000
158.250000
1077.000000
-668.000000
-464.750000
-1632.000000
887.000000
421.750000
250.000000
-181.250000
-182.375000
281.750000
644.500000
-121.562500
-643.500000
-944.000000
682.500000
478.750000
-88.312500
-32.781250
-233.000000
-61.156250
77.625000
-161.250000
438.250000
-13.828125
-310.000000
500.750000
-388.000000
-599.000000
-75.562500
-330.750000
-363.750000
1657.000000
-495.500000
-304.250000
-223.750000
88.000000
100.750000
72.000000
107.687500
1393.000000
805.500000
-1063.000000
-592.000000
-614.500000
-227.750000
804.000000
-863.000000
-204.000000
-236.875000
16.640625
153.625000
352.500000
397.250000
2008.000000
-1737.000000
-208.250000
-665.000000
-193.750000
624.000000
1021.500000
1056.000000
-669.000000
-701.500000
-1193.000000
277.000000
924.000000
-882.000000
-81.187500
-485.500000
-49.812500
-81.000000
-440.000000
679.000000
279.750000
-297.000000
800.000000
-88.062500
-124.500000
-336.250000
-554.500000
130.875000
-247.625000
668.500000
338.250000
-619.000000
785.500000
-403.250000
-756.000000
1128.000000
-256.500000
289.750000
625.500000
-641.500000
-924.500000
-221.500000
426.500000
-242.250000
401.750000
-471.750000
-642.500000
394.500000
-346.500000
276.250000
1035.000000
-470.250000
460.000000
-623.000000
-91.937500
-56.125000
254.875000
665.000000
-505.250000
-376.750000
-862.500000
609.500000
351.250000
-45.937500
-11.882812
-135.875000
-83.062500
620.000000
-364.750000
-363.500000
-1237.000000
925.000000
89.062500
419.500000
-378.250000
-214.000000
-176.125000
-261.250000
1561.000000
-448.500000
346.000000
-820.000000
124.000000
-170.875000
-58.687500
-154.625000
-218.625000
24.718750
521.000000
-632.000000
-853.000000
-286.000000
260.000000
1024.000000
-707.000000
144.500000
-151.125000
480.750000
-602.000000
-61.375000
368.000000
-586.000000
1304.000000
-507.250000
-161.500000
-123.000000
8.960938
635.000000
-339.750000
-447.500000
-1451.000000
1109.000000
144.125000
508.250000
-335.750000
329.250000
-309.500000
497.000000
-77.500000
-365.750000
-733.000000
-203.375000
826.500000
-115.187500
-16.562500
-130.500000
1067.000000
953.500000
-1331.000000
-630.000000
-620.500000
-246.250000
1274.000000
-730.500000
-385.000000
514.500000
-211.375000
71.750000
459.250000
-257.750000
479.750000
-739.500000
124.000000
-678.500000
-302.500000
155.500000
-190.625000
243.250000
30.921875
-18.187500
-705.500000
256.000000
213.625000
-95.062500
-233.000000
42.531250
-27.562500
198.375000
795.500000
-352.000000
1531.000000
-1241.000000
-413.250000
-832.000000
-440.000000
-515.000000
-333.000000
620.500000
-267.000000
-281.250000
-219.625000
-915.500000
1627.000000
79.562500
-222.750000
495.500000
-381.500000
20.281250
111.375000
-348.000000
-459.000000
-172.500000
678.000000
-325.000000
-520.500000
-198.250000
-346.500000
1988.000000
-449.000000
-85.562500
-1611.000000
-1014.000000
1189.000000
400.000000
-227.500000
-281.000000
-342.000000
275.250000
-188.500000
-240.750000
-365.000000
-607.500000
1787.000000
33.031250
-686.000000
-161.500000
2368.000000
139.125000
205.625000
-172.875000
384.000000
-1171.000000
-2.464844
-1499.000000
-179.000000
736.000000
-150.750000
-159.250000
270.250000
-422.500000
-240.750000
-165.000000
144.625000
-274.750000
-100.250000
-305.750000
687.500000
923.000000
-584.000000
-271.000000
-406.000000
-150.875000
627.000000
-332.500000
-273.500000
34.093750
664.500000
-30.343750
425.500000
-135.250000
-83.375000
-303.000000
-114.562500
-487.000000
635.500000
-391.500000
-61.343750
175.125000
-204.375000
5.230469
-405.750000
-253.125000
90.687500
97.375000
-491.500000
29.359375
-278.000000
129.125000
742.000000
-531.000000
-376.000000
54.468750
138.125000
143.125000
-229.250000
862.500000
-132.500000
92.625000
215.125000
-790.500000
-523.000000
-72.000000
125.875000
-139.000000
-177.000000
-54.937500
-425.500000
431.250000
-170.750000
-94.625000
-1105.000000
689.500000
90.375000
291.000000
1201.000000
-529.000000
-15.203125
115.187500
-379.750000
85.062500
49.062500
-283.250000
157.875000
-84.562500
1468.000000
-720.000000
-60.468750
-105.125000
210.125000
-458.500000
-16.921875
-660.000000
214.500000
280.750000
1563.000000
-406.500000
202.875000
-73.812500
-419.750000
113.687500
479.000000
-780.500000
116.375000
-333.750000
-198.000000
602.500000
-40.031250
278.750000
-0.005936
-413.250000
-687.000000
165.250000
325.500000
-246.000000
-448.750000
-42.500000
-488.250000
232.500000
524.000000
-553.500000
-585.500000
-95.250000
316.250000
462.250000
1405.000000
-387.500000
56.343750
-26.453125
-331.000000
79.812500
34.656250
-404.750000
-79.937500
67.312500
-239.875000
1069.000000
-418.250000
228.125000
184.875000
-515.500000
-327.000000
-215.500000
62.468750
-466.500000
-182.250000
-291.000000
-430.250000
-67.437500
-269.250000
355.750000
1400.000000
-876.500000
531.000000
-226.000000
-293.750000
-210.375000
-304.000000
136.000000
-862.000000
1254.000000
-99.437500
-266.250000
881.500000
-112.875000
-430.250000
-145.625000
-91.750000
513.000000
1.855469
-686.000000
-553.500000
-703.000000
1513.000000
58.437500
-523.000000
31.984375
-172.125000
518.000000
-237.125000
-564.000000
-172.625000
-683.000000
1372.000000
-237.250000
-553.500000
262.750000
1425.000000
961.500000
-762.500000
-314.750000
-775.500000
-17.640625
778.500000
-855.500000
89.875000
-282.000000
-429.750000
265.750000
399.750000
-801.500000
-511.000000
-1229.000000
1527.000000
64.250000
-337.000000
-535.000000
-294.000000
616.000000
-223.250000
-183.000000
-810.000000
-519.000000
1237.000000
823.000000
-739.000000
26.203125
-733.000000
575.500000
523.500000
-418.750000
-1692.000000
-81.187500
490.250000
1200.000000
-1058.000000
259.500000
2254.000000
535.000000
-98.500000
-255.625000
64.375000
-533.500000
-197.875000
-1582.000000
-539.000000
-227.250000
466.000000
1665.000000
-556.500000
-484.250000
-330.250000
-712.500000
991.500000
-588.000000
-406.250000
-112.875000
-381.750000
789.500000
-523.000000
847.500000
-387.000000
-391.750000
479.500000
-76.375000
-511.750000
529.500000
-164.500000
495.500000
721.000000
-622.500000
-735.500000
-198.875000
-181.875000
14.601562
-334.000000
648.500000
-239.000000
163.625000
300.750000
-432.500000
-360.500000
-31.109375
62.750000
-200.500000
1056.000000
-350.250000
-286.500000
123.812500
-497.750000
237.500000
-387.250000
-348.750000
391.500000
-194.125000
-541.500000
267.750000
-15.562500
50.093750
786.500000
-527.000000
-1117.000000
-543.500000
93.250000
743.500000
-181.875000
157.125000
1218.000000
639.000000
-809.500000
-579.500000
-417.000000
-73.750000
587.500000
-658.500000
-408.000000
-200.375000
-80.687500
-302.000000
1452.000000
-675.500000
-67.375000
-321.250000
-21.796875
204.500000
-391.000000
196.625000
-148.750000
1827.000000
-830.000000
-176.625000
-1410.000000
63.843750
957.000000
-253.625000
-222.750000
-116.125000
158.375000
-298.500000
506.500000
-14.218750
1584.000000
-675.500000
-381.750000
-526.000000
248.375000
-395.750000
-357.000000
161.375000
-330.000000
-92.687500
-996.500000
871.000000
-27.046875
334.250000
-146.500000
74.875000
1188.000000
700.500000
-780.500000
-676.000000
-574.500000
-159.000000
521.000000
-368.250000
1668.000000
-376.250000
57.281250
-794.000000
-311.750000
61.406250
467.750000
-57.531250
-171.375000
44.125000
-448.250000
17.484375
-67.750000
244.125000
39.468750
165.000000
1388.000000
-1112.000000
205.125000
-930.000000
-278.250000
-220.750000
-251.125000
-2.218750
-185.875000
564.500000
1832.000000
-1359.000000
321.000000
-676.000000
-19.234375
594.500000
-632.000000
-551.000000
170.250000
-522.000000
-224.500000
-343.750000
747.500000
-298.500000
-327.250000
253.750000
-401.500000
-202.375000
1365.000000
-281.250000
-228.875000
-680.500000
-77.250000
150.250000
-805.000000
39.031250
-666.500000
1760.000000
-172.750000
-1.711914
-1675.000000
-519.500000
913.000000
495.750000
-146.125000
30.312500
-952.500000
-32.156250
428.000000
-123.062500
-859.500000
-231.625000
587.000000
550.500000
-107.375000
-292.250000
-176.750000
294.500000
-207.375000
-312.250000
-1009.000000
944.500000
67.812500
424.500000
-457.500000
-20.812500
-213.625000
17.500000
782.500000
-426.750000
-112.062500
7.996094
50.500000
-39.281250
