0 0 0 0 0 0 0 0 1 0
0 0 0 0 0 1 0 0 0 0 
1 0 0 0 0 0 0 0 0 0
0 0 0 0 0 0 0 0 0 1
0 0 0 1 0 0 0 0 0 0
0 0 0 0 0 0 0 1 0 0
0 0 0 0 0 0 0 0 0 1
0 0 0 1 0 0 0 0 0 0
0 0 0 0 0 1 0 0 0 0
0 0 0 0 0 0 0 0 1 0
0 0 0 0 0 0 0 1 0 0
0 0 1 0 0 0 0 0 0 0
0 0 0 0 0 0 0 0 1 0

0.0509644 0.00119495 0.000404596 0.00547028 0.000511646 0.000882149 0.000146508 0.000338793 0.939453 0.000792027 
0.00937653 0.00653458 0.00900269 0.244995 0.0250854 0.384033 0.0196686 0.0556641 0.0509338 0.194824 
0.571289 0.00123978 0.152588 0.12561 0.0202789 0.0414124 0.0133743 0.00605392 0.0650635 0.0031414 
0.0395203 0.0257721 0.0275726 0.0883179 0.00957489 0.108765 0.00393677 0.0331421 0.174194 0.489258 
0.126099 0.00626755 0.0357666 0.365479 0.0824585 0.232056 0.0588684 0.0358582 0.0301056 0.0270996 
1.07288e-06 0 2.6226e-06 8.88705e-05 0.000490665 0.00188065 1.19209e-07 0.997559 1.78814e-07 5.96046e-08 
0.00465012 0.00125599 0.000109494 0.00792694 0.00142479 0.00135899 1.18613e-05 0.00060463 0.442627 0.540039 
0.267578 0.00164223 0.0280304 0.400879 0.0408325 0.138794 0.0263062 0.0236206 0.0610046 0.0111313 
0.015625 0.000306606 0.0366211 0.0665894 0.000349522 0.847168 0.00377083 0.00266647 0.0257111 0.00122833 
0.286621 0.00483322 0.00428009 0.0628052 0.0501099 0.00413132 0.000194073 0.0592041 0.513672 0.0143509 
0.0501099 0.00194168 0.0244598 0.031189 0.126343 0.132935 0.0248718 0.600586 0.00532913 0.00234604 
0.264404 1.19209e-07 0.735352 1.78814e-07 2.02656e-06 0 1.74642e-05 0 5.26309e-05 0 
0.0119019 0.0158234 0.00181675 0.0439148 0.00137711 0.0106583 0.00521088 0.0111618 0.697754 0.200195 
