1.957031 0.050964
-1.795898 0.001195
-2.878906 0.000405
-0.274414 0.005470
-2.644531 0.000512
-2.099609 0.000882
-3.894531 0.000147
-3.056641 0.000339
4.871094 0.939453
-2.207031 0.000792

-1.551758 0.009377
-1.913086 0.006535
-1.592773 0.009003
1.710938 0.244995
-0.567871 0.025085
2.160156 0.384033
-0.811035 0.019669
0.229004 0.055664
0.140259 0.050934
1.481445 0.194824

3.009766 0.571289
-3.123047 0.001240
1.689453 0.152588
1.495117 0.125610
-0.328857 0.020279
0.385254 0.041412
-0.744629 0.013374
-1.537109 0.006054
0.837402 0.065063
-2.193359 0.003141

-0.525879 0.039520
-0.953125 0.025772
-0.885742 0.027573
0.278564 0.088318
-1.943359 0.009575
0.486328 0.108765
-2.832031 0.003937
-0.701660 0.033142
0.957520 0.174194
1.990234 0.489258

0.747070 0.126099
-2.253906 0.006268
-0.512207 0.035767
1.811523 0.365479
0.322998 0.082458
1.357422 0.232056
-0.014427 0.058868
-0.509766 0.035858
-0.685059 0.030106
-0.790039 0.027100

-2.089844 0.000001
-7.125000 0.000000
-1.189453 0.000003
2.330078 0.000089
4.039062 0.000491
5.382812 0.001881
-4.531250 0.000000
11.656250 0.997559
-3.980469 0.000000
-5.566406 0.000000

0.284180 0.004650
-1.024414 0.001256
-3.464844 0.000109
0.817383 0.007927
-0.898926 0.001425
-0.945801 0.001359
-5.687500 0.000012
-1.755859 0.000605
4.839844 0.442627
5.039062 0.540039

1.892578 0.267578
-3.201172 0.001642
-0.363525 0.028030
2.296875 0.400879
0.012115 0.040833
1.236328 0.138794
-0.427246 0.026306
-0.534668 0.023621
0.413818 0.061005
-1.287109 0.011131

0.651367 0.015625
-3.279297 0.000307
1.502930 0.036621
2.101562 0.066589
-3.148438 0.000350
4.644531 0.847168
-0.770020 0.003771
-1.116211 0.002666
1.149414 0.025711
-1.891602 0.001228

1.969727 0.286621
-2.113281 0.004833
-2.234375 0.004280
0.451660 0.062805
0.225830 0.050110
-2.269531 0.004131
-5.328125 0.000194
0.392822 0.059204
2.552734 0.513672
-1.024414 0.014351

0.643555 0.050110
-2.607422 0.001942
-0.073792 0.024460
0.169312 0.031189
1.568359 0.126343
1.619141 0.132935
-0.057159 0.024872
3.126953 0.600586
-1.597656 0.005329
-2.417969 0.002346

10.773438 0.264404
-3.685547 0.000000
11.796875 0.735352
-3.513672 0.000000
-0.994629 0.000002
-7.390625 0.000000
1.148438 0.000017
-5.308594 0.000000
2.251953 0.000053
-8.851562 0.000000

-1.075195 0.011902
-0.790527 0.015823
-2.955078 0.001817
0.230347 0.043915
-3.232422 0.001377
-1.185547 0.010658
-1.901367 0.005211
-1.139648 0.011162
2.996094 0.697754
1.747070 0.200195

