3.640625 0.000000
-393.500000 0.000000
1224.000000 1.000000
239.750000 0.000000
-573.500000 0.000000
-27.234375 0.000000
-208.125000 0.000000
-149.125000 0.000000
89.375000 0.000000
-324.500000 0.000000

587.000000 1.000000
-154.125000 0.000000
340.750000 0.000000
-216.750000 0.000000
91.062500 0.000000
139.000000 0.000000
-56.375000 0.000000
126.062500 0.000000
-250.250000 0.000000
-307.250000 0.000000

-411.250000 0.000000
-219.750000 0.000000
90.187500 0.000000
300.000000 0.000000
-258.500000 0.000000
139.250000 0.000000
-97.812500 0.000000
-295.250000 0.000000
518.500000 1.000000
131.125000 0.000000

96.437500 0.000000
-440.000000 0.000000
201.750000 0.000000
124.437500 0.000000
-120.750000 0.000000
156.875000 0.000000
-126.875000 0.000000
-264.250000 0.000000
304.500000 1.000000
159.500000 0.000000

-283.000000 0.000000
-201.250000 0.000000
50.156250 0.000000
859.500000 1.000000
-537.000000 0.000000
323.250000 0.000000
-159.875000 0.000000
-383.250000 0.000000
466.000000 0.000000
-90.875000 0.000000

-166.375000 0.000000
-325.000000 0.000000
98.437500 0.000000
71.375000 0.000000
124.437500 0.000000
-175.875000 0.000000
-150.750000 0.000000
162.250000 0.000000
204.750000 1.000000
64.062500 0.000000

1087.000000 1.000000
-316.000000 0.000000
110.750000 0.000000
-144.250000 0.000000
-357.250000 0.000000
-69.375000 0.000000
160.125000 0.000000
-397.750000 0.000000
113.562500 0.000000
-306.750000 0.000000

-316.250000 0.000000
-176.625000 0.000000
202.375000 0.000000
739.500000 1.000000
-206.625000 0.000000
370.500000 0.000000
-751.500000 0.000000
-336.000000 0.000000
40.062500 0.000000
120.125000 0.000000

722.500000 1.000000
-179.750000 0.000000
311.250000 0.000000
-179.625000 0.000000
-122.937500 0.000000
-34.562500 0.000000
-195.125000 0.000000
-109.125000 0.000000
-252.000000 0.000000
-62.593750 0.000000

-560.000000 0.000000
-379.500000 0.000000
202.250000 0.000000
672.500000 1.000000
-277.500000 0.000000
357.500000 0.000000
-407.500000 0.000000
-92.187500 0.000000
25.109375 0.000000
-112.687500 0.000000

-531.500000 0.000000
-680.000000 0.000000
-248.125000 0.000000
76.375000 0.000000
-454.000000 0.000000
896.500000 1.000000
-109.625000 0.000000
-465.000000 0.000000
404.500000 0.000000
425.250000 0.000000

-247.500000 0.000000
-121.125000 0.000000
463.750000 0.000000
522.500000 1.000000
-463.000000 0.000000
-131.875000 0.000000
-499.250000 0.000000
206.500000 0.000000
174.750000 0.000000
74.625000 0.000000

-598.500000 0.000000
-518.500000 0.000000
-274.750000 0.000000
257.750000 0.000000
530.000000 1.000000
218.500000 0.000000
-463.000000 0.000000
120.812500 0.000000
363.250000 0.000000
342.750000 0.000000

1044.000000 1.000000
-307.250000 0.000000
236.750000 0.000000
-113.250000 0.000000
-303.750000 0.000000
-140.500000 0.000000
-139.625000 0.000000
-285.000000 0.000000
-109.062500 0.000000
79.312500 0.000000

-371.750000 0.000000
-271.750000 0.000000
103.937500 0.000000
217.125000 0.000000
279.750000 0.095337
11.195312 0.000000
-155.875000 0.000000
-179.125000 0.000000
282.000000 0.904785
51.718750 0.000000

-371.250000 0.000000
-385.000000 0.000000
-149.625000 0.000000
478.250000 1.000000
12.507812 0.000000
387.500000 0.000000
-740.000000 0.000000
-598.500000 0.000000
401.750000 0.000000
5.753906 0.000000

-172.375000 0.000000
-197.000000 0.000000
135.875000 0.000000
806.000000 1.000000
-429.250000 0.000000
267.500000 0.000000
-189.500000 0.000000
-188.750000 0.000000
81.375000 0.000000
-3.224609 0.000000

-82.187500 0.000000
17.171875 0.000000
-9.132812 0.000000
90.000000 0.000001
-27.031250 0.000000
32.468750 0.000000
-99.750000 0.000000
-56.218750 0.000000
103.812500 1.000000
8.164062 0.000000

-335.000000 0.000000
-406.750000 0.000000
-371.750000 0.000000
103.187500 0.000000
359.500000 0.000000
262.500000 0.000000
-779.500000 0.000000
-168.625000 0.000000
312.000000 0.000000
541.000000 1.000000

803.000000 1.000000
-617.000000 0.000000
218.125000 0.000000
-310.000000 0.000000
-356.250000 0.000000
133.875000 0.000000
157.125000 0.000000
-91.250000 0.000000
-10.679688 0.000000
70.875000 0.000000

-318.500000 0.000000
-390.000000 0.000000
52.343750 0.000000
187.250000 0.000000
63.656250 0.000000
258.250000 0.000000
-586.000000 0.000000
-408.500000 0.000000
402.250000 1.000000
231.375000 0.000000

-93.562500 0.000000
-16.515625 0.000000
-54.156250 0.000000
112.000000 0.000000
-95.687500 0.000000
38.625000 0.000000
-72.812500 0.000000
45.406250 0.000000
251.750000 1.000000
-68.125000 0.000000

-89.312500 0.000000
73.437500 0.000000
256.000000 0.000000
176.125000 0.000000
-134.625000 0.000000
-490.500000 0.000000
-231.375000 0.000000
-2.789062 0.000000
460.000000 1.000000
-234.375000 0.000000

-72.312500 0.000000
-92.375000 0.000000
-188.125000 0.000000
4.859375 0.000000
-428.500000 0.000000
764.000000 1.000000
-49.468750 0.000000
-266.750000 0.000000
105.000000 0.000000
-46.093750 0.000000

-138.250000 0.000000
-226.625000 0.000000
8.289062 0.000000
84.625000 0.000000
179.625000 0.000010
122.750000 0.000000
-516.500000 0.000000
191.125000 1.000000
170.750000 0.000000
114.375000 0.000000

-340.250000 0.000000
-135.375000 0.000000
55.093750 0.000000
142.375000 0.000000
430.500000 1.000000
177.000000 0.000000
-484.000000 0.000000
-177.750000 0.000000
76.312500 0.000000
173.500000 0.000000

-540.500000 0.000000
-158.000000 0.000000
873.500000 1.000000
322.000000 0.000000
-321.000000 0.000000
-207.125000 0.000000
-79.625000 0.000000
-375.000000 0.000000
581.000000 0.000000
-277.750000 0.000000

112.500000 0.000000
-430.000000 0.000000
-106.000000 0.000000
-32.531250 0.000000
-268.000000 0.000000
265.750000 1.000000
-536.000000 0.000000
160.250000 0.000000
13.218750 0.000000
-30.390625 0.000000

-391.500000 0.000000
-269.000000 0.000000
-105.937500 0.000000
125.562500 0.000000
358.750000 0.000000
-71.187500 0.000000
-431.000000 0.000000
-83.125000 0.000000
538.000000 1.000000
229.250000 0.000000

-60.656250 0.000000
-287.000000 0.000000
199.375000 0.000000
278.250000 0.000000
51.906250 0.000000
57.375000 0.000000
-564.500000 0.000000
1.119141 0.000000
390.250000 1.000000
6.550781 0.000000

-137.125000 0.000000
-119.312500 0.000000
510.000000 1.000000
292.750000 0.000000
-184.500000 0.000000
-78.000000 0.000000
-464.750000 0.000000
299.500000 0.000000
289.000000 0.000000
-18.421875 0.000000

-347.500000 0.000000
-475.750000 0.000000
-100.125000 0.000000
409.750000 0.000000
-143.500000 0.000000
674.500000 1.000000
-319.500000 0.000000
-246.625000 0.000000
401.750000 0.000000
-85.812500 0.000000

-439.500000 0.000000
-402.750000 0.000000
137.250000 0.000000
175.750000 0.000000
516.500000 1.000000
234.375000 0.000000
-266.500000 0.000000
-26.750000 0.000000
102.375000 0.000000
28.296875 0.000000

100.062500 0.000000
-315.250000 0.000000
779.500000 1.000000
391.750000 0.000000
-607.000000 0.000000
-190.125000 0.000000
-331.750000 0.000000
-128.125000 0.000000
630.500000 0.000000
-675.500000 0.000000

-14.585938 0.000000
-575.500000 0.000000
146.375000 0.000000
-116.250000 0.000000
-213.125000 0.000000
282.000000 0.000000
843.500000 1.000000
-731.500000 0.000000
321.250000 0.000000
-23.078125 0.000000

18.484375 0.000000
190.375000 0.000000
494.000000 1.000000
291.000000 0.000000
-119.125000 0.000000
-113.875000 0.000000
-238.625000 0.000000
-203.125000 0.000000
470.250000 0.000000
-291.250000 0.000000

-267.750000 0.000000
-276.750000 0.000000
143.500000 0.000000
38.093750 0.000000
-334.500000 0.000000
485.000000 1.000000
-20.734375 0.000000
-182.500000 0.000000
224.625000 0.000000
12.515625 0.000000

-122.312500 0.000000
-632.000000 0.000000
-202.250000 0.000000
196.000000 0.000000
-259.500000 0.000000
703.500000 1.000000
-54.468750 0.000000
-499.750000 0.000000
554.000000 0.000000
-308.000000 0.000000

-305.750000 0.000000
288.250000 1.000000
-158.875000 0.000000
-25.953125 0.000000
157.500000 0.000000
22.125000 0.000000
-454.250000 0.000000
-250.375000 0.000000
276.250000 0.000006
94.375000 0.000000

362.500000 0.000000
-613.000000 0.000000
-217.875000 0.000000
-66.750000 0.000000
-214.000000 0.000000
361.500000 0.000000
96.625000 0.000000
-181.625000 0.000000
495.250000 1.000000
-417.000000 0.000000

-197.125000 0.000000
-133.875000 0.000000
473.750000 1.000000
363.500000 0.000000
-307.500000 0.000000
-140.500000 0.000000
-527.500000 0.000000
323.250000 0.000000
326.750000 0.000000
-32.812500 0.000000

-85.625000 0.000000
-192.625000 0.000000
190.750000 0.000000
401.500000 1.000000
-314.000000 0.000000
83.625000 0.000000
-567.500000 0.000000
322.000000 0.000000
175.250000 0.000000
100.000000 0.000000

-137.750000 0.000000
-433.500000 0.000000
38.062500 0.000000
38.000000 0.000000
462.250000 1.000000
41.218750 0.000000
-30.015625 0.000000
-285.750000 0.000000
226.875000 0.000000
272.750000 0.000000

-129.125000 0.000000
-308.750000 0.000000
159.250000 0.000000
46.187500 0.000000
-51.843750 0.000000
-85.937500 0.000000
-445.250000 0.000000
-140.875000 0.000000
205.625000 0.000000
494.500000 1.000000

-411.500000 0.000000
-152.250000 0.000000
-81.375000 0.000000
61.531250 0.000000
-204.875000 0.000000
350.250000 0.000000
-73.500000 0.000000
-392.500000 0.000000
888.000000 1.000000
-200.000000 0.000000

36.968750 0.000000
-185.125000 0.000000
471.750000 1.000000
394.500000 0.000000
-260.500000 0.000000
19.031250 0.000000
-764.500000 0.000000
226.750000 0.000000
196.625000 0.000000
-167.750000 0.000000

-114.000000 0.000000
-577.500000 0.000000
-22.015625 0.000000
295.000000 0.000000
-350.250000 0.000000
62.875000 0.000000
-116.125000 0.000000
-338.750000 0.000000
949.500000 1.000000
-94.625000 0.000000

-193.375000 0.000000
-447.500000 0.000000
413.500000 0.000000
408.750000 0.000000
-930.000000 0.000000
-63.562500 0.000000
-312.500000 0.000000
-337.000000 0.000000
623.500000 1.000000
-117.750000 0.000000

-118.875000 0.000000
-423.750000 0.000000
-97.437500 0.000000
260.500000 0.000000
-294.000000 0.000000
354.500000 1.000000
337.000000 0.000000
-523.000000 0.000000
305.500000 0.000000
-124.250000 0.000000

-40.781250 0.000000
-351.250000 0.000000
-131.500000 0.000000
197.125000 1.000000
-226.250000 0.000000
177.500000 0.000000
-452.750000 0.000000
126.375000 0.000000
187.500000 0.000066
-60.812500 0.000000

-36.281250 0.000000
-320.250000 0.000000
76.625000 0.000000
277.500000 0.000000
-0.314209 0.000000
108.375000 0.000000
484.750000 0.000000
-461.000000 0.000000
516.000000 1.000000
-375.500000 0.000000

-73.437500 0.000000
-743.500000 0.000000
-13.906250 0.000000
246.625000 0.000000
-392.000000 0.000000
285.250000 0.000000
-382.250000 0.000000
-704.000000 0.000000
1144.000000 1.000000
-250.625000 0.000000

-117.125000 0.000000
-555.000000 0.000000
-107.437500 0.000000
211.875000 0.000000
-380.750000 0.000000
-127.625000 0.000000
-206.875000 0.000000
-250.250000 0.000000
917.000000 1.000000
-28.031250 0.000000

-552.500000 0.000000
-474.500000 0.000000
-6.136719 0.000000
1110.000000 1.000000
-496.750000 0.000000
341.250000 0.000000
-411.250000 0.000000
-495.250000 0.000000
250.375000 0.000000
311.750000 0.000000

-234.000000 0.000000
-523.000000 0.000000
78.187500 0.000000
132.875000 0.000000
-190.750000 0.000000
-116.000000 0.000000
-395.750000 0.000000
-251.375000 0.000000
967.000000 1.000000
134.250000 0.000000

-409.000000 0.000000
29.843750 0.000000
1010.500000 1.000000
-6.488281 0.000000
122.187500 0.000000
108.500000 0.000000
50.156250 0.000000
-73.875000 0.000000
-192.875000 0.000000
-578.500000 0.000000

-175.125000 0.000000
-46.125000 0.000000
0.500000 0.000000
-19.343750 0.000000
8.929688 0.000000
62.031250 0.000000
-38.250000 0.000000
-127.437500 0.000000
167.500000 1.000000
-149.750000 0.000000

-229.625000 0.000000
-324.000000 0.000000
514.500000 0.000000
424.000000 0.000000
-351.250000 0.000000
-55.906250 0.000000
-77.312500 0.000000
-470.000000 0.000000
747.000000 1.000000
-147.500000 0.000000

-324.500000 0.000000
-186.875000 0.000000
327.750000 1.000000
225.375000 0.000000
-134.750000 0.000000
83.437500 0.000000
-172.375000 0.000000
122.187500 0.000000
271.250000 0.000000
-110.187500 0.000000

305.000000 0.000000
-481.250000 0.000000
-123.500000 0.000000
42.562500 0.000000
-346.750000 0.000000
535.500000 1.000000
-6.621094 0.000000
-431.000000 0.000000
37.687500 0.000000
67.625000 0.000000

-405.750000 0.000000
-222.875000 0.000000
126.187500 0.000000
124.500000 0.000000
78.750000 0.000000
214.500000 1.000000
-317.250000 0.000000
-50.500000 0.000000
100.562500 0.000000
82.500000 0.000000

-277.000000 0.000000
202.500000 0.000000
145.000000 0.000000
-16.312500 0.000000
91.812500 0.000000
-182.250000 0.000000
-396.250000 0.000000
-218.250000 0.000000
386.750000 1.000000
-90.250000 0.000000

-259.250000 0.000000
-104.562500 0.000000
29.656250 0.000000
122.875000 0.000000
-15.718750 0.000000
-17.906250 0.000000
-474.250000 0.000000
354.250000 1.000000
116.500000 0.000000
-39.093750 0.000000

860.000000 1.000000
-283.000000 0.000000
260.750000 0.000000
-85.000000 0.000000
-139.750000 0.000000
202.000000 0.000000
-48.312500 0.000000
-128.125000 0.000000
59.781250 0.000000
-70.875000 0.000000

759.500000 1.000000
-385.250000 0.000000
213.625000 0.000000
-339.000000 0.000000
-91.875000 0.000000
-130.875000 0.000000
272.500000 0.000000
-397.000000 0.000000
392.750000 0.000000
-118.375000 0.000000

769.000000 1.000000
-369.250000 0.000000
348.750000 0.000000
-39.968750 0.000000
-256.250000 0.000000
326.000000 0.000000
-45.781250 0.000000
-312.000000 0.000000
20.187500 0.000000
26.468750 0.000000

31.890625 0.000000
-66.500000 0.000000
126.312500 0.125977
128.250000 0.874023
-59.625000 0.000000
-85.625000 0.000000
-187.625000 0.000000
31.593750 0.000000
116.750000 0.000009
5.871094 0.000000

-400.750000 0.000000
-325.250000 0.000000
103.375000 0.000000
191.000000 0.000000
57.687500 0.000000
101.250000 0.000000
-408.000000 0.000000
-16.109375 0.000000
476.250000 1.000000
279.250000 0.000000

516.000000 1.000000
-314.500000 0.000000
137.000000 0.000000
-69.625000 0.000000
-398.750000 0.000000
339.500000 0.000000
132.000000 0.000000
-133.500000 0.000000
-269.000000 0.000000
-98.437500 0.000000

-113.187500 0.000000
-179.375000 0.000000
-22.562500 0.000000
168.000000 0.000000
20.921875 0.000000
0.899902 0.000000
-265.000000 0.000000
-205.375000 0.000000
397.250000 1.000000
-69.312500 0.000000

-8.843750 0.000000
-442.250000 0.000000
-59.093750 0.000000
47.531250 0.000000
-86.375000 0.000000
459.500000 0.985840
455.250000 0.014061
-475.750000 0.000000
316.250000 0.000000
-222.625000 0.000000

-342.250000 0.000000
-401.250000 0.000000
-101.312500 0.000000
54.062500 0.000000
-167.500000 0.000000
591.000000 1.000000
-368.500000 0.000000
-201.500000 0.000000
333.250000 0.000000
174.750000 0.000000

-515.000000 0.000000
-574.000000 0.000000
204.875000 0.000000
351.500000 0.000000
-325.250000 0.000000
214.500000 0.000000
-348.250000 0.000000
-435.500000 0.000000
782.000000 1.000000
155.875000 0.000000

-150.125000 0.000000
-636.000000 0.000000
93.937500 0.000000
518.500000 0.000000
-435.500000 0.000000
126.812500 0.000000
-208.000000 0.000000
-477.750000 0.000000
868.000000 1.000000
-380.000000 0.000000

-69.062500 0.000000
-25.656250 0.000000
650.000000 1.000000
114.062500 0.000000
-353.250000 0.000000
-22.921875 0.000000
-356.250000 0.000000
-91.375000 0.000000
490.000000 0.000000
-53.500000 0.000000

337.500000 0.000000
-618.500000 0.000000
51.625000 0.000000
-4.460938 0.000000
-297.000000 0.000000
97.875000 0.000000
-208.000000 0.000000
-620.500000 0.000000
934.000000 1.000000
-9.281250 0.000000

-318.500000 0.000000
-549.000000 0.000000
199.750000 0.000000
391.500000 0.000000
-175.875000 0.000000
270.750000 0.000000
-250.750000 0.000000
-240.625000 0.000000
542.500000 1.000000
267.000000 0.000000

-111.937500 0.000000
-511.500000 0.000000
-229.000000 0.000000
213.000000 0.000000
132.125000 0.000000
60.093750 0.000000
-741.500000 0.000000
-113.875000 0.000000
252.125000 0.000000
407.250000 1.000000

-443.250000 0.000000
-197.375000 0.000000
1088.000000 1.000000
428.250000 0.000000
-302.500000 0.000000
159.375000 0.000000
-193.500000 0.000000
-159.500000 0.000000
175.000000 0.000000
-721.000000 0.000000

-131.000000 0.000000
-563.000000 0.000000
409.000000 0.000000
621.500000 1.000000
-559.500000 0.000000
190.375000 0.000000
-49.312500 0.000000
-500.000000 0.000000
566.000000 0.000000
-560.500000 0.000000

-326.000000 0.000000
-559.000000 0.000000
-76.062500 0.000000
245.750000 0.000000
-445.250000 0.000000
892.500000 1.000000
-161.500000 0.000000
-432.500000 0.000000
383.250000 0.000000
-6.023438 0.000000

-16.937500 0.000000
-238.875000 0.000000
56.000000 0.000000
39.468750 0.000000
120.187500 1.000000
-2.082031 0.000000
-145.750000 0.000000
-225.000000 0.000000
49.250000 0.000000
-7.757812 0.000000

-152.750000 0.000000
-27.421875 0.000000
-54.437500 0.000000
73.875000 0.000000
-102.625000 0.000000
63.343750 0.000000
-55.812500 0.000000
24.640625 0.000000
162.375000 1.000000
-42.468750 0.000000

355.250000 1.000000
-293.750000 0.000000
91.000000 0.000000
148.500000 0.000000
-114.687500 0.000000
240.125000 0.000000
-433.000000 0.000000
-308.250000 0.000000
144.125000 0.000000
290.500000 0.000000

-273.750000 0.000000
-293.750000 0.000000
157.875000 0.000000
297.500000 1.000000
104.500000 0.000000
121.500000 0.000000
-731.000000 0.000000
-241.875000 0.000000
179.500000 0.000000
285.750000 0.000008

-76.187500 0.000000
-217.375000 0.000000
881.000000 1.000000
450.750000 0.000000
-624.500000 0.000000
-175.125000 0.000000
-35.093750 0.000000
-352.000000 0.000000
462.250000 0.000000
-570.000000 0.000000

-679.000000 0.000000
-368.000000 0.000000
78.125000 0.000000
73.500000 0.000000
596.500000 1.000000
-59.343750 0.000000
-152.875000 0.000000
-213.500000 0.000000
235.500000 0.000000
196.125000 0.000000

-476.750000 0.000000
-228.625000 0.000000
187.375000 0.000000
820.000000 1.000000
-148.750000 0.000000
83.312500 0.000000
-585.000000 0.000000
82.062500 0.000000
265.000000 0.000000
-62.875000 0.000000

38.187500 0.000000
-404.750000 0.000000
27.812500 0.000000
-122.062500 0.000000
-35.156250 0.000000
165.125000 0.000000
675.000000 1.000000
-31.968750 0.000000
66.312500 0.000000
-353.000000 0.000000

133.875000 0.000000
-314.000000 0.000000
-157.375000 0.000000
-82.062500 0.000000
49.500000 0.000000
136.500000 0.000000
-497.000000 0.000000
404.500000 1.000000
86.937500 0.000000
32.875000 0.000000

-111.937500 0.000000
-136.500000 0.000000
621.000000 0.000000
747.000000 1.000000
-586.000000 0.000000
-14.117188 0.000000
-146.875000 0.000000
-389.500000 0.000000
283.000000 0.000000
-303.250000 0.000000

222.125000 0.222656
-177.875000 0.000000
71.125000 0.000000
-111.437500 0.000000
-353.750000 0.000000
223.375000 0.777344
164.500000 0.000000
-430.000000 0.000000
149.125000 0.000000
33.593750 0.000000

-128.375000 0.000000
-146.000000 0.000000
85.812500 0.000000
93.312500 0.000000
-210.750000 0.000000
273.250000 0.000000
583.500000 1.000000
-481.000000 0.000000
255.750000 0.000000
-384.250000 0.000000

-13.890625 0.000000
-487.250000 0.000000
-64.000000 0.000000
40.968750 0.000000
-479.250000 0.000000
421.000000 0.000000
659.000000 1.000000
-634.000000 0.000000
504.750000 0.000000
-275.500000 0.000000

-61.156250 0.000000
-184.625000 0.000000
75.937500 0.000000
80.750000 0.000000
-76.625000 0.000000
-242.250000 0.000000
-299.500000 0.000000
-48.156250 0.000000
438.000000 1.000000
7.648438 0.000000

-136.000000 0.000000
-155.750000 0.000000
-63.031250 0.000000
103.062500 0.000000
307.250000 1.000000
63.812500 0.000000
-101.312500 0.000000
-100.000000 0.000000
116.750000 0.000000
39.750000 0.000000

-396.250000 0.000000
-398.750000 0.000000
-6.648438 0.000000
658.000000 1.000000
-90.687500 0.000000
374.500000 0.000000
-695.000000 0.000000
-438.250000 0.000000
599.500000 0.000000
-44.906250 0.000000

-330.750000 0.000000
-577.500000 0.000000
-352.750000 0.000000
-6.136719 0.000000
-5.472656 0.000000
238.750000 0.000000
-660.000000 0.000000
-108.062500 0.000000
465.500000 0.075867
468.000000 0.924316

255.750000 0.000000
-389.500000 0.000000
-1.359375 0.000000
209.000000 0.000000
-126.812500 0.000000
44.750000 0.000000
-408.000000 0.000000
630.000000 1.000000
-159.000000 0.000000
-165.625000 0.000000

-480.000000 0.000000
-450.750000 0.000000
-152.125000 0.000000
214.000000 0.000000
133.500000 0.000000
226.125000 0.000000
-164.750000 0.000000
-53.250000 0.000000
418.750000 1.000000
6.742188 0.000000

