69601648
81113230
81624130
-130642972
-50332264
-98981498
31679250
35764522
-23508690
17239298
-131486146
-36533240
-75701492
47239434
7007834
65044194
-64803274
27435776
-69642976
-22305234
-34995484
-27313904
-98073560
10823988
76815576
1714136
-47680826
29095306
-47543668
14643714
154029750
-53198348
6703962
-12184156
-69317390
53633658
148686624
103717280
-65070764
40430428
-48395424
-34536868
-9234204
-38955686
-18042498
68920
-61596022
16945936
-88376710
-81801006
53472010
-32641538
63721420
18303602
57114956
11573976
-162629810
-4660080
59569942
-8172400
26978186
55654322
-118934382
-62121320
