41484542
37406471
20160288
38883158
47948819
39978721
6707190
12078160
61691840
41010227
65396492
71592869
59323727
41556169
19807727
68038843
44011902
36463759
30712183
77900732
41232070
39215302
21575216
79277572
47400415
41508445
5562440
60921988
61381033
41506158
28027345
63180326
53370776
39647977
24565981
56236194
64312931
37383045
22115475
56554354
62145010
40635881
18791549
63122900
61104952
37779788
2981856
63879731
59470644
40575335
64960908
42164712
39179248
4250255
36785430
23278636
39112116
38517318
52645098
28812273
41484542
37406471
20160288
38883158
47948819
39978721
6707190
12078160
61691840
41010227
65396492
71592869
59323727
41556169
19807727
68038843
44011902
36463759
30712183
77900732
41232070
39215302
21575216
79277572
47400415
41508445
5562440
60921988
61381033
41506158
28027345
63180326
53370776
39647977
24565981
56236194
64312931
37383045
22115475
56554354
62145010
40635881
18791549
63122900
61104952
37779788
2981856
63879731
59470644
40575335
3368292
66034661
70041822
40199568
36785430
23278636
39112116
38517318
52645098
28812273
41484542
37406471
20160288
38883158
47948819
39978721
6707190
12078160
61691840
41010227
65396492
71592869
59323727
41556169
19807727
68038843
44011902
36463759
30712183
77900732
41232070
39215302
21575216
79277572
47400415
41508445
5562440
60921988
61381033
41506158
28027345
63180326
53370776
39647977
24565981
56236194
64312931
37383045
22115475
56554354
62145010
40635881
18791549
63122900
61104952
37779788
2981856
63879731
59470644
40575335
3368292
66034661
70041822
40199568
8248960
65313501
73674872
42778232
31594680
43267941
55216754
38539352
12714796
36779883
56838103
44027325
4879406
16147281
57580779
42654957
0
24682322
59222532
43356195
668418
42044201
65513765
41964536
0
61232950
59935704
48128753
929764
41962430
67061052
48632559
530253
44672880
66698960
52174456
3244310
44351856
76216098
53197068
205931
34892382
67150658
53425957
2030341
29544465
49692234
58464996
0
41539928
48116056
53039406
0
38693966
64805455
55100453
101079842
42402525
70143669
56417147
101080470
49076539
67403393
60334181
31594680
43267941
55216754
38539352
12714796
36779883
56838103
44027325
4879406
16147281
57580779
42654957
0
24682322
59222532
43356195
668418
42044201
65513765
41964536
0
61232950
59935704
48128753
929764
41962430
67061052
48632559
530253
44672880
66698960
52174456
3244310
44351856
76216098
53197068
205931
34892382
67150658
53425957
2030341
29544465
49692234
58464996
0
41539928
48116056
53039406
0
38693966
64805455
55100453
101079842
42402525
70143669
56417147
101080470
49076539
67403393
60334181
84091394
58252645
69095868
58386213
12714796
36779883
56838103
44027325
4879406
16147281
57580779
42654957
0
24682322
59222532
43356195
668418
42044201
65513765
41964536
0
61232950
59935704
48128753
929764
41962430
67061052
48632559
530253
44672880
66698960
52174456
3244310
44351856
76216098
53197068
205931
34892382
67150658
53425957
2030341
29544465
49692234
58464996
0
41539928
48116056
53039406
0
38693966
64805455
55100453
101079842
42402525
70143669
56417147
101080470
49076539
67403393
60334181
84091394
58252645
69095868
58386213
96302729
63369109
62332620
64130055
52645098
28812273
41484542
37406471
20160288
38883158
47948819
39978721
6707190
12078160
61691840
41010227
65396492
71592869
59323727
41556169
19807727
68038843
44011902
36463759
30712183
77900732
41232070
39215302
21575216
79277572
47400415
41508445
5562440
60921988
61381033
41506158
28027345
63180326
53370776
39647977
24565981
56236194
64312931
37383045
52645098
28812273
41484542
37406471
20160288
38883158
47948819
39978721
6707190
12078160
61691840
41010227
65396492
71592869
59323727
41556169
19807727
68038843
44011902
36463759
30712183
77900732
41232070
39215302
21575216
79277572
47400415
41508445
5562440
60921988
61381033
41506158
28027345
63180326
53370776
39647977
24565981
56236194
64312931
37383045
22115475
56554354
62145010
40635881
20160288
38883158
47948819
39978721
6707190
12078160
61691840
41010227
65396492
71592869
59323727
41556169
19807727
68038843
44011902
36463759
30712183
77900732
41232070
39215302
21575216
79277572
47400415
41508445
5562440
60921988
61381033
41506158
28027345
63180326
53370776
39647977
24565981
56236194
64312931
37383045
22115475
56554354
62145010
40635881
18791549
63122900
61104952
37779788
3368292
66034661
70041822
40199568
8248960
65313501
73674872
42778232
0
140722218
65840796
40901334
31594680
43267941
55216754
38539352
12714796
36779883
56838103
44027325
4879406
16147281
57580779
42654957
0
24682322
59222532
43356195
668418
42044201
65513765
41964536
0
61232950
59935704
48128753
929764
41962430
67061052
48632559
530253
44672880
66698960
52174456
3244310
44351856
76216098
53197068
205931
34892382
67150658
53425957
2030341
29544465
49692234
58464996
0
41539928
48116056
53039406
8248960
65313501
73674872
42778232
0
140722218
65840796
40901334
12998976
97041793
64927127
38276700
31594680
43267941
55216754
38539352
12714796
36779883
56838103
44027325
4879406
16147281
57580779
42654957
0
24682322
59222532
43356195
668418
42044201
65513765
41964536
0
61232950
59935704
48128753
929764
41962430
67061052
48632559
530253
44672880
66698960
52174456
3244310
44351856
76216098
53197068
205931
34892382
67150658
53425957
2030341
29544465
49692234
58464996
0
41539928
48116056
53039406
0
38693966
64805455
55100453
0
140722218
65840796
40901334
12998976
97041793
64927127
38276700
12714796
36779883
56838103
44027325
4879406
16147281
57580779
42654957
0
24682322
59222532
43356195
668418
42044201
65513765
41964536
0
61232950
59935704
48128753
929764
41962430
67061052
48632559
530253
44672880
66698960
52174456
3244310
44351856
76216098
53197068
205931
34892382
67150658
53425957
2030341
29544465
49692234
58464996
0
41539928
48116056
53039406
0
38693966
64805455
55100453
101079842
42402525
70143669
56417147
84091394
58252645
69095868
58386213
96302729
63369109
62332620
64130055
106697252
30506987
149014037
61765074
131536140
34477732
57234799
62172273
62938751
43279744
17914356
58659876
71366972
36722889
24995566
63190237
81263482
26044824
38094728
62476727
106611151
32573580
46079017
64820239
19128632
25547805
36423411
66643957
66883514
27481023
48671329
64408303
57128517
28189518
41328201
63914444
30259092
32239247
33649955
63770232
18662334
28337659
32266639
65618975
33760050
23733642
29873772
62011682
20989984
43412005
34978265
58631282
96302729
63369109
62332620
64130055
106697252
30506987
149014037
61765074
83144684
22524719
90935688
58463142
131536140
34477732
57234799
62172273
62938751
43279744
17914356
58659876
71366972
36722889
24995566
63190237
81263482
26044824
38094728
62476727
106611151
32573580
46079017
64820239
19128632
25547805
36423411
66643957
66883514
27481023
48671329
64408303
57128517
28189518
41328201
63914444
30259092
32239247
33649955
63770232
18662334
28337659
32266639
65618975
33760050
23733642
29873772
62011682
20989984
43412005
34978265
58631282
26973587
49645530
29199364
65524212
106697252
30506987
149014037
61765074
83144684
22524719
90935688
58463142
62938751
43279744
17914356
58659876
71366972
36722889
24995566
63190237
81263482
26044824
38094728
62476727
106611151
32573580
46079017
64820239
19128632
25547805
36423411
66643957
66883514
27481023
48671329
64408303
57128517
28189518
41328201
63914444
30259092
32239247
33649955
63770232
18662334
28337659
32266639
65618975
33760050
23733642
29873772
62011682
20989984
43412005
34978265
58631282
26973587
49645530
29199364
65524212
17617116
40765726
32967198
61477556
22115475
56554354
62145010
40635881
18791549
63122900
61104952
37779788
2981856
63879731
59470644
40575335
3368292
66034661
70041822
40199568
8248960
65313501
73674872
42778232
0
140722218
65840796
40901334
31594680
43267941
55216754
38539352
12714796
36779883
56838103
44027325
4879406
16147281
57580779
42654957
0
24682322
59222532
43356195
668418
42044201
65513765
41964536
0
61232950
59935704
48128753
929764
41962430
67061052
48632559
530253
44672880
66698960
52174456
3244310
44351856
76216098
53197068
18791549
63122900
61104952
37779788
2981856
63879731
59470644
40575335
3368292
66034661
70041822
40199568
8248960
65313501
73674872
42778232
0
140722218
65840796
40901334
12998976
97041793
64927127
38276700
31594680
43267941
55216754
38539352
12714796
36779883
56838103
44027325
4879406
16147281
57580779
42654957
0
24682322
59222532
43356195
668418
42044201
65513765
41964536
0
61232950
59935704
48128753
929764
41962430
67061052
48632559
530253
44672880
66698960
52174456
3244310
44351856
76216098
53197068
205931
34892382
67150658
53425957
2981856
63879731
59470644
40575335
3368292
66034661
70041822
40199568
8248960
65313501
73674872
42778232
0
140722218
65840796
40901334
12998976
97041793
64927127
38276700
12714796
36779883
56838103
44027325
4879406
16147281
57580779
42654957
0
24682322
59222532
43356195
668418
42044201
65513765
41964536
0
61232950
59935704
48128753
929764
41962430
67061052
48632559
530253
44672880
66698960
52174456
3244310
44351856
76216098
53197068
205931
34892382
67150658
53425957
2030341
29544465
49692234
58464996
0
38693966
64805455
55100453
101079842
42402525
70143669
56417147
101080470
49076539
67403393
60334181
84091394
58252645
69095868
58386213
96302729
63369109
62332620
64130055
106697252
30506987
149014037
61765074
131536140
34477732
57234799
62172273
62938751
43279744
17914356
58659876
71366972
36722889
24995566
63190237
81263482
26044824
38094728
62476727
106611151
32573580
46079017
64820239
19128632
25547805
36423411
66643957
66883514
27481023
48671329
64408303
57128517
28189518
41328201
63914444
30259092
32239247
33649955
63770232
101079842
42402525
70143669
56417147
101080470
49076539
67403393
60334181
84091394
58252645
69095868
58386213
96302729
63369109
62332620
64130055
106697252
30506987
149014037
61765074
83144684
22524719
90935688
58463142
131536140
34477732
57234799
62172273
62938751
43279744
17914356
58659876
71366972
36722889
24995566
63190237
81263482
26044824
38094728
62476727
106611151
32573580
46079017
64820239
19128632
25547805
36423411
66643957
66883514
27481023
48671329
64408303
57128517
28189518
41328201
63914444
30259092
32239247
33649955
63770232
18662334
28337659
32266639
65618975
101080470
49076539
67403393
60334181
84091394
58252645
69095868
58386213
96302729
63369109
62332620
64130055
106697252
30506987
149014037
61765074
83144684
22524719
90935688
58463142
62938751
43279744
17914356
58659876
71366972
36722889
24995566
63190237
81263482
26044824
38094728
62476727
106611151
32573580
46079017
64820239
19128632
25547805
36423411
66643957
66883514
27481023
48671329
64408303
57128517
28189518
41328201
63914444
30259092
32239247
33649955
63770232
18662334
28337659
32266639
65618975
33760050
23733642
29873772
62011682
26973587
49645530
29199364
65524212
17617116
40765726
32967198
61477556
19926426
55114194
40950733
57606287
14001672
42235512
39867056
58926582
7482780
28341572
54972640
56349320
18453893
16606388
40281080
97603450
68722535
17049045
37006206
63744268
30108692
6806574
38745797
32507107
39333201
14723232
41130588
36600887
14512672
9595014
44903236
45678841
6999366
1132305
45425214
35738224
66822764
108200342
46343244
32353504
21544413
74281466
45579074
37071497
20460088
70438350
37555222
40892680
27981702
77980971
35986498
31325615
17617116
40765726
32967198
61477556
19926426
55114194
40950733
57606287
14001672
42235512
39867056
58926582
7482780
28341572
54972640
56349320
18453893
16606388
40281080
97603450
14651991
24973764
43466265
97296797
68722535
17049045
37006206
63744268
30108692
6806574
38745797
32507107
39333201
14723232
41130588
36600887
14512672
9595014
44903236
45678841
6999366
1132305
45425214
35738224
66822764
108200342
46343244
32353504
21544413
74281466
45579074
37071497
20460088
70438350
37555222
40892680
27981702
77980971
35986498
31325615
3148861
78186011
56489011
34857330
19926426
55114194
40950733
57606287
14001672
42235512
39867056
58926582
7482780
28341572
54972640
56349320
18453893
16606388
40281080
97603450
14651991
24973764
43466265
97296797
30108692
6806574
38745797
32507107
39333201
14723232
41130588
36600887
14512672
9595014
44903236
45678841
6999366
1132305
45425214
35738224
66822764
108200342
46343244
32353504
21544413
74281466
45579074
37071497
20460088
70438350
37555222
40892680
27981702
77980971
35986498
31325615
3148861
78186011
56489011
34857330
29312970
64472005
60304655
31565880
205931
34892382
67150658
53425957
2030341
29544465
49692234
58464996
0
41539928
48116056
53039406
0
38693966
64805455
55100453
101079842
42402525
70143669
56417147
101080470
49076539
67403393
60334181
84091394
58252645
69095868
58386213
96302729
63369109
62332620
64130055
106697252
30506987
149014037
61765074
131536140
34477732
57234799
62172273
62938751
43279744
17914356
58659876
71366972
36722889
24995566
63190237
81263482
26044824
38094728
62476727
106611151
32573580
46079017
64820239
19128632
25547805
36423411
66643957
2030341
29544465
49692234
58464996
0
41539928
48116056
53039406
0
38693966
64805455
55100453
101079842
42402525
70143669
56417147
101080470
49076539
67403393
60334181
84091394
58252645
69095868
58386213
96302729
63369109
62332620
64130055
106697252
30506987
149014037
61765074
83144684
22524719
90935688
58463142
131536140
34477732
57234799
62172273
62938751
43279744
17914356
58659876
71366972
36722889
24995566
63190237
81263482
26044824
38094728
62476727
106611151
32573580
46079017
64820239
19128632
25547805
36423411
66643957
66883514
27481023
48671329
64408303
0
41539928
48116056
53039406
0
38693966
64805455
55100453
101079842
42402525
70143669
56417147
101080470
49076539
67403393
60334181
84091394
58252645
69095868
58386213
96302729
63369109
62332620
64130055
106697252
30506987
149014037
61765074
83144684
22524719
90935688
58463142
62938751
43279744
17914356
58659876
71366972
36722889
24995566
63190237
81263482
26044824
38094728
62476727
106611151
32573580
46079017
64820239
19128632
25547805
36423411
66643957
66883514
27481023
48671329
64408303
57128517
28189518
41328201
63914444
18662334
28337659
32266639
65618975
33760050
23733642
29873772
62011682
20989984
43412005
34978265
58631282
26973587
49645530
29199364
65524212
17617116
40765726
32967198
61477556
19926426
55114194
40950733
57606287
14001672
42235512
39867056
58926582
7482780
28341572
54972640
56349320
18453893
16606388
40281080
97603450
68722535
17049045
37006206
63744268
30108692
6806574
38745797
32507107
39333201
14723232
41130588
36600887
14512672
9595014
44903236
45678841
6999366
1132305
45425214
35738224
66822764
108200342
46343244
32353504
33760050
23733642
29873772
62011682
20989984
43412005
34978265
58631282
26973587
49645530
29199364
65524212
17617116
40765726
32967198
61477556
19926426
55114194
40950733
57606287
14001672
42235512
39867056
58926582
7482780
28341572
54972640
56349320
18453893
16606388
40281080
97603450
14651991
24973764
43466265
97296797
68722535
17049045
37006206
63744268
30108692
6806574
38745797
32507107
39333201
14723232
41130588
36600887
14512672
9595014
44903236
45678841
6999366
1132305
45425214
35738224
66822764
108200342
46343244
32353504
21544413
74281466
45579074
37071497
20989984
43412005
34978265
58631282
26973587
49645530
29199364
65524212
17617116
40765726
32967198
61477556
19926426
55114194
40950733
57606287
14001672
42235512
39867056
58926582
7482780
28341572
54972640
56349320
18453893
16606388
40281080
97603450
14651991
24973764
43466265
97296797
30108692
6806574
38745797
32507107
39333201
14723232
41130588
36600887
14512672
9595014
44903236
45678841
6999366
1132305
45425214
35738224
66822764
108200342
46343244
32353504
21544413
74281466
45579074
37071497
20460088
70438350
37555222
40892680
3148861
78186011
56489011
34857330
29312970
64472005
60304655
31565880
34425265
63637412
70070200
32881709
54009414
67900218
77742166
40824798
72329231
76090714
53697413
31353076
3808344
68193818
43679999
31754076
0
51745713
61521419
31288500
13007280
53617343
65503888
32896084
779366
127208223
64799947
38580762
7244765
47457248
60636028
38818113
1731940
36734319
54524687
40576530
3290061
17684092
58357243
45491538
7683832
17025860
54186320
46520617
1255059
42170233
58403600
40853538
73476
48096684
50895273
42748947
29312970
64472005
60304655
31565880
34425265
63637412
70070200
32881709
54009414
67900218
77742166
40824798
72329231
76090714
53697413
31353076
3808344
68193818
43679999
31754076
0
51745713
61521419
31288500
13007280
53617343
65503888
32896084
779366
127208223
64799947
38580762
0
96805785
66432893
34414186
7244765
47457248
60636028
38818113
1731940
36734319
54524687
40576530
3290061
17684092
58357243
45491538
7683832
17025860
54186320
46520617
1255059
42170233
58403600
40853538
73476
48096684
50895273
42748947
855345
41902892
51906148
45976113
34425265
63637412
70070200
32881709
54009414
67900218
77742166
40824798
72329231
76090714
53697413
31353076
3808344
68193818
43679999
31754076
0
51745713
61521419
31288500
13007280
53617343
65503888
32896084
779366
127208223
64799947
38580762
0
96805785
66432893
34414186
1731940
36734319
54524687
40576530
3290061
17684092
58357243
45491538
7683832
17025860
54186320
46520617
1255059
42170233
58403600
40853538
73476
48096684
50895273
42748947
855345
41902892
51906148
45976113
829862
49610540
57588133
39798460
66883514
27481023
48671329
64408303
57128517
28189518
41328201
63914444
30259092
32239247
33649955
63770232
18662334
28337659
32266639
65618975
33760050
23733642
29873772
62011682
20989984
43412005
34978265
58631282
26973587
49645530
29199364
65524212
17617116
40765726
32967198
61477556
19926426
55114194
40950733
57606287
14001672
42235512
39867056
58926582
7482780
28341572
54972640
56349320
18453893
16606388
40281080
97603450
68722535
17049045
37006206
63744268
30108692
6806574
38745797
32507107
39333201
14723232
41130588
36600887
57128517
28189518
41328201
63914444
30259092
32239247
33649955
63770232
18662334
28337659
32266639
65618975
33760050
23733642
29873772
62011682
20989984
43412005
34978265
58631282
26973587
49645530
29199364
65524212
17617116
40765726
32967198
61477556
19926426
55114194
40950733
57606287
14001672
42235512
39867056
58926582
7482780
28341572
54972640
56349320
18453893
16606388
40281080
97603450
14651991
24973764
43466265
97296797
68722535
17049045
37006206
63744268
30108692
6806574
38745797
32507107
39333201
14723232
41130588
36600887
14512672
9595014
44903236
45678841
30259092
32239247
33649955
63770232
18662334
28337659
32266639
65618975
33760050
23733642
29873772
62011682
20989984
43412005
34978265
58631282
26973587
49645530
29199364
65524212
17617116
40765726
32967198
61477556
19926426
55114194
40950733
57606287
14001672
42235512
39867056
58926582
7482780
28341572
54972640
56349320
18453893
16606388
40281080
97603450
14651991
24973764
43466265
97296797
30108692
6806574
38745797
32507107
39333201
14723232
41130588
36600887
14512672
9595014
44903236
45678841
6999366
1132305
45425214
35738224
21544413
74281466
45579074
37071497
20460088
70438350
37555222
40892680
27981702
77980971
35986498
31325615
3148861
78186011
56489011
34857330
29312970
64472005
60304655
31565880
34425265
63637412
70070200
32881709
54009414
67900218
77742166
40824798
72329231
76090714
53697413
31353076
3808344
68193818
43679999
31754076
0
51745713
61521419
31288500
13007280
53617343
65503888
32896084
779366
127208223
64799947
38580762
7244765
47457248
60636028
38818113
1731940
36734319
54524687
40576530
3290061
17684092
58357243
45491538
20460088
70438350
37555222
40892680
27981702
77980971
35986498
31325615
3148861
78186011
56489011
34857330
29312970
64472005
60304655
31565880
34425265
63637412
70070200
32881709
54009414
67900218
77742166
40824798
72329231
76090714
53697413
31353076
3808344
68193818
43679999
31754076
0
51745713
61521419
31288500
13007280
53617343
65503888
32896084
779366
127208223
64799947
38580762
0
96805785
66432893
34414186
7244765
47457248
60636028
38818113
1731940
36734319
54524687
40576530
3290061
17684092
58357243
45491538
7683832
17025860
54186320
46520617
27981702
77980971
35986498
31325615
3148861
78186011
56489011
34857330
29312970
64472005
60304655
31565880
34425265
63637412
70070200
32881709
54009414
67900218
77742166
40824798
72329231
76090714
53697413
31353076
3808344
68193818
43679999
31754076
0
51745713
61521419
31288500
13007280
53617343
65503888
32896084
779366
127208223
64799947
38580762
0
96805785
66432893
34414186
1731940
36734319
54524687
40576530
3290061
17684092
58357243
45491538
7683832
17025860
54186320
46520617
1255059
42170233
58403600
40853538
855345
41902892
51906148
45976113
829862
49610540
57588133
39798460
23743408
50974675
61238775
29420781
12317309
46641104
64810926
38551857
69992640
40306838
67447464
51093352
97890396
45361746
63349455
44343275
117804862
40502004
53898726
38782589
109474443
31460508
55766893
40630563
96715284
40543022
58338973
34566531
72599578
38988849
63460566
55121679
72200472
29021710
65071806
58881658
105864262
27317752
143806902
50979921
124748988
21604572
66888682
67170567
61577171
19251924
20244190
61098305
79643527
18922905
24260241
61583713
829862
49610540
57588133
39798460
23743408
50974675
61238775
29420781
12317309
46641104
64810926
38551857
69992640
40306838
67447464
51093352
97890396
45361746
63349455
44343275
117804862
40502004
53898726
38782589
109474443
31460508
55766893
40630563
96715284
40543022
58338973
34566531
72599578
38988849
63460566
55121679
72200472
29021710
65071806
58881658
105864262
27317752
143806902
50979921
100189078
26059044
94169368
51149015
124748988
21604572
66888682
67170567
61577171
19251924
20244190
61098305
79643527
18922905
24260241
61583713
82184116
22170500
37390911
52962704
23743408
50974675
61238775
29420781
12317309
46641104
64810926
38551857
69992640
40306838
67447464
51093352
97890396
45361746
63349455
44343275
117804862
40502004
53898726
38782589
109474443
31460508
55766893
40630563
96715284
40543022
58338973
34566531
72599578
38988849
63460566
55121679
72200472
29021710
65071806
58881658
105864262
27317752
143806902
50979921
100189078
26059044
94169368
51149015
61577171
19251924
20244190
61098305
79643527
18922905
24260241
61583713
82184116
22170500
37390911
52962704
110881852
27869656
40848191
53456384
14512672
9595014
44903236
45678841
6999366
1132305
45425214
35738224
66822764
108200342
46343244
32353504
21544413
74281466
45579074
37071497
20460088
70438350
37555222
40892680
27981702
77980971
35986498
31325615
3148861
78186011
56489011
34857330
29312970
64472005
60304655
31565880
34425265
63637412
70070200
32881709
54009414
67900218
77742166
40824798
72329231
76090714
53697413
31353076
3808344
68193818
43679999
31754076
0
51745713
61521419
31288500
13007280
53617343
65503888
32896084
779366
127208223
64799947
38580762
6999366
1132305
45425214
35738224
66822764
108200342
46343244
32353504
21544413
74281466
45579074
37071497
20460088
70438350
37555222
40892680
27981702
77980971
35986498
31325615
3148861
78186011
56489011
34857330
29312970
64472005
60304655
31565880
34425265
63637412
70070200
32881709
54009414
67900218
77742166
40824798
72329231
76090714
53697413
31353076
3808344
68193818
43679999
31754076
0
51745713
61521419
31288500
13007280
53617343
65503888
32896084
779366
127208223
64799947
38580762
0
96805785
66432893
34414186
7244765
47457248
60636028
38818113
66822764
108200342
46343244
32353504
21544413
74281466
45579074
37071497
20460088
70438350
37555222
40892680
27981702
77980971
35986498
31325615
3148861
78186011
56489011
34857330
29312970
64472005
60304655
31565880
34425265
63637412
70070200
32881709
54009414
67900218
77742166
40824798
72329231
76090714
53697413
31353076
3808344
68193818
43679999
31754076
0
51745713
61521419
31288500
13007280
53617343
65503888
32896084
779366
127208223
64799947
38580762
0
96805785
66432893
34414186
1731940
36734319
54524687
40576530
7683832
17025860
54186320
46520617
1255059
42170233
58403600
40853538
73476
48096684
50895273
42748947
855345
41902892
51906148
45976113
829862
49610540
57588133
39798460
23743408
50974675
61238775
29420781
12317309
46641104
64810926
38551857
69992640
40306838
67447464
51093352
97890396
45361746
63349455
44343275
117804862
40502004
53898726
38782589
109474443
31460508
55766893
40630563
96715284
40543022
58338973
34566531
72599578
38988849
63460566
55121679
72200472
29021710
65071806
58881658
105864262
27317752
143806902
50979921
1255059
42170233
58403600
40853538
73476
48096684
50895273
42748947
855345
41902892
51906148
45976113
829862
49610540
57588133
39798460
23743408
50974675
61238775
29420781
12317309
46641104
64810926
38551857
69992640
40306838
67447464
51093352
97890396
45361746
63349455
44343275
117804862
40502004
53898726
38782589
109474443
31460508
55766893
40630563
96715284
40543022
58338973
34566531
72599578
38988849
63460566
55121679
72200472
29021710
65071806
58881658
105864262
27317752
143806902
50979921
100189078
26059044
94169368
51149015
124748988
21604572
66888682
67170567
73476
48096684
50895273
42748947
855345
41902892
51906148
45976113
829862
49610540
57588133
39798460
23743408
50974675
61238775
29420781
12317309
46641104
64810926
38551857
69992640
40306838
67447464
51093352
97890396
45361746
63349455
44343275
117804862
40502004
53898726
38782589
109474443
31460508
55766893
40630563
96715284
40543022
58338973
34566531
72599578
38988849
63460566
55121679
72200472
29021710
65071806
58881658
105864262
27317752
143806902
50979921
100189078
26059044
94169368
51149015
61577171
19251924
20244190
61098305
82184116
22170500
37390911
52962704
110881852
27869656
40848191
53456384
26068504
18817560
39743613
66833788
43859762
25136192
36368361
67083653
64457532
30076002
38158318
50918406
35863039
29551340
31156870
68229409
32243623
27814452
27642361
67450839
16960256
31546108
23543752
62847264
14527842
43506852
30395278
63581910
11920389
30236778
27090089
64690406
1438075
24240225
30364530
64768718
0
23351894
46159107
59332212
875665
25013067
40785346
56621533
10584209
17411192
43809948
49732877
66407663
13546265
45153962
129827446
110881852
27869656
40848191
53456384
26068504
18817560
39743613
66833788
43859762
25136192
36368361
67083653
64457532
30076002
38158318
50918406
35863039
29551340
31156870
68229409
32243623
27814452
27642361
67450839
16960256
31546108
23543752
62847264
14527842
43506852
30395278
63581910
11920389
30236778
27090089
64690406
1438075
24240225
30364530
64768718
0
23351894
46159107
59332212
875665
25013067
40785346
56621533
10584209
17411192
43809948
49732877
66407663
13546265
45153962
129827446
30130260
8741544
37061907
90142704
71397282
10231416
46033230
55896817
26068504
18817560
39743613
66833788
43859762
25136192
36368361
67083653
64457532
30076002
38158318
50918406
35863039
29551340
31156870
68229409
32243623
27814452
27642361
67450839
16960256
31546108
23543752
62847264
14527842
43506852
30395278
63581910
11920389
30236778
27090089
64690406
1438075
24240225
30364530
64768718
0
23351894
46159107
59332212
875665
25013067
40785346
56621533
10584209
17411192
43809948
49732877
66407663
13546265
45153962
129827446
30130260
8741544
37061907
90142704
37228119
10033164
36709692
31555062
7244765
47457248
60636028
38818113
1731940
36734319
54524687
40576530
3290061
17684092
58357243
45491538
7683832
17025860
54186320
46520617
1255059
42170233
58403600
40853538
73476
48096684
50895273
42748947
855345
41902892
51906148
45976113
829862
49610540
57588133
39798460
23743408
50974675
61238775
29420781
12317309
46641104
64810926
38551857
69992640
40306838
67447464
51093352
97890396
45361746
63349455
44343275
117804862
40502004
53898726
38782589
109474443
31460508
55766893
40630563
96715284
40543022
58338973
34566531
72599578
38988849
63460566
55121679
1731940
36734319
54524687
40576530
3290061
17684092
58357243
45491538
7683832
17025860
54186320
46520617
1255059
42170233
58403600
40853538
73476
48096684
50895273
42748947
855345
41902892
51906148
45976113
829862
49610540
57588133
39798460
23743408
50974675
61238775
29420781
12317309
46641104
64810926
38551857
69992640
40306838
67447464
51093352
97890396
45361746
63349455
44343275
117804862
40502004
53898726
38782589
109474443
31460508
55766893
40630563
96715284
40543022
58338973
34566531
72599578
38988849
63460566
55121679
72200472
29021710
65071806
58881658
3290061
17684092
58357243
45491538
7683832
17025860
54186320
46520617
1255059
42170233
58403600
40853538
73476
48096684
50895273
42748947
855345
41902892
51906148
45976113
829862
49610540
57588133
39798460
23743408
50974675
61238775
29420781
12317309
46641104
64810926
38551857
69992640
40306838
67447464
51093352
97890396
45361746
63349455
44343275
117804862
40502004
53898726
38782589
109474443
31460508
55766893
40630563
96715284
40543022
58338973
34566531
72599578
38988849
63460566
55121679
72200472
29021710
65071806
58881658
105864262
27317752
143806902
50979921
124748988
21604572
66888682
67170567
61577171
19251924
20244190
61098305
79643527
18922905
24260241
61583713
82184116
22170500
37390911
52962704
110881852
27869656
40848191
53456384
26068504
18817560
39743613
66833788
43859762
25136192
36368361
67083653
64457532
30076002
38158318
50918406
35863039
29551340
31156870
68229409
32243623
27814452
27642361
67450839
16960256
31546108
23543752
62847264
14527842
43506852
30395278
63581910
11920389
30236778
27090089
64690406
1438075
24240225
30364530
64768718
0
23351894
46159107
59332212
875665
25013067
40785346
56621533
61577171
19251924
20244190
61098305
79643527
18922905
24260241
61583713
82184116
22170500
37390911
52962704
110881852
27869656
40848191
53456384
26068504
18817560
39743613
66833788
43859762
25136192
36368361
67083653
64457532
30076002
38158318
50918406
35863039
29551340
31156870
68229409
32243623
27814452
27642361
67450839
16960256
31546108
23543752
62847264
14527842
43506852
30395278
63581910
11920389
30236778
27090089
64690406
1438075
24240225
30364530
64768718
0
23351894
46159107
59332212
875665
25013067
40785346
56621533
10584209
17411192
43809948
49732877
79643527
18922905
24260241
61583713
82184116
22170500
37390911
52962704
110881852
27869656
40848191
53456384
26068504
18817560
39743613
66833788
43859762
25136192
36368361
67083653
64457532
30076002
38158318
50918406
35863039
29551340
31156870
68229409
32243623
27814452
27642361
67450839
16960256
31546108
23543752
62847264
14527842
43506852
30395278
63581910
11920389
30236778
27090089
64690406
1438075
24240225
30364530
64768718
0
23351894
46159107
59332212
875665
25013067
40785346
56621533
10584209
17411192
43809948
49732877
66407663
13546265
45153962
129827446
71397282
10231416
46033230
55896817
37228119
10033164
36709692
31555062
42191872
8837904
37021246
41373322
25146206
2291328
38573980
42382997
24738460
10196111
40846683
34107882
81906750
76153419
54432654
25226268
25601049
60655136
50062175
29830256
16760956
62960618
40124591
37353368
0
69004107
36802648
32882746
21200052
79100658
62191584
36522292
44215762
61624350
47752047
39638766
60696663
58596904
59117828
44049426
31407880
68862667
71563685
42897445
6980238
61310256
55607554
33361596
9080474
50157770
48099683
28445781
3963352
46211389
51464567
36063968
37228119
10033164
36709692
31555062
42191872
8837904
37021246
41373322
25146206
2291328
38573980
42382997
24738460
10196111
40846683
34107882
81906750
76153419
54432654
25226268
25601049
60655136
50062175
29830256
16760956
62960618
40124591
37353368
0
69004107
36802648
32882746
21200052
79100658
62191584
36522292
44215762
61624350
47752047
39638766
60696663
58596904
59117828
44049426
31407880
68862667
71563685
42897445
6980238
61310256
55607554
33361596
9080474
50157770
48099683
28445781
3963352
46211389
51464567
36063968
6647169
51086927
52207261
43345662
42191872
8837904
37021246
41373322
25146206
2291328
38573980
42382997
24738460
10196111
40846683
34107882
81906750
76153419
54432654
25226268
25601049
60655136
50062175
29830256
16760956
62960618
40124591
37353368
0
69004107
36802648
32882746
21200052
79100658
62191584
36522292
44215762
61624350
47752047
39638766
60696663
58596904
59117828
44049426
31407880
68862667
71563685
42897445
6980238
61310256
55607554
33361596
9080474
50157770
48099683
28445781
3963352
46211389
51464567
36063968
6647169
51086927
52207261
43345662
8320930
94595020
46097810
48713586
72200472
29021710
65071806
58881658
105864262
27317752
143806902
50979921
124748988
21604572
66888682
67170567
61577171
19251924
20244190
61098305
79643527
18922905
24260241
61583713
82184116
22170500
37390911
52962704
110881852
27869656
40848191
53456384
26068504
18817560
39743613
66833788
43859762
25136192
36368361
67083653
64457532
30076002
38158318
50918406
35863039
29551340
31156870
68229409
32243623
27814452
27642361
67450839
16960256
31546108
23543752
62847264
14527842
43506852
30395278
63581910
11920389
30236778
27090089
64690406
105864262
27317752
143806902
50979921
100189078
26059044
94169368
51149015
124748988
21604572
66888682
67170567
61577171
19251924
20244190
61098305
79643527
18922905
24260241
61583713
82184116
22170500
37390911
52962704
110881852
27869656
40848191
53456384
26068504
18817560
39743613
66833788
43859762
25136192
36368361
67083653
64457532
30076002
38158318
50918406
35863039
29551340
31156870
68229409
32243623
27814452
27642361
67450839
16960256
31546108
23543752
62847264
14527842
43506852
30395278
63581910
11920389
30236778
27090089
64690406
1438075
24240225
30364530
64768718
100189078
26059044
94169368
51149015
61577171
19251924
20244190
61098305
79643527
18922905
24260241
61583713
82184116
22170500
37390911
52962704
110881852
27869656
40848191
53456384
26068504
18817560
39743613
66833788
43859762
25136192
36368361
