37945344
33292288
18219008
37355520
44236800
37748736
5898240
11534336
57147392
37617664
61145088
69599232
54591488
38862848
17694720
64684032
39321600
32440320
29556736
73334784
38273024
37879808
20971520
74579968
44040192
38797312
4587520
56819712
57081856
39714816
26673152
58327040
49545216
36569088
22085632
53739520
62390272
36306944
21626880
53739520
58327040
39452672
17039360
59572224
57540608
34603008
2883584
60817408
55246848
38338560
62783488
40894464
34734080
2752512
33423360
20578304
36962304
33357824
49741824
27394048
37945344
33292288
18219008
37355520
44236800
37748736
5898240
11534336
57147392
37617664
61145088
69599232
54591488
38862848
17694720
64684032
39321600
32440320
29556736
73334784
38273024
37879808
20971520
74579968
44040192
38797312
4587520
56819712
57081856
39714816
26673152
58327040
49545216
36569088
22085632
53739520
62390272
36306944
21626880
53739520
58327040
39452672
17039360
59572224
57540608
34603008
2883584
60817408
55246848
38338560
2949120
63111168
65863680
39059456
33423360
20578304
36962304
33357824
49741824
27394048
37945344
33292288
18219008
37355520
44236800
37748736
5898240
11534336
57147392
37617664
61145088
69599232
54591488
38862848
17694720
64684032
39321600
32440320
29556736
73334784
38273024
37879808
20971520
74579968
44040192
38797312
4587520
56819712
57081856
39714816
26673152
58327040
49545216
36569088
22085632
53739520
62390272
36306944
21626880
53739520
58327040
39452672
17039360
59572224
57540608
34603008
2883584
60817408
55246848
38338560
2949120
63111168
65863680
39059456
6684672
62193664
70975488
39649280
30670848
40697856
51707904
35192832
12255232
35586048
53477376
41418752
4194304
13828096
54788096
40173568
0
21364736
53936128
41549824
524288
39452672
61603840
38469632
0
58916864
56950784
45481984
589824
39911424
64880640
45547520
0
41877504
65536000
49741824
2097152
39780352
73662464
51118080
0
32374784
63307776
50724864
1769472
26017792
45678592
54329344
0
38338560
43253760
49741824
0
37158912
61014016
51511296
98041856
38338560
66453504
52559872
96731136
44040192
63897600
57737216
30670848
40697856
51707904
35192832
12255232
35586048
53477376
41418752
4194304
13828096
54788096
40173568
0
21364736
53936128
41549824
524288
39452672
61603840
38469632
0
58916864
56950784
45481984
589824
39911424
64880640
45547520
0
41877504
65536000
49741824
2097152
39780352
73662464
51118080
0
32374784
63307776
50724864
1769472
26017792
45678592
54329344
0
38338560
43253760
49741824
0
37158912
61014016
51511296
98041856
38338560
66453504
52559872
96731136
44040192
63897600
57737216
81592320
54525952
64749568
56229888
12255232
35586048
53477376
41418752
4194304
13828096
54788096
40173568
0
21364736
53936128
41549824
524288
39452672
61603840
38469632
0
58916864
56950784
45481984
589824
39911424
64880640
45547520
0
41877504
65536000
49741824
2097152
39780352
73662464
51118080
0
32374784
63307776
50724864
1769472
26017792
45678592
54329344
0
38338560
43253760
49741824
0
37158912
61014016
51511296
98041856
38338560
66453504
52559872
96731136
44040192
63897600
57737216
81592320
54525952
64749568
56229888
94633984
61079552
59310080
60030976
49741824
27394048
37945344
33292288
18219008
37355520
44236800
37748736
5898240
11534336
57147392
37617664
61145088
69599232
54591488
38862848
17694720
64684032
39321600
32440320
29556736
73334784
38273024
37879808
20971520
74579968
44040192
38797312
4587520
56819712
57081856
39714816
26673152
58327040
49545216
36569088
22085632
53739520
62390272
36306944
49741824
27394048
37945344
33292288
18219008
37355520
44236800
37748736
5898240
11534336
57147392
37617664
61145088
69599232
54591488
38862848
17694720
64684032
39321600
32440320
29556736
73334784
38273024
37879808
20971520
74579968
44040192
38797312
4587520
56819712
57081856
39714816
26673152
58327040
49545216
36569088
22085632
53739520
62390272
36306944
21626880
53739520
58327040
39452672
18219008
37355520
44236800
37748736
5898240
11534336
57147392
37617664
61145088
69599232
54591488
38862848
17694720
64684032
39321600
32440320
29556736
73334784
38273024
37879808
20971520
74579968
44040192
38797312
4587520
56819712
57081856
39714816
26673152
58327040
49545216
36569088
22085632
53739520
62390272
36306944
21626880
53739520
58327040
39452672
17039360
59572224
57540608
34603008
2949120
63111168
65863680
39059456
6684672
62193664
70975488
39649280
0
133038080
63700992
39321600
30670848
40697856
51707904
35192832
12255232
35586048
53477376
41418752
4194304
13828096
54788096
40173568
0
21364736
53936128
41549824
524288
39452672
61603840
38469632
0
58916864
56950784
45481984
589824
39911424
64880640
45547520
0
41877504
65536000
49741824
2097152
39780352
73662464
51118080
0
32374784
63307776
50724864
1769472
26017792
45678592
54329344
0
38338560
43253760
49741824
6684672
62193664
70975488
39649280
0
133038080
63700992
39321600
12451840
95027200
61603840
37748736
30670848
40697856
51707904
35192832
12255232
35586048
53477376
41418752
4194304
13828096
54788096
40173568
0
21364736
53936128
41549824
524288
39452672
61603840
38469632
0
58916864
56950784
45481984
589824
39911424
64880640
45547520
0
41877504
65536000
49741824
2097152
39780352
73662464
51118080
0
32374784
63307776
50724864
1769472
26017792
45678592
54329344
0
38338560
43253760
49741824
0
37158912
61014016
51511296
0
133038080
63700992
39321600
12451840
95027200
61603840
37748736
12255232
35586048
53477376
41418752
4194304
13828096
54788096
40173568
0
21364736
53936128
41549824
524288
39452672
61603840
38469632
0
58916864
56950784
45481984
589824
39911424
64880640
45547520
0
41877504
65536000
49741824
2097152
39780352
73662464
51118080
0
32374784
63307776
50724864
1769472
26017792
45678592
54329344
0
38338560
43253760
49741824
0
37158912
61014016
51511296
98041856
38338560
66453504
52559872
81592320
54525952
64749568
56229888
94633984
61079552
59310080
60030976
104267776
28311552
144506880
57868288
126615552
31326208
54525952
59441152
59310080
41287680
16777216
57212928
67633152
33554432
22937600
60424192
79691776
23330816
34734080
58785792
102957056
31719424
40697856
60096512
16973824
24772608
34078720
62849024
61734912
26542080
44630016
60751872
54394880
27262976
39190528
60620800
27262976
31195136
30539776
59899904
17235968
27131904
29032448
61407232
31522816
23396352
26607616
59179008
18743296
41025536
31457280
55115776
94633984
61079552
59310080
60030976
104267776
28311552
144506880
57868288
81264640
20447232
89063424
55050240
126615552
31326208
54525952
59441152
59310080
41287680
16777216
57212928
67633152
33554432
22937600
60424192
79691776
23330816
34734080
58785792
102957056
31719424
40697856
60096512
16973824
24772608
34078720
62849024
61734912
26542080
44630016
60751872
54394880
27262976
39190528
60620800
27262976
31195136
30539776
59899904
17235968
27131904
29032448
61407232
31522816
23396352
26607616
59179008
18743296
41025536
31457280
55115776
24313856
46661632
27000832
62390272
104267776
28311552
144506880
57868288
81264640
20447232
89063424
55050240
59310080
41287680
16777216
57212928
67633152
33554432
22937600
60424192
79691776
23330816
34734080
58785792
102957056
31719424
40697856
60096512
16973824
24772608
34078720
62849024
61734912
26542080
44630016
60751872
54394880
27262976
39190528
60620800
27262976
31195136
30539776
59899904
17235968
27131904
29032448
61407232
31522816
23396352
26607616
59179008
18743296
41025536
31457280
55115776
24313856
46661632
27000832
62390272
15663104
38928384
31457280
57278464
21626880
53739520
58327040
39452672
17039360
59572224
57540608
34603008
2883584
60817408
55246848
38338560
2949120
63111168
65863680
39059456
6684672
62193664
70975488
39649280
0
133038080
63700992
39321600
30670848
40697856
51707904
35192832
12255232
35586048
53477376
41418752
4194304
13828096
54788096
40173568
0
21364736
53936128
41549824
524288
39452672
61603840
38469632
0
58916864
56950784
45481984
589824
39911424
64880640
45547520
0
41877504
65536000
49741824
2097152
39780352
73662464
51118080
17039360
59572224
57540608
34603008
2883584
60817408
55246848
38338560
2949120
63111168
65863680
39059456
6684672
62193664
70975488
39649280
0
133038080
63700992
39321600
12451840
95027200
61603840
37748736
30670848
40697856
51707904
35192832
12255232
35586048
53477376
41418752
4194304
13828096
54788096
40173568
0
21364736
53936128
41549824
524288
39452672
61603840
38469632
0
58916864
56950784
45481984
589824
39911424
64880640
45547520
0
41877504
65536000
49741824
2097152
39780352
73662464
51118080
0
32374784
63307776
50724864
2883584
60817408
55246848
38338560
2949120
63111168
65863680
39059456
6684672
62193664
70975488
39649280
0
133038080
63700992
39321600
12451840
95027200
61603840
37748736
12255232
35586048
53477376
41418752
4194304
13828096
54788096
40173568
0
21364736
53936128
41549824
524288
39452672
61603840
38469632
0
58916864
56950784
45481984
589824
39911424
64880640
45547520
0
41877504
65536000
49741824
2097152
39780352
73662464
51118080
0
32374784
63307776
50724864
1769472
26017792
45678592
54329344
0
37158912
61014016
51511296
98041856
38338560
66453504
52559872
96731136
44040192
63897600
57737216
81592320
54525952
64749568
56229888
94633984
61079552
59310080
60030976
104267776
28311552
144506880
57868288
126615552
31326208
54525952
59441152
59310080
41287680
16777216
57212928
67633152
33554432
22937600
60424192
79691776
23330816
34734080
58785792
102957056
31719424
40697856
60096512
16973824
24772608
34078720
62849024
61734912
26542080
44630016
60751872
54394880
27262976
39190528
60620800
27262976
31195136
30539776
59899904
98041856
38338560
66453504
52559872
96731136
44040192
63897600
57737216
81592320
54525952
64749568
56229888
94633984
61079552
59310080
60030976
104267776
28311552
144506880
57868288
81264640
20447232
89063424
55050240
126615552
31326208
54525952
59441152
59310080
41287680
16777216
57212928
67633152
33554432
22937600
60424192
79691776
23330816
34734080
58785792
102957056
31719424
40697856
60096512
16973824
24772608
34078720
62849024
61734912
26542080
44630016
60751872
54394880
27262976
39190528
60620800
27262976
31195136
30539776
59899904
17235968
27131904
29032448
61407232
96731136
44040192
63897600
57737216
81592320
54525952
64749568
56229888
94633984
61079552
59310080
60030976
104267776
28311552
144506880
57868288
81264640
20447232
89063424
55050240
59310080
41287680
16777216
57212928
67633152
33554432
22937600
60424192
79691776
23330816
34734080
58785792
102957056
31719424
40697856
60096512
16973824
24772608
34078720
62849024
61734912
26542080
44630016
60751872
54394880
27262976
39190528
60620800
27262976
31195136
30539776
59899904
17235968
27131904
29032448
61407232
31522816
23396352
26607616
59179008
24313856
46661632
27000832
62390272
15663104
38928384
31457280
57278464
17301504
52690944
37814272
53673984
11993088
40370176
38666240
55181312
6684672
25952256
51707904
52363264
16121856
14417920
38207488
93716480
65273856
16384000
33030144
60096512
26804224
5505024
34340864
29818880
36962304
13369344
38404096
34340864
13565952
8519680
42270720
40894464
5963776
655360
40632320
32243712
63766528
107347968
42991616
29556736
19070976
70582272
40304640
34406400
17825792
66387968
33751040
36700160
25952256
77070336
32768000
29622272
15663104
38928384
31457280
57278464
17301504
52690944
37814272
53673984
11993088
40370176
38666240
55181312
6684672
25952256
51707904
52363264
16121856
14417920
38207488
93716480
12124160
22609920
40632320
94896128
65273856
16384000
33030144
60096512
26804224
5505024
34340864
29818880
36962304
13369344
38404096
34340864
13565952
8519680
42270720
40894464
5963776
655360
40632320
32243712
63766528
107347968
42991616
29556736
19070976
70582272
40304640
34406400
17825792
66387968
33751040
36700160
25952256
77070336
32768000
29622272
2752512
76152832
53673984
32440320
17301504
52690944
37814272
53673984
11993088
40370176
38666240
55181312
6684672
25952256
51707904
52363264
16121856
14417920
38207488
93716480
12124160
22609920
40632320
94896128
26804224
5505024
34340864
29818880
36962304
13369344
38404096
34340864
13565952
8519680
42270720
40894464
5963776
655360
40632320
32243712
63766528
107347968
42991616
29556736
19070976
70582272
40304640
34406400
17825792
66387968
33751040
36700160
25952256
77070336
32768000
29622272
2752512
76152832
53673984
32440320
27000832
61734912
58392576
29097984
0
32374784
63307776
50724864
1769472
26017792
45678592
54329344
0
38338560
43253760
49741824
0
37158912
61014016
51511296
98041856
38338560
66453504
52559872
96731136
44040192
63897600
57737216
81592320
54525952
64749568
56229888
94633984
61079552
59310080
60030976
104267776
28311552
144506880
57868288
126615552
31326208
54525952
59441152
59310080
41287680
16777216
57212928
67633152
33554432
22937600
60424192
79691776
23330816
34734080
58785792
102957056
31719424
40697856
60096512
16973824
24772608
34078720
62849024
1769472
26017792
45678592
54329344
0
38338560
43253760
49741824
0
37158912
61014016
51511296
98041856
38338560
66453504
52559872
96731136
44040192
63897600
57737216
81592320
54525952
64749568
56229888
94633984
61079552
59310080
60030976
104267776
28311552
144506880
57868288
81264640
20447232
89063424
55050240
126615552
31326208
54525952
59441152
59310080
41287680
16777216
57212928
67633152
33554432
22937600
60424192
79691776
23330816
34734080
58785792
102957056
31719424
40697856
60096512
16973824
24772608
34078720
62849024
61734912
26542080
44630016
60751872
0
38338560
43253760
49741824
0
37158912
61014016
51511296
98041856
38338560
66453504
52559872
96731136
44040192
63897600
57737216
81592320
54525952
64749568
56229888
94633984
61079552
59310080
60030976
104267776
28311552
144506880
57868288
81264640
20447232
89063424
55050240
59310080
41287680
16777216
57212928
67633152
33554432
22937600
60424192
79691776
23330816
34734080
58785792
102957056
31719424
40697856
60096512
16973824
24772608
34078720
62849024
61734912
26542080
44630016
60751872
54394880
27262976
39190528
60620800
17235968
27131904
29032448
61407232
31522816
23396352
26607616
59179008
18743296
41025536
31457280
55115776
24313856
46661632
27000832
62390272
15663104
38928384
31457280
57278464
17301504
52690944
37814272
53673984
11993088
40370176
38666240
55181312
6684672
25952256
51707904
52363264
16121856
14417920
38207488
93716480
65273856
16384000
33030144
60096512
26804224
5505024
34340864
29818880
36962304
13369344
38404096
34340864
13565952
8519680
42270720
40894464
5963776
655360
40632320
32243712
63766528
107347968
42991616
29556736
31522816
23396352
26607616
59179008
18743296
41025536
31457280
55115776
24313856
46661632
27000832
62390272
15663104
38928384
31457280
57278464
17301504
52690944
37814272
53673984
11993088
40370176
38666240
55181312
6684672
25952256
51707904
52363264
16121856
14417920
38207488
93716480
12124160
22609920
40632320
94896128
65273856
16384000
33030144
60096512
26804224
5505024
34340864
29818880
36962304
13369344
38404096
34340864
13565952
8519680
42270720
40894464
5963776
655360
40632320
32243712
63766528
107347968
42991616
29556736
19070976
70582272
40304640
34406400
18743296
41025536
31457280
55115776
24313856
46661632
27000832
62390272
15663104
38928384
31457280
57278464
17301504
52690944
37814272
53673984
11993088
40370176
38666240
55181312
6684672
25952256
51707904
52363264
16121856
14417920
38207488
93716480
12124160
22609920
40632320
94896128
26804224
5505024
34340864
29818880
36962304
13369344
38404096
34340864
13565952
8519680
42270720
40894464
5963776
655360
40632320
32243712
63766528
107347968
42991616
29556736
19070976
70582272
40304640
34406400
17825792
66387968
33751040
36700160
2752512
76152832
53673984
32440320
27000832
61734912
58392576
29097984
31326208
59768832
65273856
31326208
49414144
66781184
75169792
37158912
68354048
73990144
50855936
29360128
3014656
65536000
42074112
28442624
0
48037888
57802752
29425664
11534336
51183616
62259200
30081024
524288
124452864
60555264
35389440
6488064
44630016
57212928
36700160
1376256
34930688
51707904
38273024
3145728
16121856
56492032
43253760
6815744
14942208
50855936
43515904
917504
37945344
54919168
37355520
0
46137344
48889856
41222144
27000832
61734912
58392576
29097984
31326208
59768832
65273856
31326208
49414144
66781184
75169792
37158912
68354048
73990144
50855936
29360128
3014656
65536000
42074112
28442624
0
48037888
57802752
29425664
11534336
51183616
62259200
30081024
524288
124452864
60555264
35389440
0
93847552
62914560
31326208
6488064
44630016
57212928
36700160
1376256
34930688
51707904
38273024
3145728
16121856
56492032
43253760
6815744
14942208
50855936
43515904
917504
37945344
54919168
37355520
0
46137344
48889856
41222144
655360
39256064
49020928
43253760
31326208
59768832
65273856
31326208
49414144
66781184
75169792
37158912
68354048
73990144
50855936
29360128
3014656
65536000
42074112
28442624
0
48037888
57802752
29425664
11534336
51183616
62259200
30081024
524288
124452864
60555264
35389440
0
93847552
62914560
31326208
1376256
34930688
51707904
38273024
3145728
16121856
56492032
43253760
6815744
14942208
50855936
43515904
917504
37945344
54919168
37355520
0
46137344
48889856
41222144
655360
39256064
49020928
43253760
655360
45613056
51904512
38076416
61734912
26542080
44630016
60751872
54394880
27262976
39190528
60620800
27262976
31195136
30539776
59899904
17235968
27131904
29032448
61407232
31522816
23396352
26607616
59179008
18743296
41025536
31457280
55115776
24313856
46661632
27000832
62390272
15663104
38928384
31457280
57278464
17301504
52690944
37814272
53673984
11993088
40370176
38666240
55181312
6684672
25952256
51707904
52363264
16121856
14417920
38207488
93716480
65273856
16384000
33030144
60096512
26804224
5505024
34340864
29818880
36962304
13369344
38404096
34340864
54394880
27262976
39190528
60620800
27262976
31195136
30539776
59899904
17235968
27131904
29032448
61407232
31522816
23396352
26607616
59179008
18743296
41025536
31457280
55115776
24313856
46661632
27000832
62390272
15663104
38928384
31457280
57278464
17301504
52690944
37814272
53673984
11993088
40370176
38666240
55181312
6684672
25952256
51707904
52363264
16121856
14417920
38207488
93716480
12124160
22609920
40632320
94896128
65273856
16384000
33030144
60096512
26804224
5505024
34340864
29818880
36962304
13369344
38404096
34340864
13565952
8519680
42270720
40894464
27262976
31195136
30539776
59899904
17235968
27131904
29032448
61407232
31522816
23396352
26607616
59179008
18743296
41025536
31457280
55115776
24313856
46661632
27000832
62390272
15663104
38928384
31457280
57278464
17301504
52690944
37814272
53673984
11993088
40370176
38666240
55181312
6684672
25952256
51707904
52363264
16121856
14417920
38207488
93716480
12124160
22609920
40632320
94896128
26804224
5505024
34340864
29818880
36962304
13369344
38404096
34340864
13565952
8519680
42270720
40894464
5963776
655360
40632320
32243712
19070976
70582272
40304640
34406400
17825792
66387968
33751040
36700160
25952256
77070336
32768000
29622272
2752512
76152832
53673984
32440320
27000832
61734912
58392576
29097984
31326208
59768832
65273856
31326208
49414144
66781184
75169792
37158912
68354048
73990144
50855936
29360128
3014656
65536000
42074112
28442624
0
48037888
57802752
29425664
11534336
51183616
62259200
30081024
524288
124452864
60555264
35389440
6488064
44630016
57212928
36700160
1376256
34930688
51707904
38273024
3145728
16121856
56492032
43253760
17825792
66387968
33751040
36700160
25952256
77070336
32768000
29622272
2752512
76152832
53673984
32440320
27000832
61734912
58392576
29097984
31326208
59768832
65273856
31326208
49414144
66781184
75169792
37158912
68354048
73990144
50855936
29360128
3014656
65536000
42074112
28442624
0
48037888
57802752
29425664
11534336
51183616
62259200
30081024
524288
124452864
60555264
35389440
0
93847552
62914560
31326208
6488064
44630016
57212928
36700160
1376256
34930688
51707904
38273024
3145728
16121856
56492032
43253760
6815744
14942208
50855936
43515904
25952256
77070336
32768000
29622272
2752512
76152832
53673984
32440320
27000832
61734912
58392576
29097984
31326208
59768832
65273856
31326208
49414144
66781184
75169792
37158912
68354048
73990144
50855936
29360128
3014656
65536000
42074112
28442624
0
48037888
57802752
29425664
11534336
51183616
62259200
30081024
524288
124452864
60555264
35389440
0
93847552
62914560
31326208
1376256
34930688
51707904
38273024
3145728
16121856
56492032
43253760
6815744
14942208
50855936
43515904
917504
37945344
54919168
37355520
655360
39256064
49020928
43253760
655360
45613056
51904512
38076416
21626880
48037888
57081856
28573696
9502720
43450368
61931520
35061760
66060288
37748736
65667072
48431104
94568448
41418752
60555264
41746432
114819072
37617664
50790400
35258368
106692608
28639232
53280768
38535168
92209152
37748736
55902208
32440320
69599232
35782656
61014016
51380224
69074944
27262976
61997056
55377920
103022592
25165824
138936320
49676288
121241600
20643840
65011712
62128128
57933824
18743296
19005440
57147392
75759616
17301504
21102592
59244544
655360
45613056
51904512
38076416
21626880
48037888
57081856
28573696
9502720
43450368
61931520
35061760
66060288
37748736
65667072
48431104
94568448
41418752
60555264
41746432
114819072
37617664
50790400
35258368
106692608
28639232
53280768
38535168
92209152
37748736
55902208
32440320
69599232
35782656
61014016
51380224
69074944
27262976
61997056
55377920
103022592
25165824
138936320
49676288
96600064
24510464
90243072
47382528
121241600
20643840
65011712
62128128
57933824
18743296
19005440
57147392
75759616
17301504
21102592
59244544
80281600
21102592
34734080
50200576
21626880
48037888
57081856
28573696
9502720
43450368
61931520
35061760
66060288
37748736
65667072
48431104
94568448
41418752
60555264
41746432
114819072
37617664
50790400
35258368
106692608
28639232
53280768
38535168
92209152
37748736
55902208
32440320
69599232
35782656
61014016
51380224
69074944
27262976
61997056
55377920
103022592
25165824
138936320
49676288
96600064
24510464
90243072
47382528
57933824
18743296
19005440
57147392
75759616
17301504
21102592
59244544
80281600
21102592
34734080
50200576
105316352
25559040
39518208
49414144
13565952
8519680
42270720
40894464
5963776
655360
40632320
32243712
63766528
107347968
42991616
29556736
19070976
70582272
40304640
34406400
17825792
66387968
33751040
36700160
25952256
77070336
32768000
29622272
2752512
76152832
53673984
32440320
27000832
61734912
58392576
29097984
31326208
59768832
65273856
31326208
49414144
66781184
75169792
37158912
68354048
73990144
50855936
29360128
3014656
65536000
42074112
28442624
0
48037888
57802752
29425664
11534336
51183616
62259200
30081024
524288
124452864
60555264
35389440
5963776
655360
40632320
32243712
63766528
107347968
42991616
29556736
19070976
70582272
40304640
34406400
17825792
66387968
33751040
36700160
25952256
77070336
32768000
29622272
2752512
76152832
53673984
32440320
27000832
61734912
58392576
29097984
31326208
59768832
65273856
31326208
49414144
66781184
75169792
37158912
68354048
73990144
50855936
29360128
3014656
65536000
42074112
28442624
0
48037888
57802752
29425664
11534336
51183616
62259200
30081024
524288
124452864
60555264
35389440
0
93847552
62914560
31326208
6488064
44630016
57212928
36700160
63766528
107347968
42991616
29556736
19070976
70582272
40304640
34406400
17825792
66387968
33751040
36700160
25952256
77070336
32768000
29622272
2752512
76152832
53673984
32440320
27000832
61734912
58392576
29097984
31326208
59768832
65273856
31326208
49414144
66781184
75169792
37158912
68354048
73990144
50855936
29360128
3014656
65536000
42074112
28442624
0
48037888
57802752
29425664
11534336
51183616
62259200
30081024
524288
124452864
60555264
35389440
0
93847552
62914560
31326208
1376256
34930688
51707904
38273024
6815744
14942208
50855936
43515904
917504
37945344
54919168
37355520
0
46137344
48889856
41222144
655360
39256064
49020928
43253760
655360
45613056
51904512
38076416
21626880
48037888
57081856
28573696
9502720
43450368
61931520
35061760
66060288
37748736
65667072
48431104
94568448
41418752
60555264
41746432
114819072
37617664
50790400
35258368
106692608
28639232
53280768
38535168
92209152
37748736
55902208
32440320
69599232
35782656
61014016
51380224
69074944
27262976
61997056
55377920
103022592
25165824
138936320
49676288
917504
37945344
54919168
37355520
0
46137344
48889856
41222144
655360
39256064
49020928
43253760
655360
45613056
51904512
38076416
21626880
48037888
57081856
28573696
9502720
43450368
61931520
35061760
66060288
37748736
65667072
48431104
94568448
41418752
60555264
41746432
114819072
37617664
50790400
35258368
106692608
28639232
53280768
38535168
92209152
37748736
55902208
32440320
69599232
35782656
61014016
51380224
69074944
27262976
61997056
55377920
103022592
25165824
138936320
49676288
96600064
24510464
90243072
47382528
121241600
20643840
65011712
62128128
0
46137344
48889856
41222144
655360
39256064
49020928
43253760
655360
45613056
51904512
38076416
21626880
48037888
57081856
28573696
9502720
43450368
61931520
35061760
66060288
37748736
65667072
48431104
94568448
41418752
60555264
41746432
114819072
37617664
50790400
35258368
106692608
28639232
53280768
38535168
92209152
37748736
55902208
32440320
69599232
35782656
61014016
51380224
69074944
27262976
61997056
55377920
103022592
25165824
138936320
49676288
96600064
24510464
90243072
47382528
57933824
18743296
19005440
57147392
80281600
21102592
34734080
50200576
105316352
25559040
39518208
49414144
25034752
17301504
35979264
63635456
40632320
23592960
33816576
63307776
61145088
27852800
35717120
48758784
33816576
28311552
27918336
64094208
31784960
26279936
25165824
64159744
15925248
28704768
23003136
59834368
13762560
40697856
26542080
61603840
11534336
28311552
24117248
60030976
1179648
23003136
28442624
62193664
0
20905984
43057152
54263808
655360
23199744
37355520
52953088
10223616
15466496
41287680
46989312
64880640
11272192
42663936
125698048
105316352
25559040
39518208
49414144
25034752
17301504
35979264
63635456
40632320
23592960
33816576
63307776
61145088
27852800
35717120
48758784
33816576
28311552
27918336
64094208
31784960
26279936
25165824
64159744
15925248
28704768
23003136
59834368
13762560
40697856
26542080
61603840
11534336
28311552
24117248
60030976
1179648
23003136
28442624
62193664
0
20905984
43057152
54263808
655360
23199744
37355520
52953088
10223616
15466496
41287680
46989312
64880640
11272192
42663936
125698048
28704768
8519680
35389440
85590016
69337088
9175040
44040192
52690944
25034752
17301504
35979264
63635456
40632320
23592960
33816576
63307776
61145088
27852800
35717120
48758784
33816576
28311552
27918336
64094208
31784960
26279936
25165824
64159744
15925248
28704768
23003136
59834368
13762560
40697856
26542080
61603840
11534336
28311552
24117248
60030976
1179648
23003136
28442624
62193664
0
20905984
43057152
54263808
655360
23199744
37355520
52953088
10223616
15466496
41287680
46989312
64880640
11272192
42663936
125698048
28704768
8519680
35389440
85590016
34603008
9175040
34537472
28704768
6488064
44630016
57212928
36700160
1376256
34930688
51707904
38273024
3145728
16121856
56492032
43253760
6815744
14942208
50855936
43515904
917504
37945344
54919168
37355520
0
46137344
48889856
41222144
655360
39256064
49020928
43253760
655360
45613056
51904512
38076416
21626880
48037888
57081856
28573696
9502720
43450368
61931520
35061760
66060288
37748736
65667072
48431104
94568448
41418752
60555264
41746432
114819072
37617664
50790400
35258368
106692608
28639232
53280768
38535168
92209152
37748736
55902208
32440320
69599232
35782656
61014016
51380224
1376256
34930688
51707904
38273024
3145728
16121856
56492032
43253760
6815744
14942208
50855936
43515904
917504
37945344
54919168
37355520
0
46137344
48889856
41222144
655360
39256064
49020928
43253760
655360
45613056
51904512
38076416
21626880
48037888
57081856
28573696
9502720
43450368
61931520
35061760
66060288
37748736
65667072
48431104
94568448
41418752
60555264
41746432
114819072
37617664
50790400
35258368
106692608
28639232
53280768
38535168
92209152
37748736
55902208
32440320
69599232
35782656
61014016
51380224
69074944
27262976
61997056
55377920
3145728
16121856
56492032
43253760
6815744
14942208
50855936
43515904
917504
37945344
54919168
37355520
0
46137344
48889856
41222144
655360
39256064
49020928
43253760
655360
45613056
51904512
38076416
21626880
48037888
57081856
28573696
9502720
43450368
61931520
35061760
66060288
37748736
65667072
48431104
94568448
41418752
60555264
41746432
114819072
37617664
50790400
35258368
106692608
28639232
53280768
38535168
92209152
37748736
55902208
32440320
69599232
35782656
61014016
51380224
69074944
27262976
61997056
55377920
103022592
25165824
138936320
49676288
121241600
20643840
65011712
62128128
57933824
18743296
19005440
57147392
75759616
17301504
21102592
59244544
80281600
21102592
34734080
50200576
105316352
25559040
39518208
49414144
25034752
17301504
35979264
63635456
40632320
23592960
33816576
63307776
61145088
27852800
35717120
48758784
33816576
28311552
27918336
64094208
31784960
26279936
25165824
64159744
15925248
28704768
23003136
59834368
13762560
40697856
26542080
61603840
11534336
28311552
24117248
60030976
1179648
23003136
28442624
62193664
0
20905984
43057152
54263808
655360
23199744
37355520
52953088
57933824
18743296
19005440
57147392
75759616
17301504
21102592
59244544
80281600
21102592
34734080
50200576
105316352
25559040
39518208
49414144
25034752
17301504
35979264
63635456
40632320
23592960
33816576
63307776
61145088
27852800
35717120
48758784
33816576
28311552
27918336
64094208
31784960
26279936
25165824
64159744
15925248
28704768
23003136
59834368
13762560
40697856
26542080
61603840
11534336
28311552
24117248
60030976
1179648
23003136
28442624
62193664
0
20905984
43057152
54263808
655360
23199744
37355520
52953088
10223616
15466496
41287680
46989312
75759616
17301504
21102592
59244544
80281600
21102592
34734080
50200576
105316352
25559040
39518208
49414144
25034752
17301504
35979264
63635456
40632320
23592960
33816576
63307776
61145088
27852800
35717120
48758784
33816576
28311552
27918336
64094208
31784960
26279936
25165824
64159744
15925248
28704768
23003136
59834368
13762560
40697856
26542080
61603840
11534336
28311552
24117248
60030976
1179648
23003136
28442624
62193664
0
20905984
43057152
54263808
655360
23199744
37355520
52953088
10223616
15466496
41287680
46989312
64880640
11272192
42663936
125698048
69337088
9175040
44040192
52690944
34603008
9175040
34537472
28704768
40632320
8257536
35192832
37748736
23396352
1966080
37158912
39583744
23003136
9437184
36372480
30670848
78643200
72613888
51249152
23986176
23789568
57212928
45154304
26214400
16515072
60162048
38207488
33226752
0
66191360
34996224
29753344
20185088
76283904
59113472
33226752
41418752
58982400
44171264
37748736
57016320
57278464
55312384
42139648
28966912
65273856
70516736
39649280
5636096
58195968
52887552
29491200
7471104
48627712
44695552
26345472
3211264
44433408
48365568
33423360
34603008
9175040
34537472
28704768
40632320
8257536
35192832
37748736
23396352
1966080
37158912
39583744
23003136
9437184
36372480
30670848
78643200
72613888
51249152
23986176
23789568
57212928
45154304
26214400
16515072
60162048
38207488
33226752
0
66191360
34996224
29753344
20185088
76283904
59113472
33226752
41418752
58982400
44171264
37748736
57016320
57278464
55312384
42139648
28966912
65273856
70516736
39649280
5636096
58195968
52887552
29491200
7471104
48627712
44695552
26345472
3211264
44433408
48365568
33423360
5242880
47972352
49283072
41025536
40632320
8257536
35192832
37748736
23396352
1966080
37158912
39583744
23003136
9437184
36372480
30670848
78643200
72613888
51249152
23986176
23789568
57212928
45154304
26214400
16515072
60162048
38207488
33226752
0
66191360
34996224
29753344
20185088
76283904
59113472
33226752
41418752
58982400
44171264
37748736
57016320
57278464
55312384
42139648
28966912
65273856
70516736
39649280
5636096
58195968
52887552
29491200
7471104
48627712
44695552
26345472
3211264
44433408
48365568
33423360
5242880
47972352
49283072
41025536
7864320
89784320
42467328
45613056
69074944
27262976
61997056
55377920
103022592
25165824
138936320
49676288
121241600
20643840
65011712
62128128
57933824
18743296
19005440
57147392
75759616
17301504
21102592
59244544
80281600
21102592
34734080
50200576
105316352
25559040
39518208
49414144
25034752
17301504
35979264
63635456
40632320
23592960
33816576
63307776
61145088
27852800
35717120
48758784
33816576
28311552
27918336
64094208
31784960
26279936
25165824
64159744
15925248
28704768
23003136
59834368
13762560
40697856
26542080
61603840
11534336
28311552
24117248
60030976
103022592
25165824
138936320
49676288
96600064
24510464
90243072
47382528
121241600
20643840
65011712
62128128
57933824
18743296
19005440
57147392
75759616
17301504
21102592
59244544
80281600
21102592
34734080
50200576
105316352
25559040
39518208
49414144
25034752
17301504
35979264
63635456
40632320
23592960
33816576
63307776
61145088
27852800
35717120
48758784
33816576
28311552
27918336
64094208
31784960
26279936
25165824
64159744
15925248
28704768
23003136
59834368
13762560
40697856
26542080
61603840
11534336
28311552
24117248
60030976
1179648
23003136
28442624
62193664
96600064
24510464
90243072
47382528
57933824
18743296
19005440
57147392
75759616
17301504
21102592
59244544
80281600
21102592
34734080
50200576
105316352
25559040
39518208
49414144
25034752
17301504
35979264
63635456
40632320
23592960
33816576
