-32896
-41120
-166016
-41504
-2560
-3200
34816
10752
41472
2048
131072
43008
40960
34816
524288
-139808
-43176
-166536
-176392
-54474
-210114
-10880
-3360
-12960
139264
133120
139264
165888
133120
133120
2048
32768
524288
688128
665600
532480
524288
524288
-34952
-526336
-559232
-534560
-559232
-666144
-534560
-176392
-2594
-41504
-664064
-871584
-843050
-674440
-40960
-43520
-51200
-41600
-43520
-51840
-41600
-41600
131072
163840
655360
133120
-534560
-657920
-559232
-32896
-664064
-664064
-830080
-168610
-51200
-43520
-2560
