-1419912
695546
-264792
-712030
-919778
174450
320612
263396
-3188842
-312768
-857904
105318
-1205288
582736
669718
334518
68348
-144114
-2193164
-114366
705130
1192494
-1421466
-1816794
690396
-12364
244774
-1205288
-239466
92592
-2483232
-1098320
-3094594
-2562594
-1219834
-1190028
-805576
-351562
-860158
-853496
-324894
-1805778
-2703650
-1018314
-2417916
-952244
297224
2703388
927196
1276614
145792
330240
1025546
489054
826366
-2265376
-228198
-3459742
-3569346
-3911050
-2711788
258786
237046
-747918
-682646
-590562
-808408
-469150
-117376
-962800
-2788356
-228198
3400516
393884
-1176954
2192298
8534102
1513316
1862440
401142
382096
4269878
94966
1349144
983694
394540
1469664
3078590
-2617414
3764234
1535258
27614
-111820
-2827558
-84138
1026260
-2084390
2851202
-1298536
-561074
-2322694
-4787746
-3435302
59274
-631338
-1356080
928078
-262404
-924724
-781064
-3375088
-3091446
-1147724
59274
105318
-362322
-1740194
-277986
-33958
-961970
-2074842
-1258802
-1009738
-936226
-558458
-49458
-561340
-1104840
-225498
-910350
-1623660
-552752
247314
675776
531792
-719660
-533448
394834
-911062
-497066
-3368400
-853450
233376
-225498
-448182
-805318
-396162
-746466
-837106
-984862
-681730
442580
-250378
202604
-841004
-1444264
-1126518
-448182
-2265376
142310
-272092
-2973874
-1130480
260254
1665612
1705032
8115056
2360040
-8743330
-9494412
937654
-1083202
2542694
-1864588
-2300020
-3204516
-3095242
-5274450
-1716570
226686
781508
2459064
1087880
-8757928
-8399248
733652
-2046936
2542694
1866118
-2460668
-313758
153164
-545820
-2944264
-391434
1162088
8001754
453072
-554786
-1383130
301090
1866118
575602
-519650
349616
-3113052
-2067402
-1046734
760082
-833970
-1259978
332120
-322900
-872616
-1383596
-1101114
-12504
-2321368
-2242850
-495564
-1396274
-1821480
-2153236
-276390
-3451642
-1550156
693972
-1054992
-2176626
-612730
-1348770
-12504
549342
-3599542
-2015580
-3094614
-328014
-859076
-393558
-674462
38888
121984
-613126
-49418
379674
549342
-1104840
-1028608
56454
-1285408
1207370
-178
638288
1018050
713112
-513146
-1237972
-1620234
-1014152
-1361384
-1554408
-870986
-1229228
-763118
-338724
319124
-379008
-1706706
-1250516
-458134
-1164406
-1247534
-1277990
-513578
-1394346
-1554408
-1116546
-877226
-810102
-491408
-1109318
-603576
-419408
-937566
-1461224
-2207576
-929552
-1934442
-507750
-1116546
-1083202
1491428
-2664034
926676
1124684
-1214160
634508
-7716
1409610
-1880446
8814092
-5274404
2434834
-1400350
-2467366
-2869954
-205094
-90996
-7640670
-4180934
-5833084
-606770
-692328
770556
-3809978
1104152
-4604194
778454
-1761184
-2467366
-44416
143876
633682
858416
-2727070
-2008606
-3812208
1887728
-4500
-5218112
393366
4175326
2741394
-44416
110592
-445792
-638218
206166
-2354166
-884558
-3225422
-1370594
267632
2469148
-502136
359278
119600
469482
2497584
-2304358
-2468044
-3733994
-446066
-616202
1280304
673970
42626
3355462
1002872
798528
341352
-1676922
2679342
2497584
-594472
-368716
-1994860
-483246
-2065484
-1470760
546922
2978022
3961454
688724
600866
-1019122
715876
-594472
-1361384
-1664654
-1516602
387960
270550
-1001800
-1581886
-213798
-997868
-2335458
-4128002
-557252
805704
-363644
-23894
-2257614
-805460
-503322
-1375760
-1936622
-3004066
-175962
276960
-7323010
508498
-1958682
1092328
558448
820958
-23894
-961956
-1749920
-786234
-1348710
-1587850
-22098
-487638
-232322
-837412
-322258
-2497184
-1230974
-275214
-961956
-1400350
155424
-1251114
-1040172
-744314
-2624652
-1150268
-1341234
-3840880
-1639990
-2454474
8164220
604564
-1282338
-5537160
-2169318
-2099536
-2432244
-3218944
-3453716
-3893616
-698882
-4542428
-2051386
-3115842
-4088680
-676428
-249292
-2912288
-5537160
-144898
1348712
768768
367978
-1668194
-331306
357804
2291760
2982688
774058
255988
1929312
10194570
-144898
285206
-76436
-1230838
-599146
727306
826782
-429004
575602
-1834642
-79996
-1869196
-198642
642554
2758136
1458260
1778702
-2021134
-1394752
-2745882
-1310888
-567896
-3228754
-539622
252020
731918
3684322
999968
2198702
2758136
-1937660
-1967690
-1097124
636848
15748
-711736
602048
-2143954
78952
737008
979046
-1518136
988604
-1937660
-363644
582032
-560798
592022
166150
-1041824
873180
192808
504870
-3817430
37362
-1339010
-22076
432214
-205998
27610
401416
61440
62934
1252990
32206
1063960
-143762
102666
-774484
12190
474642
-1110448
156252
-205998
-303440
-645718
-42796
-925280
-820158
-320080
-3304962
-1576016
-499712
-866560
125212
297770
-194032
-303440
-1282338
-468162
-1484326
571636
-655110
-235850
2153266
-8314612
-2416806
2219896
738872
-276754
-1198814
-450826
-1028314
-2427866
-1568608
-2917802
-1769948
-1386066
-8353782
-2723822
-655006
-1396704
-542920
-3469814
-2728394
-4995038
-3123356
-1028314
-2491380
-1612730
-1503258
-3698042
1042504
442602
-2311574
-1039394
-204812
-1709596
-441978
-4190640
-2873410
-2491380
358924
-3074450
482372
1950854
1203294
799786
1269612
110592
1055852
-218424
1945676
-1811176
-2358968
278340
-4706304
2256556
251980
-1785804
-2323256
-2081938
-1765314
-1596474
-1660356
551646
651366
-1927652
-2274346
-1557850
-2172446
-1969868
560992
-984014
-771624
289660
718862
-104084
798546
415802
-1829984
-2406420
-3089970
-704678
432214
477678
-1347510
-2150612
-826916
-2331542
-2076278
-927902
-2431670
102744
368606
-1519442
1139060
-3214306
3160002
-207450
307270
-122460
-167362
354036
-10654
-1861510
-789790
-257392
-529310
118492
-1332908
207532
186174
726338
-729170
152324
-52800
-1070826
-270006
-1355066
-425366
-407198
43824
-2697218
-202468
-1899448
-123414
-450826
-2206812
-1041652
3580654
3390418
-9302644
708218
-871562
-1114580
