-647.000000 0.000000
-471.000000 0.000000
3530.000000 1.000000
959.000000 0.000000
-1080.000000 0.000000
-846.000000 0.000000
-1040.000000 0.000000
-28.687500 0.000000
455.000000 0.000000
-926.500000 0.000000

2178.000000 1.000000
-130.750000 0.000000
455.250000 0.000000
-616.000000 0.000000
-236.000000 0.000000
454.250000 0.000000
79.125000 0.000000
-164.000000 0.000000
-557.500000 0.000000
-515.500000 0.000000

-1095.000000 0.000000
-889.000000 0.000000
6.648438 0.000000
391.250000 0.000000
325.750000 0.000000
-354.000000 0.000000
-1162.000000 0.000000
-291.750000 0.000000
1197.000000 0.000000
1918.000000 1.000000

782.000000 1.000000
-1300.000000 0.000000
353.500000 0.000000
222.125000 0.000000
-60.406250 0.000000
-470.750000 0.000000
-589.500000 0.000000
-516.500000 0.000000
713.500000 0.000000
682.500000 0.000000

-1315.000000 0.000000
-392.750000 0.000000
590.500000 0.000000
3564.000000 1.000000
-1826.000000 0.000000
292.500000 0.000000
-1132.000000 0.000000
-821.000000 0.000000
1347.000000 0.000000
-224.500000 0.000000

-794.000000 0.000000
-1357.000000 0.000000
-112.812500 0.000000
257.000000 0.000000
277.500000 0.000000
36.437500 0.000000
-1152.000000 0.000000
1063.000000 0.000000
266.750000 0.000000
1588.000000 1.000000

3628.000000 1.000000
-481.750000 0.000000
1296.000000 0.000000
-1058.000000 0.000000
-534.500000 0.000000
-1035.000000 0.000000
430.000000 0.000000
-606.000000 0.000000
-413.500000 0.000000
-373.000000 0.000000

-1701.000000 0.000000
-807.500000 0.000000
787.500000 0.000000
3722.000000 1.000000
-1335.000000 0.000000
597.500000 0.000000
-2574.000000 0.000000
-562.000000 0.000000
719.500000 0.000000
980.000000 0.000000

2946.000000 1.000000
-1.879883 0.000000
577.000000 0.000000
-385.250000 0.000000
-1120.000000 0.000000
322.000000 0.000000
-301.750000 0.000000
-392.000000 0.000000
-1043.000000 0.000000
-3.511719 0.000000

-2340.000000 0.000000
-918.500000 0.000000
-4.296875 0.000000
3998.000000 1.000000
-1287.000000 0.000000
1319.000000 0.000000
-1785.000000 0.000000
-607.500000 0.000000
764.500000 0.000000
405.000000 0.000000

-1923.000000 0.000000
-1670.000000 0.000000
-1426.000000 0.000000
1121.000000 0.000000
-1665.000000 0.000000
4116.000000 1.000000
-308.250000 0.000000
-1462.000000 0.000000
819.000000 0.000000
1426.000000 0.000000

-196.250000 0.000000
-141.875000 0.000000
1381.000000 0.000000
1038.000000 0.000000
-1162.000000 0.000000
-1303.000000 0.000000
-1884.000000 0.000000
1508.000000 1.000000
613.500000 0.000000
519.000000 0.000000

-1852.000000 0.000000
-1011.000000 0.000000
-1023.500000 0.000000
374.250000 0.000000
1868.000000 1.000000
289.000000 0.000000
-1572.000000 0.000000
243.750000 0.000000
812.500000 0.000000
1223.000000 0.000000

3932.000000 1.000000
-852.000000 0.000000
370.500000 0.000000
-980.000000 0.000000
-1170.000000 0.000000
-74.000000 0.000000
648.000000 0.000000
-312.250000 0.000000
-626.000000 0.000000
344.250000 0.000000

-911.000000 0.000000
-887.000000 0.000000
-581.000000 0.000000
-367.500000 0.000000
2204.000000 1.000000
-781.000000 0.000000
-248.500000 0.000000
-95.562500 0.000000
788.500000 0.000000
758.000000 0.000000

-1079.000000 0.000000
-369.250000 0.000000
276.750000 0.000000
2462.000000 1.000000
61.562500 0.000000
1158.000000 0.000000
-2001.000000 0.000000
-1092.000000 0.000000
716.000000 0.000000
77.750000 0.000000

-599.000000 0.000000
-250.250000 0.000000
202.000000 0.000000
2888.000000 1.000000
-1314.000000 0.000000
1078.000000 0.000000
-895.500000 0.000000
-714.000000 0.000000
115.312500 0.000000
161.750000 0.000000

-376.750000 0.000000
935.000000 1.000000
-343.500000 0.000000
50.937500 0.000000
-87.625000 0.000000
-194.500000 0.000000
-349.750000 0.000000
21.578125 0.000000
504.000000 0.000000
-289.500000 0.000000

-1602.000000 0.000000
-556.000000 0.000000
-890.500000 0.000000
344.500000 0.000000
1094.000000 0.000000
-50.468750 0.000000
-2320.000000 0.000000
-231.500000 0.000000
1255.000000 0.000000
2792.000000 1.000000

3490.000000 1.000000
-1612.000000 0.000000
557.500000 0.000000
-1389.000000 0.000000
-1082.000000 0.000000
-368.500000 0.000000
677.500000 0.000000
58.781250 0.000000
134.625000 0.000000
326.000000 0.000000

-1265.000000 0.000000
-635.000000 0.000000
-161.750000 0.000000
628.500000 0.000000
336.000000 0.000000
-328.500000 0.000000
-2031.000000 0.000000
133.625000 0.000000
994.000000 0.000000
2204.000000 1.000000

-379.000000 0.000000
1521.000000 1.000000
-74.250000 0.000000
-131.500000 0.000000
-79.375000 0.000000
-569.000000 0.000000
-566.500000 0.000000
299.500000 0.000000
513.500000 0.000000
-516.000000 0.000000

-802.000000 0.000000
1185.000000 1.000000
231.625000 0.000000
-128.750000 0.000000
61.437500 0.000000
-1709.000000 0.000000
-769.500000 0.000000
787.500000 0.000000
971.500000 0.000000
-413.500000 0.000000

-96.437500 0.000000
-1038.000000 0.000000
-1116.000000 0.000000
-174.500000 0.000000
-1398.000000 0.000000
3050.000000 1.000000
-194.125000 0.000000
-431.750000 0.000000
651.500000 0.000000
460.000000 0.000000

-440.000000 0.000000
-283.000000 0.000000
169.750000 0.000000
689.500000 0.000000
-327.250000 0.000000
-279.250000 0.000000
-2040.000000 0.000000
1983.000000 1.000000
91.000000 0.000000
597.500000 0.000000

-1488.000000 0.000000
139.375000 0.000000
-408.250000 0.000000
-95.937500 0.000000
2684.000000 1.000000
-422.000000 0.000000
-1018.000000 0.000000
-258.000000 0.000000
178.625000 0.000000
587.500000 0.000000

-1858.000000 0.000000
343.500000 0.000000
3144.000000 1.000000
1276.000000 0.000000
-1027.000000 0.000000
-1162.000000 0.000000
-183.750000 0.000000
-837.000000 0.000000
1158.000000 0.000000
-1565.000000 0.000000

-100.500000 0.000000
-1121.000000 0.000000
-450.000000 0.000000
-307.750000 0.000000
-201.625000 0.000000
-46.625000 0.000000
-2124.000000 0.000000
1859.000000 1.000000
-187.625000 0.000000
1159.000000 0.000000

-1454.000000 0.000000
122.187500 0.000000
-821.000000 0.000000
57.531250 0.000000
1544.000000 1.000000
-817.500000 0.000000
-1887.000000 0.000000
307.750000 0.000000
1112.000000 0.000000
1331.000000 0.000000

-405.250000 0.000000
-235.500000 0.000000
546.000000 0.000000
973.000000 0.000000
-914.500000 0.000000
-480.000000 0.000000
-1972.000000 0.000000
1984.000000 1.000000
534.000000 0.000000
385.000000 0.000000

-598.500000 0.000000
-331.500000 0.000000
1201.000000 0.000000
887.000000 0.000000
-456.000000 0.000000
-917.000000 0.000000
-2028.000000 0.000000
1608.000000 1.000000
661.500000 0.000000
207.375000 0.000000

-673.000000 0.000000
-1268.000000 0.000000
-667.000000 0.000000
857.000000 0.000000
-602.500000 0.000000
2494.000000 1.000000
-615.000000 0.000000
-1158.000000 0.000000
976.000000 0.000000
366.500000 0.000000

-1562.000000 0.000000
-671.500000 0.000000
17.062500 0.000000
-372.250000 0.000000
3480.000000 1.000000
-660.000000 0.000000
-818.000000 0.000000
84.875000 0.000000
378.750000 0.000000
78.125000 0.000000

186.000000 0.000000
271.500000 0.000000
3788.000000 1.000000
1094.000000 0.000000
-2220.000000 0.000000
-1785.000000 0.000000
-1402.000000 0.000000
-13.703125 0.000000
1698.000000 0.000000
-1508.000000 0.000000

-193.875000 0.000000
-864.000000 0.000000
411.750000 0.000000
256.750000 0.000000
64.375000 0.000000
450.000000 0.000000
3574.000000 1.000000
-2504.000000 0.000000
472.250000 0.000000
-1173.000000 0.000000

-13.632812 0.000000
1005.500000 0.000000
2524.000000 1.000000
370.750000 0.000000
-815.000000 0.000000
-1296.000000 0.000000
-1583.000000 0.000000
848.000000 0.000000
863.500000 0.000000
-993.500000 0.000000

-291.500000 0.000000
-1084.000000 0.000000
-368.750000 0.000000
-321.000000 0.000000
-1097.000000 0.000000
2007.000000 1.000000
352.500000 0.000000
-124.187500 0.000000
1159.000000 0.000000
187.500000 0.000000

-777.000000 0.000000
-1472.000000 0.000000
-1036.000000 0.000000
888.000000 0.000000
-877.500000 0.000000
2898.000000 1.000000
55.187500 0.000000
-964.000000 0.000000
1343.000000 0.000000
-47.656250 0.000000

-1156.000000 0.000000
1496.000000 1.000000
-372.750000 0.000000
23.375000 0.000000
581.000000 0.000000
-55.000000 0.000000
-1154.000000 0.000000
-324.250000 0.000000
728.000000 0.000000
21.734375 0.000000

501.250000 0.000000
-1419.000000 0.000000
-1289.000000 0.000000
-190.000000 0.000000
-977.000000 0.000000
1910.000000 0.000000
2546.000000 1.000000
-681.500000 0.000000
933.000000 0.000000
-709.000000 0.000000

-349.250000 0.000000
-347.250000 0.000000
968.000000 0.000000
717.500000 0.000000
-1143.000000 0.000000
-665.000000 0.000000
-1556.000000 0.000000
1788.000000 1.000000
646.000000 0.000000
305.250000 0.000000

-209.375000 0.000000
-449.000000 0.000000
406.250000 0.000000
713.500000 0.000000
-622.000000 0.000000
-295.250000 0.000000
-2039.000000 0.000000
2098.000000 1.000000
23.765625 0.000000
396.750000 0.000000

-1031.000000 0.000000
-804.500000 0.000000
-12.921875 0.000000
-260.750000 0.000000
2842.000000 1.000000
-738.000000 0.000000
-369.000000 0.000000
-300.000000 0.000000
208.625000 0.000000
459.250000 0.000000

-361.000000 0.000000
-1151.000000 0.000000
73.062500 0.000000
553.000000 0.000000
199.750000 0.000000
-729.500000 0.000000
-1566.000000 0.000000
-283.250000 0.000000
777.500000 0.000000
2364.000000 1.000000

-1684.000000 0.000000
-778.500000 0.000000
-136.875000 0.000000
265.000000 0.000000
-1607.000000 0.000000
1334.000000 0.000000
277.000000 0.000000
-892.500000 0.000000
2908.000000 1.000000
160.375000 0.000000

-167.750000 0.000000
-326.250000 0.000000
698.500000 0.000000
875.500000 0.000000
-571.000000 0.000000
-146.250000 0.000000
-2054.000000 0.000000
1985.000000 1.000000
-94.812500 0.000000
456.500000 0.000000

-800.000000 0.000000
-1076.000000 0.000000
5.687500 0.000000
1209.000000 0.000000
-1069.000000 0.000000
-182.125000 0.000000
-1056.000000 0.000000
-627.500000 0.000000
3158.000000 1.000000
116.500000 0.000000

-839.500000 0.000000
-145.875000 0.000000
2890.000000 1.000000
2160.000000 0.000000
-2810.000000 0.000000
-1273.000000 0.000000
-1383.000000 0.000000
-154.125000 0.000000
1783.000000 0.000000
-726.000000 0.000000

-332.250000 0.000000
-274.000000 0.000000
-337.500000 0.000000
153.375000 0.000000
-157.125000 0.000000
505.500000 0.000000
1549.000000 1.000000
-1456.000000 0.000000
891.500000 0.000000
-1021.000000 0.000000

-967.000000 0.000000
47.625000 0.000000
-25.531250 0.000000
1040.000000 0.000000
-231.375000 0.000000
-5.019531 0.000000
-1531.000000 0.000000
1393.000000 1.000000
443.250000 0.000000
-187.875000 0.000000

-6.628906 0.000000
-563.000000 0.000000
-516.000000 0.000000
306.000000 0.000000
588.000000 0.000000
469.750000 0.000000
3298.000000 1.000000
-1616.000000 0.000000
-495.500000 0.000000
-948.500000 0.000000

-1029.000000 0.000000
-1700.000000 0.000000
186.875000 0.000000
924.000000 0.000000
-1307.000000 0.000000
43.687500 0.000000
-201.250000 0.000000
-1433.000000 0.000000
3428.000000 1.000000
217.875000 0.000000

-907.500000 0.000000
-544.500000 0.000000
52.187500 0.000000
688.000000 0.000000
-314.000000 0.000000
-722.500000 0.000000
-701.500000 0.000000
-442.500000 0.000000
2916.000000 1.000000
-447.750000 0.000000

-1537.000000 0.000000
-833.500000 0.000000
10.609375 0.000000
4308.000000 1.000000
-1531.000000 0.000000
602.500000 0.000000
-2252.000000 0.000000
-1288.000000 0.000000
1164.000000 0.000000
660.500000 0.000000

-1119.000000 0.000000
-1116.000000 0.000000
-123.312500 0.000000
782.500000 0.000000
-1035.000000 0.000000
38.375000 0.000000
-760.500000 0.000000
-587.500000 0.000000
3022.000000 1.000000
812.500000 0.000000

-982.500000 0.000000
163.000000 0.000000
4380.000000 1.000000
240.250000 0.000000
201.250000 0.000000
-621.500000 0.000000
2.164062 0.000000
-816.000000 0.000000
-71.187500 0.000000
-2838.000000 0.000000

-564.500000 0.000000
1391.000000 1.000000
218.750000 0.000000
-355.000000 0.000000
348.750000 0.000000
-845.500000 0.000000
-421.750000 0.000000
130.625000 0.000000
565.500000 0.000000
-604.500000 0.000000

-10.984375 0.000000
-538.500000 0.000000
2518.000000 1.000000
705.000000 0.000000
-838.000000 0.000000
-1250.000000 0.000000
-1105.000000 0.000000
-87.187500 0.000000
1356.000000 0.000000
-465.750000 0.000000

-906.500000 0.000000
-284.000000 0.000000
1672.000000 1.000000
545.000000 0.000000
-117.437500 0.000000
73.062500 0.000000
-674.000000 0.000000
247.375000 0.000000
249.750000 0.000000
-1102.000000 0.000000

1130.000000 1.000000
-1179.000000 0.000000
-116.125000 0.000000
284.250000 0.000000
-734.000000 0.000000
700.500000 0.000000
-296.500000 0.000000
-1213.000000 0.000000
341.750000 0.000000
557.500000 0.000000

-1161.000000 0.000000
-640.000000 0.000000
-339.000000 0.000000
237.250000 0.000000
1733.000000 1.000000
-596.500000 0.000000
-858.500000 0.000000
195.500000 0.000000
527.000000 0.000000
889.500000 0.000000

-647.500000 0.000000
1647.000000 1.000000
486.250000 0.000000
-120.937500 0.000000
502.750000 0.000000
-1529.000000 0.000000
-1018.500000 0.000000
344.000000 0.000000
478.750000 0.000000
-323.500000 0.000000

-791.500000 0.000000
-14.921875 0.000000
61.406250 0.000000
969.500000 0.000000
-303.500000 0.000000
-540.500000 0.000000
-1808.000000 0.000000
1767.000000 1.000000
63.031250 0.000000
416.750000 0.000000

2700.000000 1.000000
-1566.000000 0.000000
200.500000 0.000000
-647.500000 0.000000
-1054.000000 0.000000
349.500000 0.000000
530.500000 0.000000
-213.250000 0.000000
72.250000 0.000000
289.500000 0.000000

2200.000000 1.000000
-745.500000 0.000000
644.500000 0.000000
-673.000000 0.000000
165.375000 0.000000
-1166.000000 0.000000
-120.250000 0.000000
-1033.000000 0.000000
683.000000 0.000000
492.250000 0.000000

2910.000000 1.000000
-532.000000 0.000000
844.000000 0.000000
-924.000000 0.000000
-726.000000 0.000000
-348.250000 0.000000
708.000000 0.000000
-752.000000 0.000000
180.750000 0.000000
-345.500000 0.000000

-315.500000 0.000000
1292.000000 1.000000
159.500000 0.000000
171.875000 0.000000
-198.750000 0.000000
-536.500000 0.000000
-1132.000000 0.000000
582.500000 0.000000
408.250000 0.000000
-370.000000 0.000000

-1039.000000 0.000000
-1360.000000 0.000000
-280.000000 0.000000
341.000000 0.000000
787.000000 0.000000
-587.500000 0.000000
-1139.000000 0.000000
-15.671875 0.000000
1208.000000 0.000000
1995.000000 1.000000

2740.000000 1.000000
-970.000000 0.000000
300.000000 0.000000
-672.000000 0.000000
-622.500000 0.000000
60.531250 0.000000
665.500000 0.000000
-598.500000 0.000000
-164.500000 0.000000
205.000000 0.000000

-528.000000 0.000000
1481.000000 1.000000
-257.750000 0.000000
-14.882812 0.000000
202.500000 0.000000
-434.500000 0.000000
-388.000000 0.000000
-9.796875 0.000000
561.500000 0.000000
-743.500000 0.000000

-424.500000 0.000000
-1302.000000 0.000000
-649.000000 0.000000
26.812500 0.000000
-809.500000 0.000000
1431.000000 0.000000
2790.000000 1.000000
-1471.000000 0.000000
1243.000000 0.000000
-496.250000 0.000000

-1110.000000 0.000000
-750.500000 0.000000
-627.500000 0.000000
665.500000 0.000000
-1432.000000 0.000000
2940.000000 1.000000
-365.750000 0.000000
-986.500000 0.000000
1091.000000 0.000000
497.750000 0.000000

-1453.000000 0.000000
-970.500000 0.000000
403.000000 0.000000
1480.000000 0.000000
-1102.000000 0.000000
-26.500000 0.000000
-1216.000000 0.000000
-1263.000000 0.000000
3178.000000 1.000000
339.000000 0.000000

-763.500000 0.000000
-1370.000000 0.000000
785.000000 0.000000
931.500000 0.000000
-1478.000000 0.000000
-459.500000 0.000000
-465.500000 0.000000
-1076.000000 0.000000
3404.000000 1.000000
105.000000 0.000000

-716.500000 0.000000
504.750000 0.000000
3172.000000 1.000000
683.500000 0.000000
-1271.000000 0.000000
-1142.000000 0.000000
-1305.000000 0.000000
697.500000 0.000000
1192.000000 0.000000
-996.500000 0.000000

-28.609375 0.000000
-1284.000000 0.000000
117.187500 0.000000
738.000000 0.000000
-983.500000 0.000000
-459.000000 0.000000
-522.000000 0.000000
-1901.000000 0.000000
2744.000000 1.000000
798.500000 0.000000

-1025.000000 0.000000
-1502.000000 0.000000
56.343750 0.000000
985.000000 0.000000
-426.000000 0.000000
653.500000 0.000000
-2250.000000 0.000000
-954.000000 0.000000
2062.000000 0.000000
2576.000000 1.000000

-1370.000000 0.000000
-1160.000000 0.000000
-534.500000 0.000000
379.250000 0.000000
635.000000 0.000000
25.125000 0.000000
-2338.000000 0.000000
167.375000 0.000000
723.000000 0.000000
3106.000000 1.000000

-1354.000000 0.000000
729.000000 0.000000
3804.000000 1.000000
897.500000 0.000000
-613.500000 0.000000
-424.500000 0.000000
-860.500000 0.000000
191.875000 0.000000
-238.375000 0.000000
-2534.000000 0.000000

-1483.000000 0.000000
-435.250000 0.000000
1404.000000 0.000000
3450.000000 1.000000
-1792.000000 0.000000
-370.500000 0.000000
-871.500000 0.000000
-712.000000 0.000000
1927.000000 0.000000
-1153.000000 0.000000

-1384.000000 0.000000
-933.500000 0.000000
-963.500000 0.000000
1177.000000 0.000000
-1320.000000 0.000000
3462.000000 1.000000
-486.000000 0.000000
-1165.000000 0.000000
656.000000 0.000000
689.000000 0.000000

-558.500000 0.000000
45.000000 0.000000
257.750000 0.000000
156.875000 0.000000
1322.000000 1.000000
-582.000000 0.000000
-1273.000000 0.000000
216.625000 0.000000
-92.750000 0.000000
446.750000 0.000000

-620.500000 0.000000
1479.000000 1.000000
-351.000000 0.000000
-94.250000 0.000000
93.062500 0.000000
-450.250000 0.000000
-524.500000 0.000000
340.500000 0.000000
265.250000 0.000000
-282.500000 0.000000

1851.000000 1.000000
-1340.000000 0.000000
534.000000 0.000000
-229.375000 0.000000
-1078.000000 0.000000
-252.875000 0.000000
-742.500000 0.000000
-797.500000 0.000000
1238.000000 0.000000
360.750000 0.000000

-1044.000000 0.000000
-712.000000 0.000000
687.500000 0.000000
628.500000 0.000000
578.000000 0.000000
-183.875000 0.000000
-1898.000000 0.000000
-390.250000 0.000000
551.000000 0.000000
1763.000000 1.000000

67.937500 0.000000
313.000000 0.000000
3754.000000 1.000000
733.000000 0.000000
-1678.000000 0.000000
-1576.000000 0.000000
-767.500000 0.000000
-179.875000 0.000000
1252.000000 0.000000
-1522.000000 0.000000

-831.000000 0.000000
-1039.000000 0.000000
-62.125000 0.000000
-321.750000 0.000000
2190.000000 1.000000
-630.500000 0.000000
-736.000000 0.000000
-529.000000 0.000000
357.000000 0.000000
1267.000000 0.000000

-1614.000000 0.000000
-373.500000 0.000000
203.250000 0.000000
4364.000000 1.000000
-2220.000000 0.000000
344.500000 0.000000
-2180.000000 0.000000
466.750000 0.000000
1218.000000 0.000000
-134.250000 0.000000

-18.750000 0.000000
-720.000000 0.000000
165.750000 0.000000
-658.000000 0.000000
444.250000 0.000000
676.500000 0.000000
2780.000000 1.000000
-851.000000 0.000000
-85.812500 0.000000
-958.000000 0.000000

-205.875000 0.000000
-912.500000 0.000000
-206.125000 0.000000
176.500000 0.000000
-156.250000 0.000000
82.750000 0.000000
-1380.000000 0.000000
1605.000000 1.000000
-192.500000 0.000000
818.000000 0.000000

-588.000000 0.000000
85.437500 0.000000
2942.000000 1.000000
1762.000000 0.000000
-1903.000000 0.000000
-1466.000000 0.000000
-1266.000000 0.000000
-447.250000 0.000000
1403.000000 0.000000
-745.000000 0.000000

2548.000000 1.000000
-661.500000 0.000000
417.500000 0.000000
-979.500000 0.000000
-1177.000000 0.000000
174.375000 0.000000
661.000000 0.000000
-661.500000 0.000000
-178.250000 0.000000
769.500000 0.000000

-1148.000000 0.000000
-894.000000 0.000000
127.750000 0.000000
682.500000 0.000000
-345.750000 0.000000
1142.000000 0.000000
2844.000000 1.000000
-2046.000000 0.000000
967.000000 0.000000
-1577.000000 0.000000

-480.750000 0.000000
-1160.000000 0.000000
25.796875 0.000000
78.000000 0.000000
-880.000000 0.000000
1145.000000 0.000000
3306.000000 1.000000
-2190.000000 0.000000
1229.000000 0.000000
-1032.000000 0.000000

-351.500000 0.000000
886.500000 0.000000
-631.000000 0.000000
-891.000000 0.000000
-119.687500 0.000000
-511.000000 0.000000
-38.093750 0.000000
182.250000 0.000000
983.000000 1.000000
-670.000000 0.000000

-624.000000 0.000000
-258.000000 0.000000
-463.250000 0.000000
-501.000000 0.000000
2420.000000 1.000000
25.921875 0.000000
-660.000000 0.000000
-478.250000 0.000000
50.375000 0.000000
482.000000 0.000000

-2154.000000 0.000000
-801.500000 0.000000
2.222656 0.000000
4300.000000 1.000000
-1430.000000 0.000000
960.500000 0.000000
-2664.000000 0.000000
-391.000000 0.000000
1267.000000 0.000000
662.000000 0.000000

-1073.000000 0.000000
-1169.000000 0.000000
-509.250000 0.000000
642.500000 0.000000
442.250000 0.000000
-148.375000 0.000000
-1946.000000 0.000000
-312.250000 0.000000
1173.000000 0.000000
2588.000000 1.000000

-220.875000 0.000000
-751.000000 0.000000
261.500000 0.000000
119.500000 0.000000
-480.500000 0.000000
-169.250000 0.000000
-1531.000000 0.000000
2114.000000 1.000000
-150.000000 0.000000
546.500000 0.000000

-1243.000000 0.000000
-713.500000 0.000000
-395.750000 0.000000
-122.187500 0.000000
1806.000000 1.000000
-240.875000 0.000000
-683.500000 0.000000
620.000000 0.000000
677.500000 0.000000
545.500000 0.000000

