-18874368,1.221865
-12582912,1.221865
3538944,0.945830
2359296,0.945830
-98566144,1.635056
-24641536,1.635056
-67764224,1.635056
-2359296,7.246377
-1572864,7.246377
-85983232,1.722846
-21495808,1.722846
-59113472,1.722846
18874368,4.059963
25165824,4.059963
11010048,6.422976
14680064,6.422976
20447232,5.561862
27262976,5.561862
3407872,5.561862
11141120,22.012758
19660800,3.662820
3932160,3.662820
-38535168,0.884956
-55050240,0.884956
-11010048,0.884956
-45481984,19.803555
-63963136,1.314459
5898240,10.266397
7340032,2.290076
9175040,8.243728
10485760,8.243728
24903680,8.243728
61865984,0.264131
61865984,0.264131
9175040,4.263276
10485760,4.263276
24903680,4.263276
-23068672,3.890785
-23068672,8.153947
-25165824,1.664533
-48234496,1.932045
125829120,1.336074
-10223616,0.259740
-7864320,0.259740
-1572864,6.126814
-3538944,6.736381
-15728640,9.219858
-27262976,9.219858
15728640,4.029991
27262976,4.029991
17825792,4.029991
11534336,6.681096
22151168,1.304864
17039360,1.304864
3407872,7.110460
7667712,7.713639
18743296,2.413798
-47710208,0.775194
-36700160,0.775194
-7340032,6.611947
-16515072,7.218363
-40370176,1.890079
-14680064,0.775194
78643200,3.488489
109576192,0.914849
106954752,1.389728
-12320768,14.100093
-17432576,10.444777
9175040,4.974016
12451840,4.974016
-16777216,2.290076
-12582912,2.290076
5767168,0.914849
8650752,0.914849
1835008,0.055772
14680064,0.055772
2752512,0.055772
-6815744,0.775194
-10223616,0.775194
5898240,3.662820
11141120,22.012758
-16515072,0.884956
-38535168,0.884956
-44040192,0.884956
-127926272,1.314459
-31981568,1.314459
14680064,2.290076
3670016,2.290076
27525120,8.243728
123731968,0.264131
30932992,0.264131
20971520,4.263276
5242880,4.263276
-15859712,3.890785
-2752512,2.661597
-10485760,4.744186
-13631488,4.744186
-72089600,0.677201
-93716480,0.677201
7864320,1.727447
10223616,1.727447
-7864320,5.067985
-10223616,5.067985
-7864320,5.067985
25952256,2.394500
9437184,1.285347
-1310720,14.452799
-1835008,14.399163
-13107200,2.557856
7077888,7.782364
92274688,0.914849
11534336,0.914849
92274688,0.914849
17301504,0.914849
37879808,20.172638
66846720,1.389728
13369344,1.389728
20054016,1.389728
-5898240,17.755409
-9175040,10.444777
-1835008,10.444777
-2752512,10.444777
4587520,4.974016
6553600,4.974016
1310720,4.974016
1966080,4.974016
-1572864,3.396226
-14680064,4.832714
-1835008,4.832714
-14680064,4.832714
-2752512,4.832714
-4194304,4.566636
-4194304,4.566636
-8388608,4.566636
-2097152,4.566636
48234496,0.203390
114556928,0.203390
126615552,0.203390
-42991616,0.228137
-102105088,0.228137
-112852992,0.228137
23068672,2.695231
16515072,4.596273
66060288,0.395257
132120576,0.395257
33030144,0.395257
-16777216,0.871249
-10485760,0.871249
46137344,0.564972
31719424,0.564972
8650752,0.564972
-8388608,0.871249
-5242880,0.871249
16777216,10.096576
10485760,10.096576
-58720256,0.222717
-36700160,0.222717
-11927552,9.677419
-13238272,6.369726
-21757952,11.218819
-15597568,2.661597
-10092544,5.350503
-1835008,11.004889
-15728640,4.744186
-27262976,4.744186
-17825792,4.744186
-11534336,7.375562
-2097152,12.908970
-99221504,8.863808
-151781376,19.569370
-122552320,0.677201
-79298560,3.420925
-14417920,9.190584
7864320,1.727447
2359296,14.124977
5767168,9.193329
2097152,8.161435
1835008,10.715286
4128768,11.295058
10092544,6.200891
3670016,5.134992
8126464,7.766510
8126464,6.664118
8126464,7.034499
8126464,8.128211
3145728,5.535055
4718592,5.535055
77201408,3.473529
77201408,2.319826
77201408,2.707446
-10158080,7.917943
-1638400,16.829109
-3276800,6.432749
-8257536,10.119123
-13565952,11.403134
-13238272,11.052629
-13565952,12.106284
-2293760,16.776966
-4587520,6.374086
-50790400,4.859639
-50790400,3.722503
-50790400,4.104557
-50790400,5.232738
-19660800,2.557856
-29491200,2.557856
12189696,5.088090
-13565952,18.224588
-4980736,20.249220
-8257536,11.854403
-17825792,3.374778
-17825792,3.374778
9437184,7.171636
9437184,7.171636
14680064,4.477612
14680064,4.477612
19267584,1.103753
22020096,1.103753
52297728,1.103753
-5242880,2.140673
-5242880,2.140673
18874368,5.882353
39845888,3.184713
96468992,0.203390
-85983232,0.228137
46137344,2.695231
-71303168,2.770331
-13631488,6.654512
-10485760,6.654512
-2097152,12.145423
-4718592,12.715907
-17694720,0.173310
-30670848,0.173310
-20054016,0.173310
-12976128,2.930954
56885248,4.844125
93847552,9.431576
66846720,1.336074
43253760,4.061597
10485760,10.096576
2097152,15.385013
4718592,15.934462
11534336,11.106727
-47710208,0.222717
-36700160,0.222717
-7340032,6.091969
-16515072,6.701761
-40370176,1.343810
-14680064,0.222717
-13565952,15.875031
-13565952,14.869555
-13565952,15.207373
27197440,16.178814
27197440,15.176967
27197440,15.513566
-16252928,6.256183
-100597760,12.692629
-100597760,11.649115
-100597760,11.999714
-100597760,13.035011
12189696,4.048846
12189696,2.902020
12189696,3.287329
12189696,4.425125
-7077888,8.865266
-12189696,5.827441
-11796480,6.239985
-12189696,6.574842
-1966080,15.615986
16515072,1.285347
29491200,3.693022
34209792,3.773952
36569088,3.995161
-4587520,6.432749
-8192000,8.714876
-9502720,8.791587
-10158080,9.001261
-10158080,7.551082
-4128768,6.374086
-13565952,13.140328
-13238272,11.052629
-13565952,12.798362
-13565952,10.688643
-14745600,2.557856
-50790400,5.232738
-49152000,3.760846
-50790400,4.859639
-5898240,19.049961
-11468800,14.004294
-12779520,17.462706
-13565952,18.224588
-13565952,16.921394
-11468800,12.292938
-42336256,3.374778
-46792704,3.374778
22413312,7.171636
24772608,7.171636
29360128,4.477612
7340032,4.477612
57802752,1.103753
44040192,1.103753
-13762560,2.140673
-10485760,2.140673
28835840,0.914849
10092544,0.055772
2752512,0.055772
-37486592,0.775194
-10223616,0.775194
8650752,4.596273
2359296,4.596273
11796480,4.596273
24772608,0.395257
112852992,9.249012
-11534336,3.609612
-2097152,9.367999
31719424,1.682219
11534336,0.564972
-2097152,0.871249
9437184,13.692713
-50790400,1.771480
-8192000,11.277466
-16384000,0.187149
-75169792,3.397816
-29097984,0.671141
-43646976,0.671141
2621440,12.140712
5242880,1.158301
7340032,1.158301
3145728,8.161435
4718592,8.161435
2359296,8.161435
4587520,5.134992
5898240,12.879074
11468800,7.448773
8126464,6.664118
6553600,6.005030
1835008,7.192335
77201408,1.138211
59768832,4.134023
94633984,1.138211
11010048,10.335553
17432576,7.533540
-66060288,3.746475
-104595456,0.738552
-85327872,3.463376
-17432576,11.854403
-13565952,18.224588
-35651584,3.374778
-24510464,3.374778
-6684672,3.374778
18874368,7.171636
11796480,7.171636
29360128,4.477612
20185088,4.477612
5505024,4.477612
30277632,1.103753
8257536,1.103753
-7208960,2.140673
-1966080,2.140673
17694720,5.882353
30670848,5.882353
20054016,5.882353
12976128,8.482287
2359296,13.949580
36831232,4.543524
62652416,6.320431
42336256,3.184713
27394048,5.859169
4980736,11.483167
19660800,3.323263
34078720,3.323263
22282240,3.323263
14417920,5.993891
2621440,11.609840
-9175040,0.884956
-1835008,6.715252
-4128768,7.320998
-10092544,1.998608
-3670016,0.884956
-3145728,13.069931
-7077888,13.634412
-17301504,8.674589
-6291456,7.636801
25821184,14.509718
-16252928,2.056055
-16252928,2.444721
-16252928,3.592430
-6291456,0.871249
-9437184,0.871249
44695552,2.913831
44695552,1.753438
44695552,2.143306
44695552,3.294561
17301504,0.564972
25952256,0.564972
-8126464,3.212873
-8126464,2.056055
-8126464,2.444721
-8126464,3.592430
-3145728,0.871249
-4718592,0.871249
16252928,10.815804
15728640,11.206495
16252928,11.523614
2621440,20.085846
5242880,10.096576
-54263808,5.582182
-52953088,5.208648
-54263808,6.331530
-9175040,11.309082
-18350080,0.222717
-5898240,17.050692
-11468800,11.880409
-12779520,15.424233
-13565952,16.204933
-13565952,14.869555
-39321600,3.211781
-62259200,0.187149
-60620800,3.093796
-70320128,3.175230
-75169792,3.397816
-75169792,1.858338
-60620800,1.165314
-16973824,2.413753
13107200,3.569074
15204352,3.650109
16252928,3.871603
16252928,2.339676
13107200,1.650051
3670016,2.892366
8126464,10.682493
7864320,9.295244
8126464,10.330850
8126464,8.161435
6291456,10.944422
9961472,8.161435
13238272,9.875454
13565952,11.644290
13565952,9.506652
11010048,8.009689
17432576,5.134992
8126464,8.128211
8126464,8.128211
8126464,6.290775
8126464,6.290775
8126464,8.128211
7340032,5.535055
6291456,5.535055
77201408,3.852065
77201408,3.852065
77201408,1.929106
77201408,1.929106
77201408,3.852065
69730304,1.138211
59768832,1.138211
13238272,11.425134
13565952,12.148906
13565952,12.848913
13565952,14.215989
13238272,11.791145
2752512,9.420610
-82575360,1.150426
-85327872,1.137193
-85327872,1.924944
-50790400,5.232738
-45875200,2.557856
-39321600,2.557856
12189696,4.325746
12189696,5.088090
12189696,6.576905
11796480,4.733847
2359296,5.900372
13631488,3.487276
10485760,3.487276
2097152,9.164495
4718592,9.754335
-9830400,16.612377
-17039360,16.612377
-11141120,16.612377
-7208960,18.915903
25427968,11.755508
39321600,21.272758
31195136,4.477612
20185088,7.116352
35782656,1.103753
27525120,1.103753
5505024,6.921179
12386304,7.525587
30277632,2.214947
-8519680,2.140673
-6553600,2.140673
-1310720,7.897104
-2949120,8.495174
-7208960,3.240216
-2621440,2.140673
18284544,8.105604
18284544,7.007265
18284544,7.376284
37945344,7.076584
37945344,5.965945
37945344,6.339096
11796480,7.190332
20316160,4.096677
19660800,4.516803
20316160,4.857814
-8257536,4.849557
-13565952,6.208850
-13238272,5.837794
-13565952,6.953224
-2293760,11.897738
-21757952,19.515532
-21757952,18.553566
-21757952,18.876766
-21757952,19.831158
-7340032,28.161955
8257536,3.552207
25821184,14.844974
25427968,12.000603
25821184,14.509718
8847360,2.090770
27197440,15.017348
26869760,11.895123
27197440,14.682772
-3670016,6.055046
-6553600,8.346386
-7602176,8.423406
-8126464,8.633927
-8126464,7.177894
-5898240,10.070257
-11468800,4.464881
-12779520,8.306930
-13565952,9.153327
-13565952,7.705572
-11468800,2.563684
-3538944,5.360444
-12189696,7.958392
-11796480,6.528833
-12189696,7.596024
-12189696,5.360444
-9437184,8.228309
-50790400,2.927110
-50790400,2.927110
-50790400,0.985652
-65470464,1.582415
-72744960,1.083294
-75169792,1.070052
-75169792,1.858338
14155776,2.065106
15728640,1.568433
16252928,1.555256
16252928,2.339676
16252928,3.871603
8126464,10.682493
8126464,10.682493
8126464,8.896144
8126464,8.896144
8126464,10.682493
13565952,11.990783
13565952,11.990783
13565952,10.230597
13565952,10.230597
13565952,11.990783
8388608,5.535055
1572864,5.535055
1048576,5.535055
2097152,6.988362
8126464,8.128211
7864320,7.083661
1048576,11.091817
9961472,1.138211
9961472,1.138211
79691776,1.138211
69730304,2.872629
77201408,3.473529
34865152,6.953610
12451840,3.549474
1835008,7.533540
1835008,7.533540
14680064,7.533540
12320768,12.863687
13565952,13.878258
5898240,20.077009
2293760,9.788819
-11010048,0.738552
-11010048,0.738552
-88080384,0.738552
-77070336,2.479981
-85327872,3.083311
-38535168,6.577461
-13762560,3.159563
-85327872,1.532644
-1835008,11.854403
-14680064,11.854403
-12320768,16.935476
-13565952,17.902637
-5898240,23.811728
-2293760,14.004294
-13565952,16.589079
-24510464,6.043983
-4456448,11.656940
12976128,8.214651
4718592,7.171636
7340032,4.477612
24772608,5.059602
-10158080,4.452311
18284544,8.465975
7077888,5.882353
10616832,5.882353
6225920,13.941967
12451840,3.184713
16908288,6.096451
7864320,3.323263
11796480,3.323263
5898240,3.323263
-4587520,0.884956
-5898240,8.975980
-11468800,3.302396
-14155776,7.636801
-7077888,7.636801
-21757952,19.831158
25821184,12.441404
22020096,6.474867
34865152,3.552207
24576000,2.577881
6225920,12.969573
-6553600,6.522433
-1835008,7.703203
-7077888,6.916926
-3080192,7.721215
-12255232,4.001605
-2752512,7.020786
-10616832,6.228696
-11796480,5.753139
-50790400,2.927110
-49152000,1.012049
-9830400,2.224146
-52428800,0.187149
-9830400,0.187149
-6553600,0.187149
-75169792,3.397816
-72744960,1.492041
-14548992,2.698261
-77594624,0.671141
-14548992,0.671141
-9699328,0.671141
16252928,3.871603
14680064,1.158301
12582912,1.158301
2097152,1.158301
2097152,1.158301
16777216,1.158301
7864320,8.920431
1572864,10.035691
1048576,8.161435
1048576,8.161435
8388608,8.161435
7340032,9.772638
2752512,7.071012
2752512,5.134992
1835008,5.134992
3670016,6.594454
13565952,11.990783
3407872,10.687689
8126464,8.128211
3932160,8.582312
8388608,5.535055
32374784,6.530672
77201408,3.852065
37355520,4.327302
79691776,1.138211
13565952,12.500310
13565952,11.794667
18350080,7.533540
-85327872,3.463376
-41287680,3.940535
-66060288,0.738552
-13565952,15.916411
-18350080,11.854403
-3080192,23.634228
-20054016,7.239787
-34537472,4.147779
-33423360,4.567682
-34537472,4.908512
-5570560,14.110914
-11141120,3.374778
10616832,10.884770
18284544,7.914263
17694720,8.317665
18284544,8.645102
2949120,17.485899
5898240,7.171636
16515072,8.298508
25821184,13.975267
25427968,12.844947
25821184,14.658003
4587520,15.091210
9175040,4.477612
42663936,3.439885
42663936,2.285780
42663936,2.673534
42663936,3.818552
16515072,1.103753
24772608,1.103753
-10158080,3.310306
-10158080,3.693995
-10158080,4.827007
-3932160,2.140673
-5898240,2.140673
5308416,5.882353
18284544,8.465975
17694720,7.044299
18284544,8.105604
18284544,5.882353
14155776,8.734403
22413312,5.882353
31129600,5.546062
35586048,6.995665
37945344,7.440989
37945344,5.965945
31129600,3.666382
8585216,6.313555
16384000,5.681232
19005440,5.760492
20316160,5.977134
20316160,4.478762
16384000,3.804241
4587520,5.019346
-13565952,8.047892
-13238272,5.837794
-13565952,7.685876
-13565952,5.452469
-11010048,3.888442
-17432576,0.884956
-21495808,16.885790
-21757952,19.515532
-21757952,17.568327
-18874368,10.435685
-29884416,7.636801
25821184,14.844974
25821184,14.844974
25821184,13.141873
25821184,13.141873
25821184,14.844974
23592960,11.425496
22020096,3.552207
27197440,15.017348
27197440,15.017348
27197440,13.317696
27197440,13.317696
27197440,15.017348
24903680,11.415459
23592960,2.090770
-7864320,6.444859
-8126464,6.432335
-8126464,7.177894
-8126464,8.633927
-7864320,6.831451
-1572864,7.972290
-13238272,6.197764
-13565952,6.964251
-13565952,7.705572
-13565952,9.153327
-13238272,6.585377
-2752512,4.074942
-12189696,7.958392
-12189696,6.117560
-12189696,6.117560
-12189696,7.958392
-11010048,5.360444
-9437184,5.360444
-45875200,1.938252
-50790400,2.544933
-22937600,6.058493
-8192000,2.621609
-50790400,0.985652
-50790400,0.187149
-65536000,0.187149
-67895296,2.413753
-75169792,3.017492
-33947648,6.514015
-12124160,3.093796
-75169792,1.465772
-75169792,0.671141
-96993280,0.671141
16252928,3.871603
15728640,2.778657
2097152,6.972518
6815744,6.549667
16252928,3.871603
7864320,4.346743
8126464,10.682493
7864320,9.666986
1048576,13.563703
3407872,13.170812
8126464,10.682493
3932160,11.123969
13565952,11.644290
5898240,18.003836
2293760,7.448773
13565952,10.230597
13565952,9.506652
18350080,5.134992
1835008,14.676825
3670016,6.371028
1048576,11.091817
7864320,7.083661
8126464,8.128211
17432576,10.705482
34865152,2.013094
9961472,6.953610
74711040,2.758896
77201408,3.852065
3080192,19.890808
5898240,15.833311
1835008,12.972744
13238272,12.514168
13565952,14.215989
-33030144,7.484476
-38535168,4.980494
-68812800,0.738552
-85327872,3.463376
-66060288,0.738552
-5898240,22.509365
-11468800,11.854403
-13565952,18.224588
-11010048,11.854403
-10027008,3.374778
-34537472,6.027235
-33423360,4.567682
-34537472,5.657263
5308416,7.171636
18284544,9.719865
17694720,8.317665
18284544,9.364432
10747904,20.073105
22937600,6.807426
24510464,14.224794
25821184,15.662026
25821184,14.317994
19267584,1.103753
34406400,3.515856
39911424,3.596936
42663936,3.818552
42663936,2.285780
34406400,1.595774
-2949120,2.140673
-10158080,4.827007
-9830400,3.348813
-10158080,4.452311
-10158080,2.140673
-7864320,5.106107
18284544,8.465975
18284544,8.465975
18284544,6.635294
33488896,4.446912
36831232,4.939610
37945344,5.210651
37945344,5.965945
17694720,4.210206
19660800,3.724411
20316160,3.711523
20316160,4.478762
20316160,5.977134
-13565952,8.047892
-13565952,8.047892
-13565952,6.208850
-13565952,6.208850
-13565952,8.047892
-21757952,19.831158
-21757952,19.831158
-21757952,18.227781
-21757952,18.227781
-21757952,19.831158
29360128,3.552207
5505024,3.552207
3670016,3.552207
7340032,5.036019
25821184,14.844974
25427968,12.361256
3670016,9.225606
3932160,2.090770
3932160,2.090770
31457280,2.090770
24903680,12.969573
27197440,14.682772
11141120,25.402493
4915200,4.478800
-1048576,6.055046
-1048576,6.055046
-8388608,6.055046
-7340032,7.703203
-8126464,8.274218
-3670016,11.581220
-1310720,8.346386
-1835008,2.076503
-1835008,2.076503
-14680064,2.076503
-12320768,7.721215
-13565952,8.795663
-5898240,15.360242
-2293760,4.464881
-13565952,7.336394
-1572864,5.360444
-12582912,5.360444
-11010048,7.020786
-12189696,7.596024
-5505024,10.927476
-1966080,7.668725
-12189696,6.117560
-52428800,0.187149
-39321600,0.187149
-19660800,6.970546
-22937600,4.452655
-77594624,0.671141
-16973824,10.283611
-33947648,1.550157
-9699328,6.514015
3670016,10.723627
7340032,2.033006
2097152,6.972518
1835008,17.049038
3670016,8.974166
1048576,13.563703
11010048,5.134992
4980736,20.002878
5898240,16.602192
11468800,5.134992
1048576,5.535055
8388608,5.535055
1048576,5.535055
5767168,5.535055
79691776,1.138211
9961472,1.138211
19922944,1.138211
34865152,1.138211
14680064,7.533540
1835008,7.533540
10092544,7.533540
4980736,16.339870
-11010048,0.738552
-22020096,0.738552
-38535168,0.738552
-24772608,4.709010
-1835008,11.854403
-3670016,11.854403
-5898240,19.049961
-4128768,15.380226
-34537472,4.529661
-27852800,3.855500
-7798784,5.069957
18284544,7.171636
14155776,9.984616
22413312,7.171636
22020096,7.372230
34865152,4.477612
33030144,4.100609
52297728,1.103753
42663936,3.818552
-12451840,2.140673
-10158080,4.827007
18284544,6.635294
18284544,8.465975
16515072,5.882353
14155776,5.882353
2359296,5.882353
2359296,5.882353
18874368,5.882353
37945344,7.440989
34340864,4.640582
29884416,3.184713
4980736,3.184713
4980736,3.184713
39845888,3.184713
19660800,4.122244
3932160,5.296257
20971520,3.323263
3932160,3.323263
2621440,3.323263
5242880,4.810597
-12320768,4.930468
-11010048,0.884956
-2752512,0.884956
-1835008,0.884956
-3670016,2.409803
-19922944,16.433296
-18874368,7.636801
-3145728,7.636801
-25165824,7.636801
-19922944,17.899380
4587520,5.904592
25821184,13.141873
25821184,12.441404
36700160,3.552207
29360128,3.552207
27197440,13.317696
27197440,12.618645
39321600,2.090770
23592960,2.090770
-8126464,8.633927
-3932160,9.085528
-6291456,6.055046
-13565952,6.589107
-18350080,2.076503
-3080192,15.163054
-5898240,8.413333
-9437184,5.360444
-4718592,11.792258
-49152000,1.823425
-50790400,2.927110
-6553600,0.187149
-52428800,0.187149
-60620800,0.671141
-75169792,3.397816
-58195968,0.671141
-77594624,0.671141
13107200,1.158301
16252928,3.871603
12582912,1.158301
2097152,1.158301
8126464,10.682493
6291456,8.161435
1048576,8.161435
13565952,11.990783
11010048,5.134992
1835008,5.134992
3670016,5.134992
2359296,9.313653
8126464,8.128211
2097152,5.535055
1048576,5.535055
2097152,5.535055
22413312,5.092683
77201408,3.852065
19922944,1.138211
9961472,1.138211
19922944,1.138211
4128768,11.232198
13565952,14.215989
3670016,7.533540
1835008,7.533540
3670016,7.533540
12320768,11.307680
-85327872,3.463376
-22020096,0.738552
-11010048,0.738552
-22020096,0.738552
-77070336,0.738552
-13565952,18.224588
-1835008,11.854403
-3670016,11.854403
-12320768,15.452183
-34537472,6.027235
-34537472,6.027235
-34537472,4.147779
-34537472,4.147779
-34537472,6.027235
-31195136,3.374778
-26738688,3.374778
18284544,9.719865
18284544,9.719865
18284544,7.914263
18284544,7.914263
18284544,9.719865
16515072,7.171636
14155776,7.171636
25427968,12.121668
25821184,13.629786
25821184,14.317994
25821184,15.662026
25427968,12.484801
5505024,6.427048
41287680,1.514111
42663936,1.500926
42663936,2.285780
42663936,3.818552
41287680,1.921077
8257536,3.122044
-10158080,4.827007
-10158080,2.923548
-10158080,2.923548
-10158080,4.827007
-9175040,2.140673
-7864320,2.140673
16515072,7.533540
18284544,8.105604
8257536,11.418685
2949120,8.177905
18284544,6.635294
18284544,5.882353
23592960,5.882353
34340864,6.313555
37945344,7.076584
16908288,11.620190
6225920,5.546062
37945344,5.589809
37945344,4.828436
49807360,3.184713
20316160,5.977134
19660800,4.908127
2621440,9.010129
8519680,8.596539
20316160,5.977134
9830400,6.441867
-13565952,8.047892
-13238272,6.223705
-1835008,6.715252
-5439488,14.529364
-13565952,8.047892
-6225920,13.217242
-21757952,19.515532
-8912896,29.628038
-3932160,9.889562
-21757952,18.227781
-21757952,17.568327
-31457280,7.636801
5898240,19.997223
10747904,20.012955
3670016,9.225606
25427968,12.361256
25821184,14.844974
6225920,19.988157
11141120,21.441563
3932160,7.850137
26869760,12.256209
27197440,15.017348
-1835008,15.146492
-3670016,6.886417
-1048576,11.581220
-7864320,7.595127
-8126464,8.633927
-4980736,17.423735
-5898240,13.913409
-11468800,2.076503
-13565952,9.153327
-11010048,2.076503
-5505024,9.404869
-9830400,5.360444
-12189696,7.958392
-9437184,5.360444
-13107200,0.187149
-22937600,0.187149
-14745600,4.179663
-50790400,2.927110
-13107200,0.187149
-19398656,0.671141
-33947648,0.671141
-21823488,4.644295
-75169792,3.397816
-19398656,0.671141
4194304,1.158301
7340032,1.158301
4718592,5.111969
16252928,3.871603
4194304,1.158301
5767168,8.161435
3145728,8.161435
7864320,9.666986
8126464,10.682493
10092544,5.134992
4980736,14.169754
13238272,10.244817
13565952,11.990783
7340032,5.535055
1048576,5.535055
8126464,8.128211
8126464,7.401951
5242880,5.535055
44826624,1.138211
9961472,6.953610
77201408,3.852065
49807360,1.138211
8257536,7.533540
1835008,12.972744
13565952,14.215989
9175040,7.533540
-49545216,0.738552
-11010048,6.577461
-85327872,3.463376
-55050240,0.738552
-8257536,11.854403
-1835008,17.039438
-13565952,18.224588
-9175040,11.854403
-35651584,3.374778
-6684672,3.374778
-4456448,3.374778
-8912896,4.861320
-34537472,6.027235
-33423360,4.958798
-4456448,9.058615
2359296,7.171636
2359296,7.171636
18874368,7.171636
16515072,8.800203
18284544,9.364432
8257536,12.632127
2949120,9.435742
3670016,4.477612
3670016,4.477612
29360128,4.477612
23592960,13.814386
25821184,15.329987
10747904,24.774685
4587520,6.807426
5505024,1.103753
5505024,1.103753
44040192,1.103753
38535168,2.838775
42663936,3.439885
19267584,6.921179
6881280,3.515856
42663936,1.894923
-1310720,2.140673
-10485760,2.140673
-9175040,3.857503
-10158080,4.452311
-4587520,7.897104
-1638400,4.527486
-10158080,2.923548
18874368,5.882353
14155776,5.882353
7077888,12.278698
8257536,9.904475
39845888,3.184713
8585216,13.868913
16908288,6.927456
4980736,8.879730
4587520,12.679076
9175040,4.178809
2621440,9.010129
-3080192,14.130744
-5898240,9.781502
-1835008,6.715252
-18874368,7.636801
-7340032,33.044155
-8912896,28.425100
-19660800,7.636801
3670016,3.552207
29360128,3.552207
3670016,3.552207
20185088,3.552207
31457280,2.090770
3932160,2.090770
7864320,2.090770
11141120,20.740147
-8388608,6.055046
-1048576,6.055046
-5767168,6.055046
-3145728,6.055046
-1835008,2.076503
-3670016,2.076503
-5898240,10.070257
-4128768,5.993443
-1572864,5.360444
-3145728,5.360444
-5505024,5.360444
-3538944,9.146026
-52428800,0.187149
-9830400,0.187149
-13107200,0.187149
-29491200,0.187149
-77594624,0.671141
-14548992,0.671141
-19398656,0.671141
-43646976,0.671141
16777216,1.158301
3145728,1.158301
4194304,1.158301
9437184,1.158301
8388608,8.161435
1572864,8.161435
2097152,8.161435
4718592,8.161435
1048576,13.563703
2752512,5.134992
3670016,5.134992
8257536,5.134992
1835008,10.715286
8388608,5.535055
1572864,5.535055
1572864,5.535055
6815744,5.535055
79691776,1.138211
14942208,1.138211
14942208,1.138211
64749568,1.138211
29884416,1.138211
1835008,7.533540
1835008,7.533540
1835008,7.533540
10092544,7.533540
11010048,7.533540
-16515072,0.738552
-16515072,0.738552
-71565312,0.738552
-33030144,0.738552
-33030144,3.746475
-1835008,11.854403
-1835008,11.854403
-10092544,11.854403
-11010048,11.854403
-13565952,18.224588
-14483456,8.645245
-34537472,6.027235
-16711680,6.491721
-35651584,3.374778
7667712,12.235001
18284544,9.719865
8847360,10.166099
18874368,7.171636
25821184,13.975267
25821184,13.281518
36700160,4.477612
42663936,3.818552
20643840,4.293954
33030144,1.103753
-10158080,2.140673
-13107200,2.140673
-2293760,11.610930
14745600,5.882353
18284544,8.465975
14155776,5.882353
18874368,5.882353
2359296,5.882353
36831232,6.108385
37945344,7.440989
39845888,3.184713
4980736,3.184713
19660800,4.908127
20316160,5.977134
20971520,3.323263
-13238272,6.223705
-13565952,8.047892
-14680064,0.884956
-1835008,0.884956
-21757952,19.831158
-25165824,7.636801
-3145728,7.636801
8912896,21.923214
25427968,12.361256
25821184,14.844974
29360128,3.552207
5505024,3.552207
7340032,3.552207
26869760,12.256209
27197440,15.017348
31457280,2.090770
5898240,2.090770
7864320,2.090770
-7864320,7.595127
-8126464,8.633927
-8388608,6.055046
-1572864,6.055046
-2097152,6.055046
-13238272,7.351070
-13565952,9.153327
-14680064,2.076503
-2752512,2.076503
-3670016,2.076503
-12189696,7.958392
-3145728,5.360444
-2359296,5.360444
-3145728,5.360444
-6553600,6.058493
-50790400,2.927110
-32768000,0.187149
-52428800,0.187149
-9830400,0.187149
-9699328,6.514015
-75169792,3.397816
-48496640,0.671141
-77594624,0.671141
-14548992,0.671141
-14548992,0.671141
16252928,3.871603
16252928,3.111694
10485760,1.158301
2097152,1.158301
2097152,1.158301
2097152,1.158301
8126464,10.682493
5242880,8.161435
1048576,8.161435
1048576,8.161435
1048576,8.161435
13565952,11.295058
9175040,5.134992
1835008,5.134992
1835008,5.134992
3145728,5.535055
3145728,8.397629
8126464,7.766510
7864320,5.535055
8388608,5.535055
8388608,5.535055
29884416,4.134023
77201408,3.473529
74711040,1.138211
79691776,1.138211
79691776,1.138211
4980736,18.875025
13565952,13.878258
13238272,11.056071
14680064,7.533540
14680064,7.533540
-85327872,3.463376
-85327872,0.738552
-66060288,0.738552
-88080384,0.738552
-13565952,17.902637
-13238272,15.212330
-14680064,11.854403
-26738688,3.374778
-13369344,9.941541
-15597568,7.504061
-27852800,3.374778
-34537472,6.027235
-26738688,3.374778
7077888,13.480359
8257536,11.138659
14745600,7.171636
18284544,9.719865
14155776,7.171636
8912896,27.927628
10747904,23.488785
22937600,4.477612
25821184,15.662026
22020096,4.477612
19267584,1.978941
5505024,6.921179
41287680,2.725003
42663936,3.818552
-4587520,3.006685
-1310720,7.897104
-9830400,3.744924
-10158080,4.827007
2359296,5.882353
12976128,5.882353
7077888,5.882353
17694720,7.425265
18284544,8.465975
4980736,3.184713
27394048,3.184713
14417920,6.581741
36831232,6.108385
37945344,7.440989
2621440,3.323263
14417920,3.323263
7864320,3.323263
19660800,4.908127
20316160,5.977134
-3670016,0.884956
-5898240,8.975980
-4128768,4.849557
-13565952,8.047892
-3670016,0.884956
-8912896,25.229792
-7077888,11.331328
-21757952,19.831158
-6291456,7.636801
16515072,3.552207
3670016,9.225606
25821184,14.844974
18350080,3.552207
24903680,11.415459
3932160,2.090770
27197440,15.017348
27197440,14.345549
19660800,2.090770
-1048576,6.055046
-8126464,8.633927
-8126464,7.911666
-5242880,6.055046
-1835008,2.076503
-13565952,9.153327
-13565952,8.435171
-9175040,2.076503
-1572864,5.360444
-12189696,7.958392
-12189696,7.230791
-7864320,5.360444
-6553600,0.187149
-36044800,0.187149
-39321600,0.187149
-50790400,2.927110
-50790400,0.187149
-39321600,0.187149
-63045632,0.671141
-29097984,0.671141
-29097984,3.681107
-75169792,3.017492
-72744960,0.671141
13631488,1.158301
6291456,1.158301
6291456,4.153504
16252928,3.493144
15728640,1.158301
6815744,8.161435
3145728,8.161435
3145728,10.944422
8126464,10.330850
7864320,8.161435
10092544,5.134992
11010048,5.134992
13565952,11.990783
13565952,9.506652
11010048,5.134992
8388608,5.535055
3145728,5.535055
8912896,5.535055
7864320,8.212200
7864320,6.701289
79691776,1.138211
29884416,1.138211
84672512,1.138211
74711040,3.939962
74711040,2.358727
4587520,7.533540
10092544,7.533540
10420224,8.682192
13565952,14.215989
11927552,7.533540
-33030144,0.738552
-93585408,0.738552
-82575360,3.551630
-82575360,1.964002
-4587520,11.854403
-10092544,11.854403
-10420224,12.949379
-13565952,18.224588
-11927552,11.854403
-35651584,3.374778
-4456448,3.374778
-8912896,3.374778
-15597568,3.374778
18874368,7.171636
2359296,7.171636
12976128,7.171636
7077888,7.171636
3670016,4.477612
7340032,4.477612
10747904,20.073105
44040192,1.103753
5505024,1.103753
30277632,1.103753
16515072,1.103753
-10485760,2.140673
-1310720,2.140673
-7208960,2.140673
-3932160,2.140673
-9830400,3.744924
2359296,5.882353
4718592,5.882353
16515072,5.882353
2359296,5.882353
4980736,3.184713
9961472,3.184713
34340864,4.640582
4980736,3.184713
2621440,3.323263
5242880,3.323263
18350080,3.323263
2621440,3.323263
-1835008,0.884956
-3670016,0.884956
-12320768,4.930468
-1835008,0.884956
-3145728,7.636801
-6291456,7.636801
-19922944,16.433296
-3145728,7.636801
-21757952,19.831158
3670016,3.552207
3670016,3.552207
3670016,3.552207
20185088,3.552207
3932160,2.090770
3932160,2.090770
3932160,2.090770
21626880,2.090770
-8388608,6.055046
-1572864,6.055046
-1572864,6.055046
-6815744,6.055046
-3145728,6.055046
-1835008,2.076503
-1835008,2.076503
-1835008,2.076503
-10092544,2.076503
-11010048,2.076503
-2359296,5.360444
-2359296,5.360444
-10223616,5.360444
-4718592,5.360444
-4718592,8.228309
-52428800,0.187149
-52428800,0.187149
-52428800,0.187149
-19660800,0.187149
-77594624,0.671141
-77594624,0.671141
-77594624,0.671141
-29097984,0.671141
16777216,1.158301
16777216,1.158301
5242880,1.158301
11534336,1.158301
8388608,8.161435
8388608,8.161435
3145728,8.161435
8912896,8.161435
14680064,5.134992
4587520,5.134992
10092544,5.134992
10420224,6.313439
1572864,5.535055
1048576,5.535055
2097152,5.535055
1572864,11.091817
2621440,11.091817
9961472,1.138211
19922944,1.138211
54788096,1.138211
27394048,7.448538
24903680,1.138211
1835008,7.533540
3670016,7.533540
2752512,12.972744
4587520,12.972744
4587520,7.533540
-11010048,0.738552
-22020096,0.738552
-16515072,6.577461
-27525120,6.577461
-27525120,0.738552
-82575360,3.159563
-3670016,11.854403
-10092544,11.854403
-4915200,19.624075
-4587520,11.854403
-20840448,19.913429
-13238272,17.280323
-10027008,7.239787
-34537472,6.027235
-8912896,3.374778
-4456448,3.374778
-8912896,3.374778
5308416,10.884770
18284544,9.719865
4718592,7.171636
2359296,7.171636
4718592,7.171636
8257536,8.298508
25821184,15.662026
7340032,4.477612
3670016,4.477612
7340032,4.477612
23592960,12.275357
42663936,3.818552
11010048,1.103753
5505024,1.103753
11010048,1.103753
38535168,1.103753
-10158080,4.827007
-1310720,2.140673
-2621440,2.140673
-9175040,2.140673
18284544,8.465975
18284544,7.742385
11796480,5.882353
2359296,5.882353
2359296,5.882353
37945344,7.440989
37945344,6.709297
24903680,3.184713
4980736,3.184713
4980736,3.184713
2621440,9.010129
20316160,5.977134
13107200,3.323263
20971520,3.323263
3932160,3.323263
3932160,3.323263
-13565952,8.047892
-13565952,7.320998
-9175040,0.884956
-2752512,0.884956
-2752512,0.884956
-21757952,19.831158
-15728640,7.636801
-4718592,7.636801
-4718592,7.636801
-20447232,7.636801
22020096,3.552207
25821184,14.844974
25821184,12.441404
22020096,3.552207
29360128,3.552207
23592960,2.090770
27197440,15.017348
27197440,12.618645
23592960,2.090770
31457280,2.090770
31457280,2.090770
-8126464,8.633927
-8126464,6.055046
-6291456,6.055046
-8388608,6.055046
-8388608,6.055046
-13565952,8.795663
-13238272,5.806922
-14680064,2.076503
-14680064,2.076503
-12189696,5.360444
-9437184,5.360444
-12582912,5.360444
-37683200,0.187149
-50790400,2.927110
-42598400,0.187149
-6553600,0.187149
-13107200,0.187149
-55771136,0.671141
-75169792,3.397816
-63045632,0.671141
-9699328,0.671141
-19398656,0.671141
15728640,3.959483
15728640,2.378569
2097152,1.158301
4194304,1.158301
8126464,10.682493
6815744,8.161435
2097152,8.161435
5767168,8.161435
13238272,9.875454
1835008,5.134992
3670016,5.134992
2621440,5.535055
7864320,7.839078
8126464,8.128211
4718592,5.535055
8388608,5.535055
3670016,5.535055
9961472,5.535055
74711040,3.549474
77201408,3.852065
44826624,1.138211
79691776,1.138211
74711040,1.138211
29884416,4.134023
13238272,13.225436
11927552,7.533540
14680064,7.533540
13238272,11.056071
4980736,18.875025
-82575360,3.159563
-71565312,0.738552
-88080384,0.738552
-82575360,0.738552
-33030144,3.746475
-60555264,4.010908
-11927552,11.854403
-14680064,11.854403
-13238272,15.212330
-4980736,22.665913
-10092544,14.760301
-31195136,3.374778
-4456448,3.374778
-34537472,6.027235
-34537472,5.284368
-22282240,3.374778
10616832,7.171636
2359296,12.632127
18284544,9.719865
11796480,7.171636
16515072,4.477612
3670016,10.096576
25821184,15.662026
18350080,4.477612
24772608,1.103753
5505024,6.921179
42663936,3.818552
27525120,1.103753
-5898240,2.140673
-1310720,7.897104
-10158080,4.827007
-6553600,2.140673
3538944,5.882353
15335424,5.882353
7077888,5.882353
7077888,8.734403
18284544,8.105604
17694720,5.882353
4980736,3.184713
27394048,3.184713
29884416,3.184713
37945344,7.440989
37945344,4.828436
29884416,3.184713
14417920,3.323263
15728640,3.323263
20316160,5.977134
20316160,3.323263
15728640,3.323263
-10092544,0.884956
-11010048,0.884956
-13565952,8.047892
-13565952,5.452469
-11010048,0.884956
-7340032,28.161955
-7340032,30.338865
-21757952,19.515532
-21495808,15.846864
29360128,3.552207
9175040,3.552207
20185088,3.552207
20578304,5.948425
25821184,14.844974
23855104,3.552207
9830400,2.090770
21626880,2.090770
21954560,4.928719
27197440,15.017348
25559040,2.090770
-3145728,6.055046
-8912896,6.055046
-7864320,8.717453
-7864320,7.214860
-4587520,2.076503
-10092544,2.076503
-10420224,3.292943
-13565952,9.153327
-11927552,2.076503
-4718592,5.360444
-13369344,5.360444
-11796480,8.042537
-11796480,6.528833
-13107200,0.187149
-9830400,6.058493
-16384000,6.058493
-16384000,0.187149
-49152000,2.621609
-50790400,2.927110
-29491200,0.187149
-14548992,6.514015
-24248320,6.514015
-24248320,0.671141
-72744960,3.093796
-75169792,3.397816
-43646976,0.671141
3145728,6.972518
5242880,6.972518
5242880,1.158301
15728640,3.569074
16252928,3.871603
9437184,1.158301
2883584,14.023471
2621440,8.161435
13107200,8.161435
7864320,10.401401
6815744,8.161435
2752512,10.715286
4587520,10.715286
4587520,5.134992
13238272,10.974534
13565952,11.990783
8257536,5.134992
3145728,11.955003
6029312,8.034128
8126464,7.401951
6029312,8.997122
7340032,6.783491
8126464,7.034499
9437184,5.535055
29884416,7.856974
57278464,3.753603
77201408,3.092002
57278464,4.761418
69730304,2.444755
77201408,2.707446
89653248,1.138211
10092544,10.581884
12779520,13.051430
13565952,13.194752
10420224,11.565912
13238272,12.154145
11927552,8.414172
5898240,15.081823
-79822848,2.832676
-85327872,2.314131
-63307776,3.873124
-82575360,1.964002
-71565312,1.683900
-38535168,0.738552
-13565952,17.578142
-10420224,16.139715
-12320768,16.569553
-13565952,17.251072
-16515072,11.854403
-35651584,3.374778
-6684672,3.374778
-6684672,3.374778
-28966912,3.374778
18874368,7.171636
3538944,7.171636
3538944,7.171636
15335424,7.171636
7077888,7.171636
3670016,4.477612
3670016,4.477612
3670016,4.477612
20185088,4.477612
22020096,4.477612
8257536,1.103753
8257536,1.103753
35782656,1.103753
16515072,1.103753
16515072,4.100609
-1310720,2.140673
-1310720,2.140673
-7208960,2.140673
-7864320,2.140673
-10158080,4.827007
18874368,5.882353
18874368,5.882353
5898240,5.882353
12976128,5.882353
39845888,3.184713
39845888,3.184713
12451840,3.184713
27394048,3.184713
20971520,3.323263
20971520,3.323263
7864320,3.323263
22282240,3.323263
-14680064,0.884956
-4587520,0.884956
-10092544,0.884956
-10420224,2.116199
-25165824,7.636801
-7340032,28.161955
-26738688,7.636801
-21495808,18.231770
3670016,3.552207
7340032,3.552207
20185088,3.552207
9568256,14.398919
9175040,3.552207
3932160,2.090770
7864320,2.090770
5898240,7.850137
9830400,7.850137
9830400,2.090770
-2097152,6.055046
-5767168,6.055046
-2883584,12.051533
-2621440,6.055046
-13107200,6.055046
-3670016,2.076503
-10092544,2.076503
-4915200,10.708057
-4587520,2.076503
-20840448,11.029508
-1572864,5.360444
-3145728,5.360444
-2359296,10.927476
-3932160,10.927476
-3932160,5.360444
-11796480,7.668725
-13107200,0.187149
-52428800,0.187149
-49152000,0.187149
-19660800,3.211781
-36044800,3.477683
-47513600,2.292905
-50790400,1.771480
-77594624,0.671141
-33947648,0.671141
-92143616,0.671141
-29097984,7.421646
-55771136,3.298888
-75169792,2.634162
-55771136,4.311465
16777216,1.158301
15728640,1.158301
6291456,4.153504
11534336,4.416819
15204352,3.243569
16252928,2.727217
12058624,4.279618
8388608,8.161435
7864320,8.161435
3145728,10.944422
5767168,11.189080
7602176,10.098957
8126464,9.619190
6029312,11.061600
7864320,9.295244
5898240,12.879074
17432576,5.134992
4980736,20.002878
10420224,8.791920
13565952,11.295058
10420224,9.746979
12320768,10.209583
13565952,10.943053
1048576,5.535055
6029312,6.045677
8126464,8.128211
8126464,8.128211
8126464,8.128211
7864320,6.315757
19922944,1.138211
32374784,5.673156
74711040,3.939962
74711040,1.955251
74711040,2.758896
77201408,3.852065
77201408,2.319826
1835008,7.533540
10420224,9.175801
13565952,14.215989
13565952,14.215989
13565952,14.215989
13238272,11.791145
13565952,14.215989
-11010048,0.738552
-63307776,1.275101
-85327872,3.463376
-85327872,3.463376
-85327872,3.463376
-82575360,1.558895
-85327872,3.463376
-85327872,3.463376
-5439488,23.291380
-13238272,17.615219
-13238272,15.913054
-13238272,16.602291
-13565952,18.224588
-13565952,16.921394
-13238272,15.212330
-13565952,18.224588
-26738688,3.374778
-34537472,6.027235
-34537472,3.374778
-26738688,3.374778
-35651584,3.374778
14155776,7.171636
18284544,9.719865
18284544,7.171636
14155776,7.171636
18874368,7.171636
18874368,7.171636
25821184,15.662026
25821184,13.281518
22020096,4.477612
29360128,4.477612
29360128,4.477612
42663936,3.439885
41287680,1.103753
44040192,1.103753
44040192,1.103753
-10158080,2.140673
-7864320,2.140673
-10485760,2.140673
13565952,5.882353
18284544,8.465975
15335424,5.882353
2359296,5.882353
4718592,5.882353
28508160,3.627804
37945344,7.440989
32374784,3.184713
4980736,3.184713
9961472,3.184713
19660800,6.063089
19660800,4.516803
2621440,3.323263
5242880,3.323263
-13565952,8.047892
-11927552,0.884956
-3670016,0.884956
-10092544,0.884956
-21495808,16.885790
-3145728,7.636801
-6291456,7.636801
9175040,3.552207
25427968,13.073767
25821184,14.844974
16515072,3.552207
29360128,3.552207
10747904,19.298784
34865152,3.552207
26869760,12.969573
27197440,15.017348
17694720,2.090770
31457280,2.090770
26869760,10.793813
9175040,26.156002
-7864320,8.346386
-6815744,6.055046
-8388608,6.055046
-7864320,6.055046
-3145728,8.901863
-13238272,8.104314
-11927552,2.076503
-14680064,2.076503
-13238272,5.806922
-4980736,14.087321
-10092544,5.304750
-10223616,5.360444
-12582912,5.360444
-11796480,5.360444
-4718592,8.228309
-8650752,8.480429
-37683200,3.339134
-49152000,1.419407
-42598400,1.137748
-22937600,0.187149
-6553600,0.187149
-37683200,0.726678
-67895296,1.983857
-75169792,2.247789
-87293952,0.671141
-19398656,0.671141
-31522816,5.227510
-72744960,3.486129
15728640,2.378569
13631488,2.099651
7340032,1.158301
6815744,5.692324
15728640,3.959483
15728640,1.975175
6815744,9.036088
3670016,8.161435
3407872,12.374213
7864320,10.764148
7864320,8.920431
11927552,6.038468
5898240,12.879074
5439488,17.443819
13238272,11.334961
13238272,9.503038
13238272,10.244817
7864320,5.535055
8126464,8.128211
3932160,8.582312
1048576,5.535055
8126464,8.128211
8126464,8.128211
77201408,3.852065
67239936,2.045200
44826624,1.138211
77201408,3.852065
77201408,3.852065
13565952,14.215989
12255232,9.351360
8257536,7.533540
13565952,14.215989
13565952,14.215989
13238272,13.576749
-74317824,1.649208
-49545216,0.738552
-85327872,3.463376
-85327872,3.463376
-82575360,3.551630
-12255232,13.587278
-8257536,11.854403
-13565952,18.224588
-13565952,18.224588
-13238272,17.615219
-11927552,13.517528
-35651584,3.374778
-13369344,3.374778
-37879808,3.374778
-33423360,6.113145
-33423360,4.567682
18874368,7.171636
7077888,7.171636
20054016,7.171636
17694720,9.802399
17694720,8.317665
9175040,4.477612
20185088,4.477612
20578304,6.850839
25821184,15.662026
23855104,4.477612
16515072,1.103753
46792704,1.103753
41287680,3.906481
41287680,2.324694
-3276800,2.140673
-7208960,2.140673
-7536640,2.140673
-10158080,4.827007
-8519680,2.140673
12976128,5.882353
6488064,11.889862
5898240,5.882353
29491200,5.882353
17694720,8.177905
15335424,5.882353
27394048,3.184713
13565952,10.231738
12451840,3.184713
60162048,6.445860
36831232,6.871731
32374784,3.184713
14417920,3.323263
7208960,9.494119
6553600,3.323263
32768000,3.323263
19660800,5.681232
17039360,3.323263
-2752512,6.715252
-4587520,6.715252
-4587520,0.884956
-13238272,6.986115
-13565952,8.047892
-8257536,0.884956
-8126464,18.772789
-7864320,7.636801
-30932992,27.340952
-21495808,17.899380
-20447232,7.636801
8912896,24.289179
20185088,6.731804
24510464,13.028391
25821184,13.831223
20578304,8.918474
25427968,12.000603
23855104,4.470757
10747904,19.298784
21626880,5.318547
25886720,12.969573
27197440,14.005651
21954560,7.930969
26869760,11.895123
25559040,3.023239
11141120,20.740147
-6029312,8.540362
-8126464,7.911666
-6029312,9.498055
-7340032,7.296609
-8126464,7.546236
-9437184,6.055046
-10420224,5.851331
-13565952,8.435171
-10420224,6.837181
-12320768,7.314702
-13565952,8.071819
-16515072,2.076503
-11403264,7.357059
-12189696,6.862659
-9043968,8.349061
-11796480,6.528833
-10223616,6.261773
-5505024,5.360444
-49152000,1.012049
-49152000,1.823425
-50790400,2.927110
-50790400,1.380131
-49152000,0.187149
-50790400,2.927110
-24576000,3.406919
-72744960,1.492041
-72744960,2.299483
-75169792,3.397816
-75169792,1.858338
-72744960,0.671141
-75169792,3.397816
-36372480,3.875298
16252928,3.871603
16252928,3.871603
15728640,1.975175
16252928,3.871603
16252928,3.871603
14155776,2.065106
9437184,1.158301
8126464,10.682493
7864320,8.920431
8126464,10.682493
8126464,10.682493
7077888,9.003991
4718592,8.161435
13565952,11.990783
13565952,10.588245
13238272,8.748898
13565952,11.990783
6225920,16.938473
8126464,8.128211
7340032,7.597609
7864320,6.315757
8126464,8.128211
8126464,5.535055
8126464,7.401951
8126464,8.128211
5505024,6.646408
74711040,3.939962
64749568,3.003528
77201408,1.929106
77201408,3.852065
77201408,3.852065
77201408,1.535247
74711040,2.358727
59768832,1.138211
11927552,9.278191
13565952,12.500310
13565952,14.215989
13565952,14.215989
13565952,12.148906
13238272,12.154145
11010048,7.533540
-82575360,1.558895
-85327872,3.463376
-85327872,0.738552
-85327872,2.700241
-85327872,3.463376
-57802752,1.906334
-13238272,15.913054
-13565952,18.224588
-13565952,15.916411
-13565952,17.578142
-13565952,18.224588
-9633792,12.891409
-6684672,3.374778
-4456448,3.374778
-8912896,3.374778
-6684672,9.058615
-11141120,9.058615
2359296,7.171636
4718592,7.171636
12976128,7.171636
6488064,13.096851
5898240,7.171636
3670016,4.477612
7340032,4.477612
5505024,10.096576
9175040,10.096576
9175040,4.477612
5505024,1.103753
11010048,1.103753
8257536,6.921179
13762560,6.921179
13762560,1.103753
41287680,3.515856
-2621440,2.140673
-7208960,2.140673
-3604480,8.387012
-3276800,2.140673
-16384000,2.140673
-9830400,4.527486
18874368,5.882353
8257536,5.882353
22413312,5.882353
7077888,12.278698
13565952,8.372237
18284544,7.742385
13565952,9.331691
39845888,3.184713
36831232,4.543524
14417920,9.412597
27394048,6.376426
35586048,6.603241
37945344,6.339096
28508160,6.671137
9175040,3.323263
24903680,3.323263
7864320,9.893527
15073280,5.880848
20316160,5.233871
15073280,6.866389
18350080,4.600929
-5898240,8.975980
-17432576,0.884956
-4980736,16.418938
-10420224,4.705717
-13565952,7.320998
-10420224,5.703563
-12320768,6.186893
-25165824,7.636801
-21495808,15.846864
-7340032,30.338865
-17301504,10.681742
-20709376,17.899380
-21757952,18.876766
-17563648,13.146184
-21495808,16.885790
7340032,3.552207
9830400,24.156389
25427968,13.425694
25427968,11.636969
25427968,12.361256
25821184,14.844974
25821184,13.487922
3932160,2.090770
21954560,5.442617
27197440,15.017348
27197440,15.017348
27197440,15.017348
26869760,11.531054
27197440,15.017348
-3407872,10.364448
-7864320,8.717453
-7864320,6.831451
-7864320,7.595127
-8126464,8.633927
-8126464,7.177894
-7864320,6.055046
-5439488,14.782172
-13238272,8.476361
-13238272,6.585377
-13238272,7.351070
-13565952,9.153327
-13565952,7.705572
-13238272,5.806922
-1572864,5.360444
-9043968,5.872009
-12189696,7.958392
-12189696,7.958392
-12189696,7.958392
-11796480,6.142589
-12189696,7.958392
-12189696,7.958392
-6553600,0.187149
-50790400,2.927110
-50790400,2.927110
-49152000,3.015853
-42598400,2.070410
-50790400,0.985652
-50790400,2.927110
-75169792,3.397816
-75169792,3.397816
-72744960,3.486129
-63045632,2.545270
-75169792,1.465772
-75169792,3.397816
7864320,6.606269
15204352,2.420110
16252928,3.871603
14680064,3.316417
15728640,1.975175
16252928,3.871603
16252928,1.158301
3932160,13.223404
7602176,9.333842
8126464,10.682493
7340032,10.166643
7864320,8.920431
8126464,10.682493
8126464,8.161435
8126464,9.976426
13565952,11.990783
13565952,11.990783
13238272,11.334961
11927552,6.924898
13565952,10.230597
13565952,11.990783
13565952,11.990783
13565952,9.870078
4718592,5.535055
8126464,8.128211
7602176,5.940484
2621440,11.091817
6291456,7.462911
8126464,8.128211
54788096,1.138211
77201408,3.092002
77201408,3.852065
62259200,2.117041
14942208,10.464795
72220672,3.630525
69730304,2.444755
8257536,7.533540
13565952,14.215989
12779520,11.558750
4587520,12.972744
11010048,9.420610
13565952,14.215989
12779520,13.416759
-49545216,0.738552
-85327872,3.463376
-79822848,1.164567
-27525120,6.577461
-66060288,2.764296
-85327872,3.463376
-79822848,3.240942
-35782656,5.291830
-13565952,18.224588
-12779520,15.691519
-4587520,17.039438
-11010048,13.653292
-13565952,18.224588
-12779520,17.462706
-5439488,23.291380
-11141120,3.374778
-33423360,5.731491
-34537472,6.027235
-20054016,3.374778
-35651584,3.374778
-15597568,3.374778
-42336256,3.374778
17694720,9.435742
18284544,9.719865
10616832,7.171636
18874368,7.171636
17694720,7.171636
7077888,9.984616
25427968,13.907812
23855104,4.477612
29360128,4.477612
25427968,11.755508
8912896,25.015614
41287680,3.515856
35782656,1.103753
44040192,1.103753
41287680,1.103753
16515072,4.100609
30277632,4.364069
-8519680,2.140673
-10485760,2.140673
-9830400,2.140673
-3932160,5.106107
-7208960,5.366805
13565952,8.854489
17694720,7.044299
15335424,6.778712
8257536,5.882353
2359296,5.882353
13565952,6.391097
34340864,5.900839
37945344,6.339096
44826624,3.184713
9961472,3.184713
15663104,10.617660
36831232,7.248769
19660800,4.516803
17039360,4.243994
9175040,3.323263
8519680,7.757976
19660800,6.063089
19660800,4.122244
-11927552,1.828909
-5898240,8.975980
-5439488,13.745231
-13238272,7.362689
-13238272,5.448695
-20447232,8.516450
-8912896,25.229792
-8126464,29.950846
-21495808,18.231770
-21495808,16.542343
-21495808,17.226423
25427968,10.900610
25821184,14.844974
11141120,24.441820
3670016,3.552207
25821184,14.844974
25821184,14.844974
27197440,15.017348
25886720,5.384353
17694720,2.090770
27197440,15.017348
27197440,15.017348
-8126464,8.633927
-7077888,6.916926
-4718592,6.055046
-8126464,8.633927
-8126464,8.633927
-7864320,8.717453
-12255232,4.001605
-8257536,2.076503
-13565952,9.153327
-13565952,9.153327
-13238272,8.476361
-10616832,6.228696
-7077888,5.360444
-12189696,7.958392
-12189696,7.958392
-11796480,8.042537
-10223616,7.146095
-50790400,2.927110
-50790400,0.588004
-49152000,1.419407
-39321600,0.187149
-29491200,0.187149
-50790400,2.927110
-47513600,0.615530
-75169792,2.634162
-75169792,3.397816
-50921472,1.839716
-53346304,0.671141
-75169792,2.634162
-75169792,3.397816
-60620800,1.654595
16252928,1.555256
15728640,2.378569
12582912,1.158301
16252928,3.111694
16252928,3.871603
13107200,2.136932
8126464,8.530264
7864320,9.295244
6291456,8.161435
8126464,9.976426
8126464,10.682493
6553600,9.070728
13565952,11.990783
9633792,6.251051
13565952,11.295058
13565952,11.990783
11468800,6.074250
2752512,14.084521
4456448,9.526532
6291456,6.024511
7864320,5.535055
5767168,7.634276
11534336,5.535055
7864320,7.462911
8126464,7.766510
42336256,5.315470
59768832,1.650449
74711040,1.138211
54788096,3.335140
79691776,1.138211
74711040,2.358727
77201408,3.852065
5439488,19.531153
13565952,14.215989
13565952,14.215989
19660800,9.935266
13238272,12.871254
13565952,13.878258
12255232,8.933624
-66060288,1.252860
-82575360,0.738552
-60555264,2.944362
-82575360,2.764296
-85327872,3.083311
-74317824,1.195979
-77070336,1.616972
-13238272,15.212330
-10092544,13.813193
-13238272,16.259090
-13565952,18.224588
-12779520,16.409039
-11927552,13.923548
-13369344,9.941541
-25624576,5.931001
-34537472,5.284368
-25624576,6.916017
-31195136,4.651763
-34537472,4.908512
-40108032,3.374778
7077888,13.480359
13565952,9.627412
18284544,9.006188
13565952,10.573723
16515072,8.398442
18284544,8.645102
21233664,7.171636
20185088,7.626702
24510464,13.862874
25821184,14.658003
20578304,9.792391
25427968,12.844947
23855104,5.387349
10747904,20.073105
39911424,3.190171
42663936,2.673534
31653888,4.226792
41287680,2.324694
35782656,2.045622
19267584,1.103753
-10158080,4.074652
-7536640,5.727140
-9175040,3.433968
-10158080,3.693995
-11796480,2.140673
18284544,8.465975
18284544,8.465975
18284544,8.465975
17694720,6.660185
18284544,8.465975
18284544,8.465975
15925248,6.745818
10616832,5.882353
37945344,7.440989
37945344,7.440989
36831232,5.332421
37945344,7.440989
37945344,7.440989
33488896,4.446912
22413312,3.184713
19660800,4.908127
20316160,5.977134
20316160,4.478762
19660800,3.323263
20316160,5.977134
9830400,6.441867
-13238272,6.223705
-13565952,8.047892
-13565952,6.582520
-13238272,4.660767
-13565952,8.047892
-6225920,13.217242
-21757952,19.831158
-21495808,16.542343
-21757952,19.831158
-21757952,19.831158
-20709376,10.743820
-14155776,7.636801
25427968,13.425694
23855104,5.371976
25821184,13.141873
25821184,14.844974
25821184,14.844974
25821184,12.793045
25427968,12.000603
22020096,3.552207
24903680,13.349620
26869760,11.531054
27197440,15.017348
27197440,12.618645
27197440,14.345549
27197440,15.017348
20643840,3.242643
-7340032,8.106246
-7864320,6.831451
-8126464,8.633927
-8126464,6.055046
-8126464,7.911666
-8126464,8.633927
-5505024,7.160281
-11927552,3.924116
-13565952,7.336394
-13565952,9.153327
-13565952,9.153327
-13565952,6.964251
-13238272,6.969799
-11010048,2.076503
-12189696,6.117560
-12189696,7.958392
-12189696,7.958392
-12189696,5.740522
-11796480,6.528833
-9437184,5.360444
-16384000,6.058493
-39321600,2.224146
-50790400,2.927110
-47513600,2.703439
-21299200,4.765720
-50790400,2.927110
-50790400,2.927110
-24248320,6.514015
-58195968,2.698261
-75169792,3.397816
-70320128,3.175230
-31522816,5.227510
-75169792,3.397816
-75169792,3.397816
3145728,10.482990
15204352,3.650109
14680064,2.464579
8912896,5.334711
12582912,1.670434
15728640,1.158301
11534336,3.354783
6291456,10.035691
8126464,10.682493
7602176,10.476693
3407872,12.374213
8126464,10.682493
8126464,10.682493
11010048,7.071012
13565952,11.990783
12779520,11.170821
5439488,17.443819
13565952,11.990783
13565952,11.990783
7077888,5.970378
7340032,6.371028
7864320,7.083661
8126464,8.128211
2359296,11.669143
5767168,8.649284
7602176,8.301811
72220672,2.400277
64749568,3.458911
77201408,2.319826
72220672,4.033745
99614720,1.138211
74711040,3.939962
74711040,2.358727
11927552,9.704114
13565952,12.848913
12779520,13.779032
18350080,7.533540
13238272,13.576749
13238272,12.154145
-82575360,2.365789
-85327872,3.463376
-24772608,7.184101
-60555264,4.010908
-79822848,3.645792
-13238272,16.602291
-13565952,18.224588
-4128768,17.578142
-10092544,14.760301
-12779520,17.808050
-8912896,3.374778
-14483456,7.807127
-33423360,6.113145
-33423360,4.173334
-33423360,4.958798
-34537472,6.027235
-34537472,4.529661
2359296,7.171636
13565952,7.673411
18284544,9.719865
18284544,9.719865
18284544,9.719865
17694720,7.938813
18284544,9.719865
9830400,24.884098
25427968,14.256364
25427968,12.484801
25427968,13.202140
25821184,15.662026
25821184,14.317994
25427968,11.755508
17891328,5.640278
41287680,3.906481
41287680,1.921077
41287680,2.725003
42663936,3.818552
42663936,2.285780
41287680,1.103753
-1310720,2.140673
-7536640,2.669642
-10158080,4.827007
-10158080,4.827007
-10158080,4.827007
-9830400,2.949428
-10158080,4.827007
-10158080,4.827007
2359296,5.882353
18284544,8.465975
18284544,8.465975
17694720,8.549654
15335424,7.658157
18284544,6.635294
18284544,8.465975
37945344,7.440989
37945344,7.440989
36831232,7.248769
32374784,5.011417
37945344,5.589809
37945344,7.440989
9830400,8.651902
19005440,4.557434
20316160,5.977134
18350080,5.434109
19660800,4.122244
20316160,5.977134
20316160,3.323263
-6225920,15.267229
-12779520,6.006402
-13565952,8.047892
-12320768,7.006222
-13238272,5.448695
-13565952,8.047892
-13565952,5.452469
-13565952,7.320998
-21757952,19.831158
-21757952,19.831158
-21495808,18.231770
-20447232,9.379503
-21757952,18.227781
-21757952,19.831158
-21757952,19.831158
-21757952,17.899380
16515072,3.552207
25821184,14.844974
24510464,11.535316
9175040,9.225606
22020096,5.520529
25821184,14.844974
21626880,2.090770
27197440,14.345549
27197440,15.017348
24576000,3.060169
5898240,11.327490
25886720,13.335247
24903680,12.586180
-4718592,6.055046
-8126464,8.633927
-7602176,6.458243
-2621440,11.581220
-6291456,7.972290
-8126464,8.633927
-7602176,8.423406
-8257536,2.076503
-13565952,9.153327
-12779520,6.339267
-4587520,7.836709
-11010048,4.074942
-13565952,9.153327
-12779520,8.306930
-5439488,14.782172
-12189696,7.958392
-11403264,5.766622
-3932160,10.927476
-9437184,7.291863
-12189696,7.958392
-11403264,7.746315
-5111808,9.701708
-19660800,0.187149
-52428800,0.187149
-49152000,1.419407
-50790400,2.927110
-47513600,1.461356
-42598400,2.530174
-50790400,1.380131
-47513600,3.110538
-77594624,0.671141
-72744960,1.897423
-75169792,3.397816
-70320128,1.939169
-63045632,3.002804
-75169792,1.858338
-70320128,3.580354
23068672,1.158301
15728640,3.175479
16252928,3.493144
14155776,1.613793
14680064,2.033006
15728640,2.778657
16252928,3.871603
4718592,7.576593
7864320,10.035691
8126464,10.330850
7077888,8.584654
7340032,8.974166
7864320,9.666986
8126464,10.682493
2359296,14.124977
13238272,9.875454
13565952,11.990783
12779520,10.036831
11927552,7.361870
13565952,10.588245
12779520,11.542491
18350080,5.134992
5242880,8.397629
8126464,8.128211
8126464,8.128211
8126464,7.401951
8126464,8.128211
3407872,8.183605
19922944,1.138211
77201408,2.319826
74711040,3.155799
74711040,1.955251
77201408,1.929106
59768832,3.647394
17432576,6.165082
9175040,10.335553
13565952,14.215989
13565952,14.215989
13565952,13.537855
13565952,14.215989
5439488,18.027063
16515072,7.533540
-55050240,3.746475
-85327872,3.463376
-85327872,3.463376
-85327872,2.700241
-85327872,3.463376
-35782656,3.521584
-99090432,0.738552
-9175040,14.525480
-13565952,18.224588
-13565952,18.224588
-13565952,17.578142
-13565952,18.224588
-5439488,21.857574
-16515072,11.854403
-4980736,20.249220
-33423360,3.374778
-34537472,6.027235
-16711680,6.491721
-4456448,3.374778
-34537472,6.027235
-34537472,6.027235
18284544,9.719865
15925248,8.023273
10616832,7.171636
18284544,9.719865
18284544,9.719865
25821184,15.662026
24248320,7.357055
16515072,4.477612
25821184,15.662026
25821184,15.662026
25427968,14.256364
37158912,2.011058
24772608,1.103753
42663936,3.818552
42663936,3.818552
41287680,3.906481
-8847360,3.038465
-5898240,2.140673
-10158080,4.827007
-10158080,4.827007
-9830400,4.914014
-8519680,3.987075
18284544,8.465975
18284544,6.260335
17694720,7.044299
14155776,5.882353
10616832,5.882353
18284544,8.465975
17104896,6.286291
37945344,6.709297
37945344,7.440989
26148864,4.323717
27394048,3.184713
37945344,6.709297
37945344,7.440989
31129600,4.143281
20316160,3.711523
19660800,4.516803
15728640,3.323263
20316160,5.233871
20316160,5.977134
16384000,4.280458
-13565952,5.832178
-13238272,5.837794
-11010048,0.884956
-13565952,7.320998
-13565952,8.047892
-11468800,1.866293
-21757952,19.831158
-16515072,8.723427
-21757952,19.197412
-21757952,19.831158
-19660800,8.551289
-4718592,16.350311
15597568,7.627466
22020096,4.051936
25427968,10.900610
20185088,5.695491
38273024,8.562481
25427968,12.718966
25821184,14.509718
16711680,6.227780
23592960,2.598072
26869760,10.793813
21626880,4.266531
31457280,2.090770
26869760,11.895123
27197440,15.017348
-3407872,10.364448
-8126464,8.633927
-8126464,8.633927
-11534336,6.055046
-7864320,7.972290
-8126464,8.274218
-7077888,6.487972
-11010048,2.583878
-13238272,5.806922
-10092544,4.252581
-13238272,7.729229
-13565952,8.795663
-12255232,3.559215
-12320768,6.904589
-11796480,5.360444
-8650752,7.463545
-11796480,6.528833
-12189696,7.958392
-11403264,6.568608
-10223616,7.582030
-65536000,0.187149
-49152000,3.015853
-49152000,1.419407
-32768000,3.211781
-50790400,2.927110
-96993280,0.671141
-72744960,3.486129
-72744960,1.897423
-48496640,3.681107
-75169792,3.397816
-75169792,3.397816
11534336,4.416819
15204352,4.053246
4194304,1.158301
16252928,2.339676
15728640,3.175479
15728640,1.975175
5767168,11.189080
7602176,10.851268
2097152,8.161435
8126464,9.259107
7864320,10.035691
7864320,8.920431
10092544,8.262410
12779520,11.542491
9175040,8.009689
13565952,11.990783
13565952,11.990783
13565952,11.295058
9437184,5.535055
3145728,5.535055
8126464,8.128211
12582912,5.535055
1048576,11.091817
6291456,6.508921
9961472,1.138211
14942208,12.122854
47316992,4.892457
29884416,1.138211
49807360,5.282118
54788096,1.138211
4980736,16.339870
13565952,14.215989
4980736,16.339870
9175040,11.409380
10092544,7.533540
-33030144,0.738552
-85327872,3.463376
-33030144,0.738552
-55050240,4.899212
-60555264,0.738552
-55050240,3.159563
-13565952,18.224588
-4980736,20.249220
-9175040,15.549128
-10092544,11.854403
-9175040,14.004294
-34537472,6.027235
-31195136,5.484499
-33423360,4.173334
-34537472,6.027235
-34537472,3.374778
-34537472,5.284368
-34537472,6.027235
-23396352,4.511545
17694720,9.802399
15335424,8.923114
18284544,7.914263
18284544,9.719865
18284544,9.719865
18284544,7.544441
17694720,8.317665
14155776,7.171636
23855104,6.279921
25821184,13.975267
25821184,15.662026
25821184,15.662026
25821184,13.629786
25427968,12.844947
22020096,4.477612
41287680,1.921077
42663936,3.818552
42663936,1.103753
42663936,3.058224
42663936,3.818552
28901376,2.267238
-9830400,2.949428
-10158080,4.827007
-10158080,2.140673
-10158080,4.074652
-10158080,4.827007
-6881280,3.291959
14745600,6.814211
3538944,14.761376
17104896,8.255067
16515072,7.126199
10027008,9.859155
14155776,6.370009
17694720,5.882353
12976128,7.973856
7471104,12.318232
35586048,6.995665
34340864,5.900839
21168128,7.275500
29884416,3.686347
36831232,4.543524
27394048,5.336164
15728640,5.296257
20316160,5.977134
19005440,5.760492
8519680,7.757976
20316160,5.977134
20316160,5.977134
-2752512,10.235432
-12779520,7.191195
-12320768,6.186893
-7798784,5.072916
-11010048,1.398505
-13238272,4.660767
-10092544,3.087512
-20709376,18.244339
-19922944,17.537703
-13369344,11.539471
-18874368,8.115367
-21495808,15.846864
-17301504,9.689316
24510464,12.288208
23855104,5.816239
25821184,13.487922
24510464,13.756187
36700160,3.552207
25427968,13.425694
25427968,12.000603
24903680,12.199393
26869760,12.256209
27197440,15.017348
8847360,8.448512
21626880,5.318547
25886720,13.697861
-7340032,6.886417
-7864320,7.595127
-8126464,8.633927
-2359296,12.155368
-5767168,9.152132
-7602176,8.806571
-11927552,4.375176
-13565952,7.705572
-12779520,8.690582
-18350080,2.076503
-13238272,8.476361
-13238272,6.969799
-12189696,6.491594
-11403264,8.132313
-15728640,5.360444
-11796480,8.042537
-11796480,6.528833
-49152000,1.012049
-50790400,0.985652
-39321600,2.720470
-11468800,5.262379
-6553600,0.187149
-9830400,11.277466
-31129600,3.977511
-75169792,2.634162
-75169792,3.397816
-31522816,3.456062
-87293952,0.671141
-29097984,0.671141
-75169792,3.397816
16252928,3.111694
16252928,3.871603
6815744,3.929564
18874368,1.158301
6291456,1.158301
16252928,3.871603
8126464,8.896144
6291456,10.492363
1835008,12.831193
1048576,8.161435
1572864,18.365721
4980736,11.648975
11010048,7.542733
3080192,13.633794
1835008,5.134992
2752512,15.675550
8585216,10.109830
5767168,9.148469
1310720,14.122778
5242880,5.535055
3145728,5.535055
8388608,5.535055
1048576,5.535055
49807360,3.549474
9961472,1.138211
29884416,1.138211
24903680,1.138211
69730304,1.138211
9175040,9.788819
1835008,7.533540
4980736,16.339870
4587520,7.533540
12320768,11.307680
-13762560,9.762321
-55050240,0.738552
-33030144,0.738552
-88080384,0.738552
-11010048,0.738552
-9175040,11.854403
-4980736,20.249220
-14680064,11.854403
-1835008,11.854403
-20054016,3.374778
-34537472,6.027235
-32309248,3.789479
-11141120,9.058615
-26738688,5.346722
-34537472,6.027235
12976128,7.171636
18284544,9.006188
18284544,9.719865
14745600,8.090729
3538944,15.929029
17104896,9.511847
16515072,8.398442
16515072,4.477612
25821184,15.662026
24510464,12.384125
9175040,10.096576
22020096,6.427048
25821184,15.662026
24510464,14.224794
24772608,1.103753
42663936,3.818552
39911424,1.528200
13762560,6.921179
33030144,3.122044
42663936,3.818552
39911424,3.596936
17891328,5.640278
-10158080,4.827007
-9502720,2.560670
-3276800,7.897104
-7864320,4.137802
-10158080,4.827007
-9502720,4.607715
-4259840,6.629632
7077888,5.882353
18874368,5.882353
17694720,7.044299
18284544,8.465975
17104896,7.083855
15335424,8.091687
18284544,7.007265
17104896,8.638937
39845888,3.184713
36831232,5.721999
37945344,7.440989
35586048,5.808375
32374784,5.457373
37945344,5.965945
35586048,7.384804
28835840,3.323263
19660800,5.296257
20316160,5.606966
17694720,3.768778
18350080,4.178809
19660800,4.908127
20316160,5.977134
5898240,9.600973
-13238272,6.606465
-13565952,7.685876
-12255232,2.385710
-12320768,5.771791
-13238272,6.223705
-13565952,8.047892
-4128768,7.320998
-21495808,16.885790
-21757952,19.831158
-20709376,17.200651
-20447232,9.804952
-21757952,18.553566
-20709376,18.586414
-31457280,7.636801
18350080,6.474867
25821184,14.844974
25821184,14.844974
25821184,14.171812
25821184,14.844974
9830400,22.738750
7864320,2.090770
27197440,13.663043
26869760,12.614347
26869760,11.531054
27197440,13.317696
23592960,4.575776
6225920,15.919757
-5242880,8.901863
-8126464,8.633927
-8126464,8.633927
-8126464,7.911666
-8126464,8.633927
-3407872,8.689017
-9437184,6.055046
-9175040,5.043881
-13565952,9.153327
-13565952,9.153327
-13565952,8.435171
-13565952,9.153327
-5439488,13.189316
-16515072,2.076503
-7864320,8.228309
-12189696,7.958392
-12189696,7.958392
-12189696,7.230791
-12189696,7.958392
-5111808,8.013889
-14155776,5.360444
-4718592,5.360444
-19660800,0.187149
-32768000,4.370921
-36044800,0.187149
-32768000,2.621609
-6553600,0.187149
-19660800,0.187149
-116391936,0.671141
-9699328,6.514015
-58195968,1.695150
-53346304,4.470605
-12124160,9.701037
-48496640,0.671141
-29097984,0.671141
2097152,6.972518
12582912,2.177288
11534336,4.939131
2621440,10.143910
10485760,1.158301
6291456,1.158301
1048576,13.563703
6291456,9.108225
5767168,11.674385
1310720,16.510395
5242880,8.161435
3145728,8.161435
4980736,14.169754
9175040,9.111369
10092544,5.134992
9175040,7.448773
1835008,5.134992
4980736,14.169754
4587520,5.134992
7340032,5.535055
2621440,5.535055
3145728,5.535055
69730304,1.138211
24903680,1.138211
29884416,1.138211
39845888,1.138211
11010048,7.533540
14680064,7.533540
5898240,15.081823
-66060288,0.738552
-88080384,0.738552
-38535168,0.738552
-55050240,0.738552
-4587520,11.854403
-4980736,20.249220
-7340032,11.854403
-32309248,5.810708
-14483456,7.807127
-34537472,6.027235
-34537472,6.027235
-13369344,3.374778
-35651584,3.374778
-33423360,4.567682
-34537472,6.027235
7667712,11.429818
18284544,9.719865
18284544,9.719865
25952256,7.171636
17694720,9.066092
18284544,9.364432
15925248,7.599416
22020096,4.972547
25427968,11.755508
20185088,6.600331
29360128,4.477612
25427968,12.844947
25821184,15.662026
24510464,13.129791
42663936,3.818552
42663936,3.818552
44040192,1.103753
41287680,2.324694
42663936,3.818552
39911424,2.366258
-10158080,4.827007
-10158080,4.827007
-9830400,4.137802
-10158080,4.452311
-8847360,2.591637
-9175040,3.006685
5308416,11.993889
12976128,8.985133
17104896,8.638937
4718592,5.882353
18284544,7.007265
17694720,7.803121
27394048,6.376426
35586048,7.384804
9961472,3.184713
37945344,5.965945
36831232,6.491616
26214400,3.323263
19660800,6.063089
19660800,4.516803
13107200,6.252861
20316160,5.977134
20316160,5.977134
-18350080,0.884956
-13238272,7.362689
-13238272,5.837794
-9175040,3.888442
-13565952,8.047892
-13565952,8.047892
-13565952,7.320998
-21495808,18.231770
-21495808,16.885790
-21757952,18.553566
-21495808,17.564274
-21495808,16.542343
-21757952,18.227781
3670016,3.552207
5505024,14.268628
16908288,10.005314
8912896,21.923214
18350080,7.594929
35389440,2.090770
9175040,23.848377
27197440,15.017348
36700160,23.848377
3932160,7.850137
23592960,3.100144
-1048576,6.055046
-1572864,16.493374
-4980736,9.622576
-1048576,11.581220
-6291456,7.023551
-5767168,9.648569
-2752512,12.956892
-8585216,7.211731
-1835008,7.836709
-11010048,3.086023
-10092544,5.822210
-2359296,15.875951
-7471104,8.954350
-1572864,10.927476
-9437184,6.336109
-8650752,8.980536
-1966080,13.964039
-52428800,0.187149
-6553600,0.187149
-45875200,0.187149
-16384000,0.187149
-77594624,0.671141
-9699328,0.671141
-58195968,0.671141
-77594624,0.671141
16777216,1.158301
2097152,1.158301
12582912,1.158301
16777216,1.158301
7340032,8.161435
6291456,8.161435
8388608,8.161435
14680064,5.134992
1835008,5.134992
4587520,5.134992
4980736,14.169754
5242880,5.535055
5242880,5.535055
2097152,5.535055
49807360,1.138211
49807360,1.138211
19922944,1.138211
9175040,7.533540
9175040,7.533540
20840448,15.987617
-27525120,0.738552
-22020096,0.738552
-49545216,0.738552
-9175040,11.854403
-8257536,11.854403
-32309248,4.608292
-28966912,5.642975
-34537472,4.529661
-32309248,6.204805
-44564480,3.374778
-33423360,6.113145
-33423360,4.567682
16515072,7.993126
17694720,8.693412
18284544,9.719865
5308416,13.199451
12976128,10.231912
17104896,9.890458
23592960,13.051682
25427968,13.202140
25821184,15.662026
8257536,10.680364
20185088,7.626702
24510464,14.583686
35782656,3.425261
42663936,2.285780
39911424,4.000296
55050240,1.103753
41287680,3.906481
41287680,2.324694
-10158080,3.310306
-9502720,5.006845
-13107200,2.140673
-9830400,4.914014
-9830400,3.348813
17694720,6.660185
18284544,6.635294
14155776,8.271126
4128768,10.667996
2359296,5.882353
3538944,16.339870
11206656,9.456441
37945344,6.709297
37945344,7.440989
15663104,8.946961
44826624,3.184713
14417920,6.581741
37945344,7.440989
20316160,5.233871
20316160,5.977134
8519680,6.033825
23592960,3.323263
7864320,3.323263
20316160,5.977134
-13565952,6.208850
-11010048,3.400566
-3080192,9.764512
-1835008,0.884956
-2752512,11.897738
-8585216,6.082670
-18874368,9.981045
-4980736,20.682451
-3145728,7.636801
-4718592,17.899380
-14417920,14.262009
20185088,7.241467
4587520,12.320188
18350080,3.552207
8912896,21.923214
29360128,3.552207
3670016,3.552207
19660800,4.478800
3932160,2.090770
9175040,23.848377
9830400,2.090770
24903680,11.415459
-5242880,8.346386
-1048576,6.055046
-3145728,6.055046
-2621440,6.055046
-7340032,6.055046
-2293760,10.978640
-9175040,2.076503
-4980736,11.402551
-14680064,2.076503
-1835008,2.076503
-7864320,5.360444
-4718592,5.360444
-12582912,5.360444
-1572864,5.360444
-19660800,0.187149
-26214400,0.187149
-16384000,0.187149
-29097984,0.671141
-38797312,0.671141
-24248320,0.671141
6291456,1.158301
8388608,1.158301
5242880,1.158301
3670016,8.161435
5242880,8.161435
5242880,8.161435
7340032,5.134992
4587520,5.134992
4718592,5.535055
5767168,5.535055
1048576,5.535055
44826624,1.138211
54788096,1.138211
9961472,1.138211
8257536,7.533540
14680064,7.533540
5898240,15.081823
-60555264,0.738552
-11010048,0.738552
-8257536,11.854403
-14680064,11.854403
-5898240,19.049961
-22282240,6.302815
-34537472,6.027235
-34537472,6.027235
-34537472,5.284368
-34537472,6.027235
-14483456,6.083896
4718592,7.171636
18284544,8.281137
17694720,9.066092
17694720,7.938813
18284544,7.914263
14155776,9.527685
4128768,11.891722
18350080,7.372230
25821184,15.662026
25821184,15.662026
25821184,14.995323
25821184,15.662026
9830400,23.480064
33030144,4.477612
27525120,4.100609
42663936,3.818552
42663936,3.818552
42663936,3.058224
42663936,3.818552
17891328,3.876545
49545216,1.103753
-6553600,5.106107
-10158080,4.827007
-10158080,4.827007
-10158080,4.074652
-10158080,4.827007
-4259840,4.884392
-11796480,2.140673
-3932160,2.140673
7077888,5.882353
11796480,9.827404
12976128,5.882353
11796480,8.177905
2359296,5.882353
7077888,5.882353
57671680,6.581741
4980736,8.879730
29884416,4.182809
27394048,6.888031
6225920,11.986103
24903680,3.184713
14417920,6.581741
2621440,9.010129
15728640,4.319930
14417920,7.021280
3276800,12.112057
13107200,3.323263
7864320,3.323263
-1835008,6.715252
-11010048,1.906760
-10092544,4.676241
-2293760,9.895414
-9175040,0.884956
-4980736,10.324484
-7340032,28.161955
-15728640,11.508312
-17301504,7.636801
-15728640,9.889562
-3145728,7.636801
-7340032,28.161955
-7864320,7.636801
23592960,11.425496
9175040,3.552207
8912896,21.923214
24903680,11.415459
9830400,2.090770
9175040,23.848377
15728640,2.090770
-6291456,6.055046
-8388608,6.055046
-3670016,6.055046
-11010048,2.076503
-14680064,2.076503
-5898240,10.070257
-9175040,2.076503
-3932160,5.360444
-4718592,5.360444
-6291456,5.360444
-45875200,0.187149
-81920000,0.187149
-29491200,0.187149
-67895296,0.671141
-121241600,0.671141
-43646976,0.671141
-77594624,0.671141
26214400,1.158301
9437184,1.158301
16777216,1.158301
13107200,8.161435
4718592,8.161435
8388608,8.161435
8257536,5.134992
10092544,5.134992
1835008,5.134992
-4456448,3.374778
-6684672,14.110914
-21168128,7.044090
-13369344,3.374778
-22282240,7.424937
21233664,7.171636
7077888,7.171636
18284544,9.719865
28311552,7.171636
2359296,12.632127
14155776,8.128629
3670016,4.477612
5505024,15.091210
16908288,10.868803
3670016,10.096576
22020096,5.462379
20185088,8.131474
8257536,12.092224
26148864,4.859306
5505024,6.921179
33030144,2.123302
30277632,4.886669
-1966080,13.013930
-6225920,5.856850
-1310720,7.897104
-7864320,3.149532
-7208960,5.883926
-1638400,11.036975
18874368,5.882353
2359296,5.882353
16515072,5.882353
5898240,5.882353
39845888,3.184713
4980736,3.184713
29884416,3.184713
39845888,3.184713
20971520,3.323263
2621440,3.323263
15728640,3.323263
20971520,3.323263
-12320768,4.930468
-11010048,0.884956
-14680064,0.884956
-25165824,7.636801
-3145728,7.636801
-7864320,7.636801
-7340032,28.161955
18350080,3.552207
18350080,3.552207
7340032,3.552207
19660800,2.090770
19660800,2.090770
7864320,2.090770
-5242880,6.055046
-5242880,6.055046
-13107200,6.055046
-4587520,2.076503
-3670016,2.076503
-8257536,2.076503
-7864320,5.360444
-7077888,5.360444
-6553600,0.187149
-9699328,0.671141
2097152,1.158301
1048576,8.161435
5898240,12.879074
-24510464,7.070825
-5570560,12.158890
-22282240,3.374778
-13369344,3.374778
-35651584,3.374778
-4456448,3.374778
11796480,9.435742
2359296,7.171636
7077888,7.171636
5898240,7.171636
16515072,7.171636
18350080,6.807426
3670016,4.477612
8912896,22.672352
9175040,4.477612
23592960,12.275357
6881280,10.094320
27525120,1.103753
16515072,1.103753
44040192,1.103753
5505024,1.103753
-6553600,2.140673
-3932160,2.140673
-10485760,2.140673
-1310720,2.140673
7077888,5.882353
9437184,5.882353
5898240,5.882353
14417920,6.581741
19922944,3.184713
12451840,3.184713
7864320,3.323263
10485760,3.323263
6553600,3.323263
-5898240,8.975980
-9175040,0.884956
-9175040,0.884956
-12582912,7.636801
-7864320,7.636801
16515072,3.552207
20185088,3.552207
3670016,3.552207
17694720,2.090770
21626880,2.090770
3932160,2.090770
-4718592,6.055046
-8388608,6.055046
-3670016,6.055046
-10092544,2.076503
-1835008,2.076503
-7077888,5.360444
-12582912,5.360444
-5505024,5.360444
-31195136,3.374778
-11141120,3.374778
-13369344,3.374778
16515072,7.171636
5898240,7.171636
7077888,7.171636
9437184,7.171636
22020096,4.477612
29360128,4.477612
10747904,20.073105
33030144,1.103753
44040192,1.103753
19267584,1.103753
27525120,1.103753
-3276800,2.140673
-3932160,2.140673
-5242880,2.140673
16515072,5.882353
29491200,5.882353
10616832,5.882353
34340864,4.640582
60162048,6.445860
22413312,3.184713
39845888,3.184713
32768000,3.323263
11796480,3.323263
20971520,3.323263
-20840448,9.946903
-8257536,0.884956
-14680064,0.884956
-14155776,7.636801
-17301504,7.636801
-3145728,7.636801
-22282240,3.374778
-22282240,3.374778
-8912896,3.374778
-20054016,3.374778
-24510464,3.374778
-4456448,3.374778
11796480,7.171636
11796480,7.171636
4718592,7.171636
10616832,7.171636
12976128,7.171636
2359296,7.171636
18350080,4.477612
18350080,4.477612
37486592,21.944563
16515072,4.477612
29360128,4.477612
10747904,20.073105
27525120,1.103753
68812800,1.103753
24772608,1.103753
44040192,1.103753
19267584,1.103753
-6553600,2.140673
-5898240,2.140673
-7208960,2.140673
-1310720,2.140673
18874368,5.882353
8257536,5.882353
16908288,6.096451
9175040,3.323263
-5898240,8.975980
82944,4.930885
-101376,5.484854
-4587520,14.495657
-2883584,1.949861
-2097152,8.571429
2097152,10.017574
1310720,9.412597
4587520,5.604720
122880,17.572245
-2293760,19.656202
-9961472,7.996678
-1290240,9.180241
-3538944,2.819995
3407872,7.913968
12779520,15.463039
-4718592,7.270875
-3686400,5.477602
2457600,6.967377
0,-10747904,2.696564
-368640,20.779823
-15728640,1.475305
-7225344,1.936476
-4505600,8.647951
2662400,22.924425
14417920,12.140412
-4956160,3.326884
23592960,10.277999
-2293760,13.118476
-3526656,1.047812
-286720,18.129356
3932160,1.158301
12845056,1.411623
13565952,8.612423
3760128,5.391304
74240,15.956302
11520,20.260262
3538944,14.468430
860160,6.379282
37632,4.341637
46080,14.699839
10092544,8.271582
19456,14.105338
1802240,3.978296
-2015232,4.832714
389120,17.862465
-12386304,8.833069
9437184,10.450168
2621440,14.513281
-134400,5.342113
248832,5.437410
-1966080,6.455542
4976,13.249651
466944,12.200185
2662400,24.176144
-2715648,4.739174
-2879488,3.252113
7340032,8.118025
-15138816,1.748061
-77922304,3.314910
518,4.428044
-4423680,2.428007
1884160,26.372360
-536576,14.500237
5529600,3.264813
-8585216,17.123055
117760,2.371083
10485760,3.591346
-2322432,6.090830
1769472,7.889893
56229888,2.537909
-3026944,6.015667
6815744,4.576844
-6291456,13.453552
5570560,16.019312
-26542080,8.932007
15335424,12.065022
13107200,5.462124
2236416,6.394071
82944,4.930885
-101376,5.484854
-2568192,4.953591
-11403264,12.935434
-6291456,15.975179
2662400,6.700243
5898240,14.852238
122880,17.572245
-2293760,19.656202
-9961472,7.996678
-1290240,9.180241
-3538944,2.819995
3407872,7.913968
12779520,15.463039
-4718592,7.270875
-3686400,5.477602
2457600,6.967377
122880,17.572245
-2293760,19.656202
-368640,20.779823
-15728640,1.475305
-7225344,1.936476
-4505600,8.647951
2129920,23.678476
311296,19.575888
-321536,3.763431
2752512,2.899457
-2293760,6.281474
-7892992,2.549880
-175104,18.401812
655360,17.948719
1003520,2.203043
7471104,9.122332
7962624,0.603969
-11206656,8.094011
19464192,10.815518
17039360,4.905371
-430080,16.288576
377856,2.447236
3334144,3.100138
2093056,7.045521
229376,12.739004
-104448,5.094725
348160,15.484889
-1622016,8.555965
1548288,9.395326
2621440,6.727315
161280,3.962271
460800,3.637637
4415488,2.238719
1277952,7.619575
-475136,19.274597
-458752,31.355789
2150400,4.242472
-204800,17.120253
-552960,16.048370
-1302528,17.477951
1245184,4.369624
-221184,19.524096
-3145728,3.261769
1118208,6.422898
-2494464,1.844152
-1228800,7.330317
4096000,3.822763
-17920,14.052757
-2990080,23.881289
3919872,2.554982
8847360,3.515904
-978944,11.466352
4599808,3.011983
-1671168,8.285523
318464,2.819618
-1712128,3.508707
143360,16.028210
3969024,2.394649
-2928640,24.267994
3194880,7.498438
7077888,8.752851
-700416,2.774149
9216,10.079032
-73728,9.848133
-1048576,5.338743
-12779520,15.912704
7471104,5.812870
-1179648,8.320173
2539520,8.656110
3932160,17.071522
3932160,11.229588
-7962624,1.597646
16515072,2.308711
-2949120,17.893345
-344064,3.734895
-9502720,16.919159
-1867776,5.509822
2097152,7.829486
-7798784,6.797839
4456448,18.314245
6291456,5.235570
9568256,14.283462
34537472,6.054228
-43776,1.263082
602112,2.836893
-3538944,1.225504
-16515072,10.747944
-11468800,10.892874
-3145728,14.593549
-491520,6.840280
1376256,6.800409
2744320,20.897581
36569088,3.220987
479232,4.339373
279552,1.945640
-1769472,1.796822
-36700160,6.097313
-48168960,3.399326
105472,8.445239
458752,31.690437
2688,8.039685
344064,13.967223
27197440,16.262718
1290240,1.216193
-2666496,2.215690
-4718592,7.726966
-60555264,2.285838
-65994752,6.009662
7104,6.155878
1294336,10.653989
1179648,9.535086
-368640,21.885727
-5111808,7.476043
15138816,2.547457
-11534336,10.691331
-31457280,3.443480
-2535424,5.333376
30720,11.911452
35258368,4.119934
-2043904,9.237959
-21299200,4.183100
294912,9.763449
-6684672,7.042065
20119552,3.132193
-13631488,11.697971
-39321600,5.317128
2449408,5.334182
57671680,5.224625
2129920,4.204760
-64512,8.885217
37748736,8.095251
6225920,19.719704
19464192,1.720778
11010048,10.656861
11796480,14.357278
-2088960,2.885323
1228800,6.029182
35389440,8.991560
-7864320,8.356170
9216,10.079032
-73728,9.848133
2027520,7.076507
7471104,5.812870
-1179648,8.320173
2539520,8.656110
3145728,17.882833
81920,21.593399
-516096,2.134438
1769472,2.905421
-2949120,11.432093
-770048,5.196041
-6365184,9.180897
-311296,21.561039
163840,8.569387
-4325376,6.662006
9437184,14.180830
-2949120,10.399440
11796480,13.942348
-4235264,3.733323
-6176768,3.220890
-327680,19.211044
880640,3.126307
-5505024,11.694741
33030144,4.494537
-5308416,10.819556
9830400,14.221422
4587520,11.801359
-20447232,7.542614
-18743296,3.323678
-3194880,5.558288
3686400,1.947016
11272192,19.993187
-9830400,23.416779
1949696,6.240950
-158720,8.481808
1720320,6.508413
11534336,6.492995
153600,1.716129
51200,8.859497
3211264,6.752038
-1597440,9.133209
1486848,7.126099
430080,12.444958
3194880,4.067942
-188160,24.827709
1105920,9.040664
11534336,19.893681
-1146880,4.024289
57344,8.277483
3211264,5.682271
-1966080,2850816,4.749279
1400832,5.388057
1310720,8.359202
-405504,6.929175
442368,14.254811
-552960,8.446087
1622016,3.895340
811008,6.271323
-1069056,9.050259
-98304,11.646384
2850816,3.229643
1470464,5.630599
1048576,9.228660
-360448,5.086067
196608,19.134621
-266240,7.653674
-3088384,4.316084
-540672,10.282607
2555904,4.726574
1556480,2.261853
5636096,3.824826
-458752,10.203746
557056,27.148891
-479232,8.086751
-614400,2.376242
-172032,12.919000
-3407872,2.704727
-540672,7.133582
1810432,4.385594
2457600,2.150024
-187136,2.794068
1032192,7.404719
12032,15.866023
-25952256,6.301968
5505024,7.111311
-5013504,2.162169
-1183744,2.520762
950272,12.039624
45056,2.890273
-143360,23.570274
-48128,8.334603
-160256,20.397377
8960,14.069242
-8650752,8.628211
516096,5.279154
-43008,1.398505
-348160,13.186583
-9633792,3.617744
-32505856,2.801492
-4194304,15.659562
-172800,1.652780
-3284992,5.230920
-1978368,3.655914
196608,18.677046
-4915200,1.794834
-11403264,3.496685
-4325376,12.255635
-12255232,6.695732
-32505856,3.724555
-11534336,9.657231
-765952,10.147832
-7864320,20.324526
-491520,12.331426
798720,14.110957
-54067200,5.589318
12320768,16.559067
-7360,2.581072
-8585216,6.068532
23789568,8.195402
10813440,14.093960
230912,4.376742
5898240,16.173649
-1556480,7.061949
139008,4.850302
-23789568,5.490622
19660800,8.548566
471040,5.888371
-8585216,6.367994
15859712,8.724108
9175040,15.554788
-540672,15.287039
9437184,10.955513
-1064960,9.835115
17104896,10.747143
3108864,4.415937
14680064,8.048686
1097728,5.825994
-4980736,6.466738
15859712,6.328925
3276800,16.948843
-28160,15.912687
4718592,9.615907
-2129920,8.341259
2224128,5.002542
15204352,10.330549
-14417920,5.153151
-8257536,3.522458
-25821184,11.456691
-33554432,5.699357
4943872,2.864396
-827392,7.226096
4704,9.746738
393216,10.405891
126720,2.685517
475136,2.533206
307200,11.001150
114688,19.138136
-339968,12.554273
-589824,10.885892
198400,2.708375
-294912,18.161839
-204800,8.902065
-11403264,6.392452
-77856768,2.992413
16515072,4.981731
-471040,13.394412
-12451840,5.410941
8126464,16.911705
4259840,15.415591
168960,6.166175
3317760,0.673600
-2621440,24.763149
-22609920,9.860362
-4595712,4.766294
4128768,3.211705
-835584,9.472131
946176,8.458558
-348160,16.254345
15984,5.268773
4096000,3.831706
-655360,1.845195
319488,13.060231
1179648,6.074868
-317184,0.623484
2236416,4.600953
-1740800,4.945737
1802240,8.057330
-30464,13.153544
16576,3.330029
3194880,4.520261
172032,2.610350
430080,12.938566
2252800,5.498401
1638400,5.403174
-37632,10.284652
-917504,3.567108
1277952,2.055081
3063808,2.009946
405504,7.967799
-2621440,6.760425
114688,3.873136
491520,15.063625
1622016,5.011279
1638400,7.070397
-774144,7.050260
-884736,3.056441
-1585152,11.066627
-2523136,5.410895
1572864,6.586378
884736,1.671418
47872,0.990672
6365184,10.618145
-786432,1.635875
1372160,6.682445
917504,3.466561
-2457600,19.926651
-1835008,12.437872
67584,2.812770
1032192,2.933642
1081344,5.596578
-178432,1.092006
79822848,2.523942
398112,1810432,8.338358
-6684672,11.153595
2883584,20.087793
2785280,6.163733
26738688,7.909407
-126464,2.826890
716800,3.179620
-5111808,3.155447
5898240,15.291685
2293760,18.021444
6553600,10.701535
860160,2.086535
-1433600,5.974885
-5238784,2.692658
28311552,5.132115
1384448,5.855217
-14745600,11.278234
-11468800,9.555874
4718592,14.646662
368640,3.700820
368640,12.123748
740864,18.849977
-15335424,3.062373
148224,22.194984
212992,1.070155
-786432,9.423115
-32768000,6.655236
-48168960,1.949890
-161280,6.726582
-442368,9.213896
752,9.397591
95232,9.509692
-3932160,17.108791
30081024,4.780948
-4194304,14.670208
-13565952,10.410441
-192512,13.228554
-6291456,22.449869
-21299200,5.257592
-3514368,5.436839
-1290240,1.943066
-4456448,6.562918
-8519680,9.198147
36765696,4.683257
-5767168,14.441223
-19922944,4.765751
-765952,3.834434
-18874368,9.254914
4386816,1.813757
-100270080,1.097902
23855104,8.928350
-24903680,7.204792
1916928,6.449836
2666496,23.628643
-21233664,11.528995
13238272,11.576401
4718592,7.302791
4194304,18.674690
1548288,13.060753
-75759616,1.003394
1589248,12.868505
-15663104,8.669691
-7077888,10.503952
8978432,25.754419
7077888,11.330441
-2539520,23.332932
2957312,4.833081
-30146560,2.432558
-10485760,8.890718
4128768,11.003546
-39911424,3.281422
10616832,10.161575
2064384,3.691332
-32000,17.068367
-24248320,8.996252
-696320,23.844522
-64749568,3.161500
-21954560,7.470545
-11796480,5.440796
-1835008,9.815430
30277632,2.635454
32768000,4.359265
-33161216,2.960202
56623104,3.249491
15335424,6.487303
8192000,13.824299
-17039360,7.587883
7864320,12.223673
5439488,19.534203
3072000,2.894699
-3870720,1.731040
-6553600,21.675749
-19070976,3.453739
3342336,5.018671
3833856,4.745322
2355200,3.078189
-29294592,4.379534
2211840,7.184724
-1658880,3.351313
1835008,20.291172
2646016,21.006760
-1810432,2.946454
506880,2.786861
1507328,1.866667
-589824,8.797907
-2150400,4.209030
-3440640,2.917136
-294912,22.307549
-442368,8.992197
602112,1.959469
79360,13.073005
-1404928,5.908638
-134400,2.924543
2764800,3.657113
-2457600,2.193639
-68096,11.057705
-2605056,4.515705
1597440,5.302882
-630784,8.277217
-1273856,7.087867
786432,10.663995
-182784,20.903887
-153600,5.293338
1990656,3.160500
-2457600,3.917429
-1400832,7.851458
-2535424,3.115676
1105920,6.672315
-8495104,1.105740
1474560,15.784231
-4980736,9.373144
-663552,4.664808
34560,8.404229
-2138112,10.164721
1343488,11.464334
753664,9.206735
262144,12.761447
731136,19.397724
-8912896,11.751827
-34816,23.727737
-3268608,5.829423
-811008,8.470410
-136448,3.076453
-24772608,9.485003
15728640,8814592,1.794016
-1835008,21.358643
68608,5.021111
6021120,3.575746
-847872,7.174481
-209920,4.699212
77070336,3.494160
3145728,9.487331
-8847360,13.191730
-11468800,4.705023
35258368,6.177280
-19922944,20.744143
-1507328,6.148051
38993920,6.886827
-9961472,4.869649
1556480,4.811238
-1290240,3.435775
10800,2.790279
884736,7.053244
152320,24.227200
-622592,5.405451
20054016,2.806069
958464,7.293925
-35072,19.802433
-1277952,2.688873
7864320,14.900690
-1634304,3.586857
-44800,6.097382
1228800,9.124995
3232,10.247154
-884736,8.971503
16711680,5.771632
-3145728,13.485731
-25886720,9.387179
-32505856,4.581606
-24510464,8.006738
-995328,10.224698
2097152,21.441446
9830400,11.398183
798720,13.617619
5570560,2.652820
1048576,21.838121
-6815744,5.229324
-32440320,6.997866
-44695552,4.325549
-35651584,3.146383
-3862528,2.957654
6291456,8.074912
4669440,2.698107
175104,2.817183
12255232,3.429964
12976128,9.009640
1064960,5.185185
-5439488,14.387739
8650752,13.506873
-2146304,5.887512
-1966080,15.639920
13107200,13.271282
3194880,5.601484
21233664,10.163582
-1601536,2.331847
9437184,10.888585
2031616,22.333138
-3407872,7.644945
8650752,11.237194
-778240,6.028048
-102400,16.261879
6553600,11.966515
5865472,11.911333
2801664,2.972675
22282240,0.585647
-18874368,8.145416
1916928,4.398340
-17891328,2.653123
10616832,13.073005
622592,5.921463
-102400,18.749504
-22937600,7.695537
1589248,13.534312
-61341696,1.268416
-16515072,0.346021
-19267584,4.813043
37748736,5.271983
623872,8.497407
8126464,14.610500
-25624576,6.349879
4382720,6.691556
-37748736,6.463998
-2838528,4.431815
-31916032,6.928506
-11141120,21.102247
-15138816,7.074755
35389440,3.619750
385792,5.091651
4325376,10.486621
-16449536,9.315426
1597440,1.081916
-7340032,8.277943
23040,16.802080
1847296,8.104008
2121728,7.341891
3649536,4.902545
-258048,15.662871
121856,4.332124
-1183744,1.723205
-2539520,8.621105
-1720320,1.739908
-2097152,9.934103
6208,10.740475
2121728,14.506814
2285568,23.960852
3514368,5.285252
688128,9.741750
-1024000,4.304700
-4751360,1.952142
-48128,12.939346
458752,6.421640
-437248,2.220592
1081344,3.233531
-1318912,8.024187
-1835008,4.092038
-516096,11.141567
786432,11.944751
-737280,3.811380
-4751360,3.680188
-1032192,5.962868
442368,5.926186
-302080,3.835379
1286144,4.312736
1867776,7.401253
-737280,8.002605
2457600,4.791790
589824,8.746122
1990656,4.662069
1880064,7.184926
405504,6.923408
450560,9.410412
1413120,14.503418
565248,8.687814
1867776,5.923927
-778240,7.727293
1966080,5.695094
524288,6.938998
884736,10.087805
-3932160,13.561195
30720,1.336074
-1376256,7.359385
-37376,12.658612
115456,8.452536
38535168,5.736112
-17301504,2.040816
-8847360,12.207668
5898240,14.523117
-15597568,5.390845
-36700160,25.112328
-655360,5.334470
-8912896,10.540542
-458752,6.488212
-847872,9.435413
9830400,27.347633
-2949120,12.180846
-55296,9.624908
-327680,7.678091
343808,11.317923
-458752,3.466764
933888,5.943209
-76800,4.000000
-4718592,15.395329
-2793472,5.153379
-8257536,6.949247
-1327104,10.361033
-1310720,10.756330
-1720320,3.025875
19005440,5.985524
-2293760,0.167131
344064,8.228065
7667712,9.668262
3391488,1.013076
-3112960,6.151511
-1720320,7.251328
-9830400,7.070520
1310720,3.122044
491520,7.268776
5242880,16.667992
-5767168,11.260303
-1568768,3.088290
-1622016,9.216504
-6291456,4.466704
-1089536,11.766388
16121856,2.294482
488448,2.162274
-1966080,2.351805
21823488,4.952283
428800,3.985669
-8650752,7.732005
1310720,15.925270
1409024,5.858332
1146880,3.228147
9888,12.773464
1245184,13.513154
84480,2.056716
98304,10.184466
1060864,7.084144
44032,17.907415
270336,1.311293
-184320,9.048293
-317184,2.646659
28835840,5.611691
14155776,9.101921
10158080,21.938984
-2301952,4.276461
-921600,10.610884
2883584,25.428741
-614400,18.844700
-1949696,5.786300
-2654208,5.490992
-1884160,4.187135
-1990656,0.947900
1548288,5.289584
1474560,2.045372
311296,18.732281
-245760,15.828122
946176,8.278595
-17920,13.153048
196608,14.264783
3096576,1.869457
552960,13.628342
3862528,4.253043
355840,10.906360
102400,4.868079
1032192,12.847532
-1966080,3.969428
118272,2.117024
-516096,13.788587
409600,9.978022
5898240,1.439348
47872,11.376049
3981312,2.886302
306944,2.177973
140800,4.801185
1892352,3.270999
-1966080,4.151822
78848,3.385573
-589824,15.892744
294912,9.513991
5898240,3.176432
995328,7.201668
3862528,1.776828
211712,3.949768
70400,5.854663
1892352,5.936247
-1617920,12.665151
33792,10.094184
-589824,14.550954
311296,9.243149
4718592,4.095062
884736,5.363885
2498560,3.792343
2752512,3.302966
-3407872,10.013868
-663552,5.920250
42467328,3.971867
-40894464,2.476190
180224,10.606278
3932160,6.729705
11206656,3.803811
-24510464,1.755682
34734080,3.704413
64487424,2.178522
-31522816,5.593900
2138112,6.890848
5111808,2.965362
-4194304,5.341819
-319488,13.553764
1032192,9.779736
4128768,1.340403
884736,7.277483
29294592,3.726910
-227840,5.514685
-25600,22.341877
8773632,2.091539
-2682880,22.364799
10912,4.255506
41472,13.276593
-2097152,11.925817
1032192,11.374420
15925248,5.344153
107151360,2.780294
-2539520,4.815307
1536000, 4.136570
-2646016,2.763328
7536640,11.382272
14417920,11.864009
-2351104,1.240841
-2392064,9.428842
2506752,4.774799
-2375680,3.353979
-3284992,4.416799
737280,5.805998
-1290240,3.699059
1556480,2.593432
491520,13.774925
1929216,8.719807
-171520,17.909449
-1613824,14.164143
2875392,5.237931
-2076672,3.930364
1146880,5.155546
5308416,1.019191
-3407872,19.294617
27648,14.931849
1966080,2.600549
-4063232,3.497637
28160,9.137842
245760,13.382135
-1069056,4.795084
-2392064,7.447921
1474560,4.082803
3047424,1.235375
-4259840,16.993444
-589824,15.204978
190464,4.420569
-252672,5.259842
1622016,1.396005
-1638400,4.228747
2818048,2.807029
2129920,3.912531
-457216,3.321669
1228800,10.525032
-327680,5.291513
761856,10.969945
-9699328,9.696747
-187136,5.283563
2252800,3.771567
-1310720,18.304102
704512,19.720135
294912,11.833133
-129024,7.572621
-3538944,15.928310
958464,9.117080
-3538944,15.063985
8650752,17.009167
458752,8.757275
716800,5.066518
-60928,10.125089
-507904,9.683638
59136,9.451990
-262144,2.303186
-172032,17.814266
98304,22.388107
110592,9.153489
-1216512,10.220516
-95744,12.520215
18022400,7.404781
0,-6225920,9.442323
-7122944,4.457214
-2801664,21.471336
-409600,20.819027
737280,3.646201
1474560,6.218876
16515072,5.054538
14745600,7.197481
5570560,14.244668
15073280,6.712976
-14417920,13.295653
-31522816,4.050649
-1589248,15.958694
4608000,3.898613
9437184,20.422562
2539520,21.559616
2576384,3.296149
720896,9.907707
7569408,1.504638
7864320,6.964771
-21920,4.525458
1638400,10.633589
5095424,13.317302
-339456,3.901074
-180224,21.225605
8960,19.806677
3940352,4.692438
1032192,10.622048
4833280,4.817720
7864320,20.297844
158208,9.877640
1835008,10.062911
786432,6.468447
-516096,6.437735
2949120,4.659686
589824,5.462379
-2785280,4.032636
66816,6.809116
-2322432,5.136387
-3387392,5.650983
-811008,3.065421
270336,9.500663
712704,6.145728
-221184,12.934081
2949120,3.138621
622592,5.179409
-2228224,4.943142
59392,4.963676
466944,8.535253
-524288,14.897016
262144,5.235570
-126976,26.262486
425984,4.836328
245760,1.084305
-589824,8.130251
1441792,2.370002
294912,6.393785
-835584,3.819108
737280,8.430737
17408,13.983595
-589824,2.281820
-479232,1.209648
2097152,19.201334
1097728,4.828093
1179648,3.733167
