0
0
0
0
0
0
0
0
0
0
0
0
0
0
0
0
0
131072
0
0
0
0
0
0
0
0
0
0
0
0
0
0
0
0
32768
0
0
0
0
0
0
0
0
0
0
0
-131072
-524288
0
0
-8519680
-34078720
0
0
0
0
0
0
0
0
0
0
0
0
0
-8388608
0
0
-2752512
0
-32768
0
0
0
0
0
0
0
0
0
0
2228224
0
0
0
0
0
0
0
0
0
0
0
0
0
0
0
0
0
0
0
0
0
2048
0
0
0
0
0
0
0
0
56448
0
0
0
0
0
0
0
0
0
0
0
0
0
0
0
0
0
0
0
0
0
0
0
0
0
0
0
0
0
0
0
0
0
0
0
0
0
0
0
0
0
0
0
0
0
0
0
0
0
0
0
0
0
0
0
0
0
0
0
0
0
0
0
0
8192
0
0
0
0
0
0
0
2560
51200
40960
51200
0
0
0
0
0
0
0
0
-34816
-696320
-557056
-696320
0
0
0
0
0
0
0
0
53760
53760
56448
43008
0
0
0
0
0
0
0
0
0
0
0
0
0
0
0
0
0
0
0
0
0
0
0
0
0
0
0
0
0
0
-40960
-163840
0
0
0
0
0
0
0
0
-34816
-696320
-557056
0
0
0
0
-11698176
-11141120
-11141120
-11698176
2688
2560
2560
2688
0
0
0
0
0
40960
0
43520
53760
0
0
0
0
0
0
-731136
-557056
-731136
-696320
0
0
0
0
0
43008
0
45696
56448
53760
0
0
0
0
0
0
0
0
0
0
0
0
0
0
0
0
0
0
8192
0
-163840
0
0
0
0
0
-2560
0
-731136
-557056
0
0
0
0
-8912896
0
0
0
2048
0
0
0
0
51200
2560
0
0
0
0
-139264
-139264
0
0
10752
10752
43008
0
0
0
0
0
0
0
0
0
0
0
0
0
0
0
0
0
0
0
0
0
0
0
0
0
0
0
32768
0
0
0
-655360
0
0
0
0
0
0
0
0
0
0
0
0
0
0
0
131072
2621440
2097152
2621440
0
0
-53760
-51200
-51200
-53760
-40960
0
0
0
0
0
0
0
-731136
-557056
-731136
-696320
-34816
0
0
0
0
0
0
0
0
-9469952
-11698176
-11141120
0
-2228224
2688
2048
2688
2560
128
0
0
0
0
0
0
53760
53760
51200
51200
53760
40960
0
0
0
0
0
0
0
0
-557056
-696320
-696320
-731136
-557056
0
0
0
0
0
0
0
56448
53760
53760
56448
43008
0
0
0
0
0
0
0
0
0
0
0
0
0
0
0
0
0
0
-526336
-2105344
0
0
0
-2048
-40960
-32768
131072
2621440
2097152
2621440
0
0
0
0
10752
10240
10240
10752
-10240
-204800
-163840
-204800
0
0
0
0
0
0
0
0
0
0
0
2752512
2097152
2752512
2621440
0
-53760
-40960
-53760
-51200
0
0
0
0
0
0
-139264
-557056
-696320
-696320
0
0
0
0
-11698176
-11698176
-11141120
-11141120
512
2048
2560
2560
2688
0
0
0
0
0
0
0
0
0
40960
53760
43520
0
0
0
0
0
0
0
0
0
0
0
-731136
-557056
0
-591872
0
0
0
0
0
0
0
0
0
0
56448
43008
0
45696
56448
0
0
0
0
0
-32896
-40960
0
0
2752512
2097152
0
0
0
0
8192
0
0
0
-163840
0
0
0
0
0
0
0
131072
0
-2560
0
-53760
0
0
-696320
-731136
-557056
0
0
0
0
0
0
0
0
0
0
-8912896
0
0
0
0
0
2048
0
0
0
0
0
0
0
0
0
0
51200
51200
0
0
0
0
0
0
-731136
-696320
0
0
0
0
53760
0
45696
0
0
0
0
0
0
-228480
-217600
-217600
-228480
-174080
0
-731136
-696320
-696320
-731136
-557056
0
0
0
0
0
0
-657920
-526336
-657920
0
0
-32768
0
-34816
-43008
-40960
0
-8192
0
2752512
2097152
2752512
2621440
131072
0
0
0
0
0
0
0
8704
10752
10240
0
2048
-174080
-215040
-204800
0
-40960
0
0
0
0
0
0
0
0
0
0
0
0
0
0
2752512
2752512
2621440
2621440
2752512
2097152
0
-53760
-51200
-51200
-53760
-40960
0
0
0
0
0
0
0
-731136
-557056
0
-591872
-731136
-696320
0
0
0
0
0
0
0
-8912896
-11698176
-9469952
0
-11141120
-11141120
0
2688
2176
0
2560
2560
0
0
0
0
0
0
0
43520
40960
0
53760
0
0
0
0
0
0
-591872
-557056
0
-731136
0
0
0
0
0
43008
0
43008
56448
0
0
0
0
-174080
0
-184960
-228480
-217600
0
-731136
-557056
-731136
-696320
0
0
0
0
0
-526336
0
-559232
-690816
-657920
0
-8192
-32768
-40960
-40960
2752512
2752512
2621440
2621440
0
0
0
0
2048
8192
10240
10240
10752
-40960
-163840
-204800
-204800
-215040
-163840
0
0
0
0
0
0
0
0
0
0
0
0
0
0
0
0
0
2752512
2097152
0
2228224
0
0
0
-53760
-40960
0
-43520
0
0
0
0
0
0
0
0
0
-174080
-557056
0
0
0
0
0
-9469952
-8912896
0
2176
2048
0
0
0
0
0
0
0
0
40960
0
0
0
0
0
0
-557056
0
0
0
0
0
0
0
43008
43008
0
0
0
0
-43520
0
-139264
-139264
0
0
-131584
-131584
-526336
-43008
-32768
0
0
0
0
2752512
2097152
0
0
0
0
0
0
0
0
0
0
8192
0
0
0
0
8192
0
0
0
0
-215040
0
0
0
0
0
0
0
0
2621440
2621440
0
-53760
-51200
0
0
0
0
0
-731136
0
0
0
0
0
0
0
-8912896
-11698176
0
2048
2688
0
0
0
0
0
40960
40960
53760
0
0
0
0
0
0
0
0
-557056
-731136
0
0
0
0
0
0
0
0
56448
0
0
0
0
0
0
0
0
0
0
-43520
-174080
-217600
-217600
-228480
-174080
0
-731136
-731136
-696320
-696320
-731136
-557056
0
0
0
0
0
0
0
-657920
-657920
-690816
-526336
0
0
-43008
-32768
0
-34816
-43008
-40960
0
2752512
2097152
0
2228224
2752512
2621440
0
0
0
0
0
0
0
10752
8704
0
10240
10240
0
-163840
0
-174080
-215040
-204800
0
0
0
0
0
0
0
0
0
0
0
2228224
2097152
0
2752512
0
-40960
0
-40960
-53760
0
0
0
0
0
0
-557056
-557056
-731136
0
0
0
0
0
0
0
-8912896
-8912896
-11698176
0
2048
0
2688
0
0
0
0
0
0
0
53760
0
0
0
0
0
0
0
-731136
-696320
0
0
0
0
0
0
56448
53760
0
0
0
0
0
0
0
0
0
0
0
-228480
-174080
0
0
0
0
0
-731136
-557056
0
-591872
0
0
0
0
0
0
0
0
0
0
-690816
-526336
0
-559232
-690816
0
-10240
-32768
0
0
2228224
2097152
0
0
0
0
8704
8192
0
-51200
-163840
0
-163840
0
0
0
0
0
0
0
0
0
0
2097152
0
0
0
-40960
0
0
0
0
0
0
0
-557056
0
0
0
0
0
0
0
-8912896
0
0
0
2048
0
0
0
0
0
0
0
0
0
0
0
0
0
0
0
0
0
0
-557056
0
0
0
0
0
0
0
0
43008
43008
0
0
0
0
0
-217600
-217600
0
0
-731136
-696320
0
0
0
0
-657920
0
-559232
-32768
-43008
0
0
0
2752512
0
0
0
0
0
0
10752
0
0
-215040
0
0
0
0
0
0
0
0
0
0
0
0
0
0
2752512
0
0
0
2097152
-53760
0
0
0
-40960
0
0
0
0
-731136
-696320
0
0
0
0
0
0
0
0
0
-11698176
0
0
0
0
2688
2560
0
0
0
0
0
0
0
0
0
53760
51200
0
0
0
0
0
0
0
0
-731136
-696320
0
0
0
0
0
0
0
53760
0
0
0
0
0
0
0
-54400
-174080
0
-174080
-228480
-174080
-557056
0
-557056
-731136
0
0
0
0
0
-526336
0
-690816
0
0
-32768
0
-43008
0
0
2097152
0
2752512
0
0
0
0
0
0
0
8192
8192
10752
0
-163840
-163840
-215040
0
0
0
0
0
0
0
0
0
0
0
2752512
0
0
0
-53760
0
0
0
0
0
0
0
-557056
-557056
-731136
-557056
0
0
0
0
0
0
0
0
-11698176
-11141120
0
0
0
2688
2560
0
0
0
0
0
0
0
0
10240
53760
0
0
0
0
0
0
-557056
0
-591872
-557056
0
0
0
0
0
43008
0
45696
43008
0
0
0
0
0
0
0
-174080
0
0
0
-557056
0
0
0
0
0
0
-526336
0
0
0
0
0
0
0
0
0
0
0
0
0
0
0
0
0
0
0
0
0
0
0
0
0
0
0
0
0
0
0
0
0
0
0
0
0
0
0
-40960
-40960
0
0
0
0
0
0
0
0
0
0
0
0
0
0
0
-8912896
0
0
0
0
512
0
0
0
0
0
0
0
12800
0
0
0
0
0
0
0
0
-174080
0
-2228224
0
0
0
0
0
0
0
0
0
0
45696
0
0
0
0
0
0
-174080
-228480
0
0
0
-557056
-731136
0
0
0
0
0
0
0
0
-690816
0
0
0
0
-43008
0
0
0
0
2752512
0
0
0
0
0
0
0
0
0
0
10752
0
0
0
0
-204800
0
0
0
0
0
0
0
0
0
0
0
0
0
0
2097152
2752512
2097152
0
0
-53760
-51200
0
0
0
0
0
0
-591872
-557056
0
0
0
0
0
0
0
-2228224
-11698176
0
0
2176
2048
0
0
0
0
0
0
163840
43520
0
0
0
40960
0
0
0
0
0
0
-591872
-731136
0
-557056
0
-591872
0
0
0
0
0
56448
0
43008
0
45696
10752
0
0
0
0
-174080
0
-228480
-217600
0
0
-731136
-696320
0
0
0
0
0
0
-690816
-657920
0
0
0
0
-43008
-40960
0
0
2097152
2097152
2752512
2097152
0
0
0
0
0
0
8192
8192
10752
8192
0
0
-215040
-204800
0
0
0
0
0
0
0
0
0
0
0
0
0
524288
2752512
0
-40960
0
-43520
-40960
0
0
0
0
0
0
-174080
0
-2228224
-591872
0
0
0
0
0
0
0
0
-2785280
0
-35651584
-9469952
0
0
0
0
2176
2688
0
0
0
0
0
0
40960
2560
40960
51200
12800
40960
0
40960
0
0
0
0
0
0
0
-139264
-696320
-174080
-557056
-696320
0
0
0
0
0
0
0
43008
53760
13440
43008
0
43008
0
0
0
0
0
0
0
0
0
0
0
0
-557056
0
0
0
0
0
0
0
0
-526336
-526336
0
0
0
-32768
0
0
0
2097152
0
0
0
0
0
0
8192
0
0
0
0
-40960
0
0
0
0
0
0
0
0
0
0
0
0
0
0
0
0
0
0
0
0
-43520
0
0
0
0
0
0
0
-557056
0
-591872
-139264
-696320
-174080
0
0
0
0
0
0
0
-8912896
0
-9469952
-2228224
-11141120
-2785280
-8912896
2048
0
2176
512
2560
640
2048
0
0
0
0
0
0
0
0
0
40960
43520
40960
40960
53760
51200
0
0
0
0
0
0
0
-557056
-591872
-557056
-557056
-731136
-696320
-557056
0
0
0
0
0
0
0
0
10752
56448
56448
56448
43008
56448
56448
0
0
0
0
0
0
-174080
-228480
-174080
0
0
-557056
-731136
-557056
0
0
0
0
0
0
-690816
-526336
0
0
-34816
-32768
0
0
0
2228224
2097152
0
0
0
0
0
0
8704
8192
0
0
-215040
0
0
0
0
0
0
0
0
0
0
0
0
0
0
0
2228224
2752512
0
2097152
0
2228224
-53760
0
-40960
0
-43520
0
0
0
0
0
0
-557056
-696320
0
0
-557056
-591872
0
0
0
0
0
0
-11141120
0
0
-2228224
-11698176
2560
0
0
512
2688
2688
0
0
0
0
0
53760
53760
10240
0
53760
40960
0
0
0
0
0
0
-731136
-696320
-731136
-557056
-731136
0
0
0
0
0
0
53760
56448
43008
56448
43008
0
0
0
0
0
0
0
0
-43520
-228480
0
-557056
0
-591872
-557056
0
0
0
0
0
-526336
0
-559232
-526336
0
0
0
0
-34816
-43008
0
0
0
0
2228224
2752512
0
0
0
0
0
0
0
2560
0
32768
8704
0
0
0
0
-174080
-215040
0
0
0
0
0
0
0
0
0
0
0
0
0
0
0
131072
2097152
2621440
655360
2097152
0
2097152
-40960
-51200
-12800
-40960
0
-40960
0
0
0
0
0
-731136
-731136
-731136
-557056
-731136
-731136
-139264
0
0
0
0
0
0
0
0
-8912896
-11698176
-11141120
-8912896
-11698176
-11141120
2048
2688
2560
2048
2688
2560
0
0
0
0
0
0
43520
0
51200
53760
53760
51200
40960
0
0
0
0
0
0
0
0
-557056
-557056
-731136
-696320
-696320
-731136
0
0
0
0
0
0
0
0
53760
56448
56448
53760
43008
0
0
0
0
0
0
0
0
0
0
0
0
0
-174080
0
-2228224
0
0
0
0
0
0
0
0
0
0
-559232
0
0
-32768
-32768
-2048
-32768
-40960
0
2097152
0
2228224
524288
2621440
655360
0
0
0
0
0
0
0
0
8192
8192
512
8192
10240
2560
8192
-163840
0
-174080
-40960
-204800
-51200
-163840
-204800
0
0
0
0
0
0
0
0
0
0
0
0
0
0
524288
2752512
2752512
2752512
2097152
2752512
0
-10240
-53760
-53760
-53760
-40960
-53760
-53760
0
0
0
0
0
0
0
0
-731136
-557056
-731136
-557056
-557056
-731136
0
0
0
0
0
0
0
-11698176
-11698176
-9469952
0
-11141120
-11698176
-11698176
2688
2688
2176
0
2560
2688
2688
0
0
0
0
0
0
0
0
0
51200
53760
0
0
43520
40960
0
0
0
0
0
0
0
-696320
-731136
0
0
-591872
-557056
-34816
0
0
0
0
0
0
0
53760
56448
0
0
45696
43008
2688
0
0
0
0
0
0
0
-696320
-184960
0
0
-174080
0
-591872
-731136
0
-557056
0
-591872
0
0
0
0
0
-690816
0
-526336
0
-559232
-131584
-32768
-40960
0
0
-32768
-34816
2097152
0
2097152
0
524288
2752512
0
0
0
0
0
10240
0
0
2048
10752
10752
0
0
-40960
-215040
-215040
0
0
0
0
0
0
0
0
0
0
0
0
2752512
2621440
2752512
2097152
2752512
-53760
-51200
-53760
-40960
-53760
-40960
0
0
0
0
0
-696320
-696320
-731136
0
0
-696320
-731136
0
0
0
0
0
0
0
-11141120
-11698176
0
0
-11698176
-8912896
0
2688
0
0
2688
2048
0
0
0
0
0
0
43520
40960
53760
53760
40960
0
40960
53760
0
0
0
0
0
0
0
0
-557056
0
0
-557056
-731136
-557056
0
0
0
0
0
0
56448
56448
43008
56448
10752
43008
0
0
0
0
0
0
0
0
-10880
-174080
-217600
-54400
-174080
0
-174080
-139264
-696320
-174080
-557056
-696320
0
0
0
0
0
0
0
-526336
-657920
-164480
-526336
0
-526336
-32768
-32768
-43008
-40960
-32768
-43008
-40960
2097152
2097152
2752512
2621440
2097152
2752512
2621440
0
0
0
0
0
0
0
10752
8192
10752
10752
2048
0
-215040
-204800
-163840
-215040
-204800
0
0
0
0
0
0
0
0
0
0
0
0
0
0
0
0
0
2621440
2752512
2752512
2621440
2097152
0
-40960
-53760
-51200
-51200
-53760
0
0
0
0
0
0
0
0
0
-591872
-557056
-34816
0
-557056
0
0
0
0
0
0
0
0
0
-11698176
-9469952
-8912896
-11698176
-11698176
0
2176
2048
128
0
2048
0
0
0
0
0
0
0
40960
0
51200
43520
0
43520
40960
0
0
0
0
0
0
-557056
-557056
-731136
0
-34816
-591872
0
0
0
0
0
0
53760
45696
0
45696
43008
0
0
0
0
0
0
0
-174080
-184960
-174080
-174080
-228480
-217600
0
-139264
-731136
-731136
-731136
-557056
-731136
0
0
0
0
0
0
0
0
-526336
-559232
-526336
-526336
-690816
-657920
-526336
-690816
-43008
-32768
-43008
-32768
-32768
-43008
2752512
2097152
2752512
2097152
2097152
2752512
2621440
0
0
0
0
0
0
0
10752
10752
8704
0
10240
10752
10752
-215040
-163840
-215040
-163840
-163840
-215040
-204800
-204800
0
0
0
0
0
0
0
0
0
0
0
0
0
0
2621440
2752512
0
0
2228224
2097152
131072
-51200
-53760
0
0
-43520
-40960
-2560
0
0
0
0
0
0
0
0
-557056
-557056
-731136
-139264
-557056
-557056
-731136
0
0
0
0
0
0
0
0
0
-8912896
-11698176
-8912896
0
-11141120
-9469952
0
2048
2688
2048
0
2560
2176
0
0
0
0
0
0
0
0
51200
40960
40960
51200
0
10240
0
0
0
0
0
0
0
-696320
-557056
-557056
-696320
0
-139264
0
0
0
0
0
0
0
0
53760
43008
43008
53760
0
10752
0
0
0
0
0
0
0
-174080
-228480
-217600
-228480
-174080
-228480
-731136
-696320
-731136
-557056
-731136
0
0
0
0
0
0
-657920
-690816
-526336
-690816
-526336
-40960
-40960
-43008
0
0
-40960
-43008
2752512
2621440
2097152
0
0
2752512
2097152
0
0
0
0
0
0
0
10752
0
0
10752
8192
0
-163840
0
-215040
-163840
0
0
0
0
0
0
0
0
0
0
0
0
0
0
0
0
0
2097152
0
0
2097152
2752512
2097152
-53760
-53760
0
-40960
-53760
-40960
0
0
0
0
0
0
0
-34816
-591872
0
-696320
-557056
0
0
0
0
0
0
-9469952
-8912896
0
-11698176
-11698176
0
2176
2048
0
2688
2688
2560
0
0
0
0
0
0
0
2560
12800
40960
2560
0
0
0
0
0
0
0
-34816
-174080
0
0
-34816
0
0
0
0
0
2688
13440
0
0
2688
0
0
0
0
0
0
0
0
0
-174080
-174080
-228480
-217600
-217600
-228480
0
-557056
-557056
-731136
-696320
-696320
-731136
0
0
0
0
0
0
0
0
-657920
-690816
-690816
-657920
-526336
0
0
0
-43008
-34816
-32768
-43008
-43008
0
0
2752512
2228224
2097152
2752512
2752512
0
0
0
0
0
0
0
0
10752
8704
8192
10752
10752
0
-215040
-174080
-163840
-215040
-215040
0
0
0
0
0
0
0
0
0
0
0
0
0
0
0
2621440
2228224
0
2228224
2097152
-40960
-53760
0
-2560
-43520
0
0
0
0
0
-731136
-696320
-731136
-557056
0
-557056
-731136
0
0
0
0
0
0
0
-11141120
0
-2228224
0
-557056
-2785280
2688
2048
0
2048
2688
0
0
0
0
0
0
0
0
40960
0
40960
0
0
0
0
0
0
0
0
-557056
0
0
0
0
0
0
0
43008
0
43008
0
0
0
0
0
0
0
0
-228480
-174080
0
0
-228480
-184960
-696320
-731136
0
0
-591872
-557056
-34816
0
0
0
0
0
0
0
-657920
-690816
0
0
-559232
-526336
-32896
0
-32768
-32768
-43008
-8192
-32768
-32768
-43008
2097152
2097152
2752512
524288
2097152
2097152
2752512
0
0
0
0
0
0
0
0
0
8192
10752
8192
0
10240
8704
-163840
-215040
-40960
-163840
-163840
-215040
0
0
0
0
0
0
0
0
0
0
0
0
0
0
0
2621440
2097152
2097152
2621440
0
524288
0
-51200
-40960
-40960
-51200
0
-10240
0
0
0
0
0
0
0
0
-2228224
0
0
-34816
0
0
-557056
0
0
0
0
0
0
-8912896
-557056
0
0
0
-8912896
2048
128
0
0
0
2048
0
0
0
0
0
0
0
0
0
0
40960
0
0
0
-557056
0
-557056
0
0
0
0
0
0
43008
0
0
0
0
0
0
0
0
-10880
0
-174080
0
0
-174080
-228480
-557056
-731136
-731136
-557056
-557056
-731136
-139264
0
0
0
0
0
0
0
-526336
0
-526336
-690816
-526336
0
0
-34816
-32768
0
-43008
0
2228224
2097152
0
2752512
2752512
0
0
0
0
0
0
512
8704
0
10240
8192
8192
-10240
-174080
0
-215040
-215040
-204800
0
0
0
0
0
0
0
0
0
0
0
0
2097152
2752512
2097152
131072
0
-40960
-53760
-40960
-2560
0
0
0
0
0
0
0
0
-557056
0
0
0
0
0
0
0
-8912896
-8912896
0
0
0
0
2048
0
0
0
0
0
40960
163840
0
0
0
0
0
0
0
0
0
172032
0
0
0
0
0
0
0
-174080
0
-217600
-184960
0
-184960
-174080
0
-696320
-591872
0
-591872
-557056
0
0
0
0
0
-526336
-690816
0
-32896
-559232
-43008
-40960
-43008
-32768
0
-32768
-43008
2097152
2621440
0
524288
0
131072
655360
0
0
0
0
0
0
10752
8192
0
8192
10752
-215040
-163840
0
-163840
-215040
0
0
0
0
0
0
0
0
0
0
0
0
0
0
2097152
0
0
0
-40960
0
-40960
0
0
0
0
0
-557056
0
0
0
0
0
-8912896
0
0
0
0
0
0
0
0
0
40960
0
0
0
0
0
0
0
0
0
0
0
0
0
0
0
0
0
0
-228480
-228480
-217600
-228480
-174080
0
-696320
-557056
-557056
-696320
0
-139264
0
0
0
0
0
0
0
0
-657920
-526336
-526336
-657920
0
-131584
0
-131072
0
0
-2048
0
0
-32768
2097152
131072
0
0
0
2097152
0
0
0
0
0
0
8192
512
0
0
0
8192
0
0
0
-10240
0
0
-163840
0
0
0
0
0
0
0
2097152
0
2097152
0
0
-40960
0
0
0
0
0
0
0
0
0
0
0
0
0
0
0
0
0
0
0
0
0
0
0
0
0
0
0
-10880
-54400
-174080
-10880
0
-557056
-731136
-557056
-34816
0
0
0
0
0
0
0
-690816
-526336
-32896
0
0
0
-32768
0
0
0
2097152
2097152
0
0
0
0
0
0
0
0
8192
-163840
0
0
0
0
0
0
0
0
0
0
0
0
0
-163840
0
0
0
-557056
0
-8912896
2048
0
0
0
0
0
0
-10880
0
0
-174080
0
0
0
0
-557056
0
0
0
0
0
0
0
-526336
0
-526336
0
-32768
0
0
2097152
0
0
0
0
0
0
0
-163840
0
0
0
0
0
0
0
0
0
0
0
0
-40960
0
0
0
0
0
0
0
0
-174080
-557056
0
-557056
0
0
0
0
0
0
-526336
0
0
0
0
0
0
0
0
0
0
0
0
0
-655360
0
0
0
0
0
0
0
0
0
0
-174080
-696320
0
0
-174080
0
0
0
0
0
0
0
0
0
0
0
-2105344
0
0
-526336
0
0
0
0
-163840
0
-648
-8192
32768
-2048
0
-40960
0
-8192
-208000
0
-648
-8192
32768
-2048
0
-40960
0
-8192
-208000
8192
663552
-139264
2129920
-8192
0
-128
0
0
668160
131072
41
8192
532480
-133120
0
-2688
0
663552
174080
141312
-44064
2208
40960
-141312
0
0
0
8320
160
2048
0
-8192
2048
-8192
0
-160
0
524288
0
133120
-41472
0
524288
-32768
0
-2176
0
131072
-10240
524288
-663552
-34816
557056
-2048
0
34816
0
131072
-174080
0
-648
-8192
32768
-2048
0
-40960
0
-8192
-208000
0
-648
-8192
32768
-2048
0
-40960
0
-8192
-208000
524288
203
-8832
0
-34816
0
-41472
0
0
10240
131072
0
512
557056
-557056
0
-10240
0
0
665600
0
0
2048
32768
-2560
0
168
0
0
3360
32896
-166536
2560
0
-10240
0
2048
0
40960
0
32768
-648
10752
34816
-8192
0
512
0
40960
0
32768
-41472
10240
131584
0
0
0
0
131072
0
0
0
-512
0
-8224
0
-657920
2176
-168
-707200
41472
0
-8704
0
-32896
0
-2056
-8704
0
2271744
663552
0
512
0
-534560
-3360
-43176
-544
13608
591872
715392
0
138
0
-567456
-172032
0
141440
170
544
10368
0
-512
0
-32896
0
-2578
139264
10752
0
673920
0
0
0
-131584
-182784
-34952
174080
2688
-34816
2654208
0
-2176
0
-8224
-688128
559232
147968
2688
-591872
-10368
0
-32896
0
0
-174720
32896
0
53928
-9248
0
0
-512
0
-8224
0
-657920
2176
-168
-707200
2654208
0
-552
0
-139808
-183456
-666144
-8840
0
34816
663552
0
32
0
-2236928
-688128
-164480
594048
0
2263040
0
0
128
0
-10280
0
2699
148512
0
11424
166536
0
160
0
-41120
0
32896
36992
840
0
165888
0
672
0
-32896
-53760
8224
35360
840
0
165888
0
640
0
0
-2688
0
544
2688
0
2820096
0
-2048
0
-526336
-53760
131584
0
-11424
-731136
-2048
-2129920
8840
-532480
8704
0
8
-32
0
-2138112
-32768
-130
-520
-133120
141440
640
168
-2
-3240
-557056
-35328
141440
-140
-10240
150144
32768
0
520
-40
-512
-512
0
520
-512
8704
0
10
512
-2560
0
-33280
133120
0
-131072
34816
34816
136
640
-640
32768
-131072
2129920
2210
-139264
2176
131072
-2176
544
-640
557056
512
0
33410
-2048
0
33280
-128
0
-12840
8704
-512
-133120
33280
-2048
0
0
0
-10752
-160
-524288
-131072
-650
561
0
36992
34944
2592
-33
0
-32768
-32768
0
-33
-139264
591872
131072
640
2184
0
-2129920
0
0
-130
-8192
2720
0
-11
546
0
-10752
-8224
534560
-162
0
10880
0
-128
136
-200
0
-8192
2080
-682
-8704
8704
10240
-32
130
-200
0
-8192
133120
-650
-32896
0
512
0
2
-640
0
-8704
135200
130
8832
8704
640
-32
0
170
43008
0
2271360
33800
-131072
557056
35328
-128
520
-2720
131072
-131072
-3
-8192
-534560
0
-3360
42
-128
-207360
-34816
-141312
2720
-2208
-41120
0
-172032
0
33280
-2600
-32
-2048
0
8192
-2056
0
0
3
32768
-163840
0
-133120
2560
0
-526336
0
-182784
34
40960
-40960
2048
-524288
40960
34816
-559232
0
-688128
-544
34816
-40960
34816
2048
0
526336
-8224
0
-174720
-32
0
-821760
544
-2048
-2560
524288
-8224
0
0
0
-688128
-10240
-32768
-655360
-160
0
-32896
0
0
0
-131072
860160
-2560
-131072
0
-512
-559232
0
-688128
160
139776
0
-133120
0
0
-2048
-32896
0
0
-3
34944
0
-672
-32896
10280
-2560
0
0
0
-32
8704
-12800
0
-32768
40
-10752
-34952
0
-53760
-8
8320
-12800
0
-32768
2560
-10240
-132098
0
-2688
0
128
-40960
0
-34816
2600
2048
35466
0
-3360
-8
0
10880
2688
0
43680
532480
-526336
0
-185472
-32
33280
-174080
8192
0
3200
8192
-164994
0
-10752
0
0
40960
-520
2208
2176
-2208
-41600
35328
-8320
0
2600
2210
0
32
0
8192
-2080
2048
0
43
2560
139264
0
2080
2048
0
-532480
8192
-8840
578
3200
34816
0
8192
32768
34816
-565760
512
-33280
-9248
2720
34816
0
-32
0
526336
-8320
0
-8450
-544
0
698496
0
32
-2048
524288
-8320
0
0
0
-53760
8704
0
10240
-128
0
-33280
0
0
0
-10240
-731136
0
0
-8192
-8832
-169000
512
-8450
544
160
-2793984
0
0
0
-2048
-33280
640
0
-44
2730
0
0
514
8224
-2560
0
2560
0
-544
680
10880
0
512
32
-10752
-35360
2048
-2600
-136
650
10880
0
512
2048
-10240
-133640
0
-130
0
10
34816
0
544
2080
2048
35880
2048
-162
-136
0
-9248
0
0
34944
532480
-532480
131072
-8970
-544
2600
147968
0
0
2560
8192
-166920
32768
-520
0
0
-34816
0
2048
514
172544
-520
2048
-520
0
2560
-147968
0
0
162
-128
0
-10368
0
40960
0
-32
-166400
0
162
-128
0
-10368
0
40960
0
-32
-166400
524288
-51
-138
0
-176256
137
41472
0
0
8192
131072
0
8
0
-2820096
512
10240
0
0
532480
0
0
32
0
-12960
0
-168
0
0
2688
32896
41634
40
0
-51840
0
-2048
0
160
0
32768
162
168
0
-41472
40
-512
0
160
0
32768
10368
160
0
0
2
0
0
512
0
2105344
207360
0
0
-10824192
2048
174080
0
0
131072
512
0
-2
0
-10368
35
-8736
0
2048
512
524288
-11057
-8
0
-705024
0
520
0
0
10240
2228224
0
0
0
-41472
0
0
0
128
163840
43008
-2592
0
0
-41472
-2
0
0
2560
163840
0
-162
640
0
-165888
-8
0
0
0
133632
8320
0
0
0
-10570
-136
-128
0
0
141824
40960
-44064
8
0
41472
-8
0
0
0
35328
0
8
32896
512
2080
0
655360
2
0
-2600
-524288
-3
35466
0
35360
559104
663552
-9
0
128
-131072
0
-2056
8704
565760
2097152
163840
546
0
8320
0
0
-8224
512
2600
0
-2688
137
0
42
-32896
2056
-10280
0
10400
0
-32768
34
0
0
-32768
8
-43176
544
8320
163840
-8192
33
0
0
-32768
