-17010688
-12738560
3179520
2119680
21430272
-409600
3067904
-708608
-122880
-3604480
-376832
7352320
15478784
5998592
9396224
15884288
-21463040
2297856
6814720
14903296
2770944
-16072704
47742976
-10584064
-32202752
41091072
3296256
2269184
3970048
9330688
5383168
-39682048
-39682048
3554304
8855552
4254720
-3031040
-4145152
33128448
-9338880
65667072
-2123776
-20480
-102656
-2352768
-16277504
-13254656
-1810432
-13066752
-15351808
-134053888
-73252864
10204160
-14999552
-10731520
-2296832
-1535488
-13003776
-3508224
-1085440
-296192
-2783360
-1273088
-434176
28270592
-85364736
2277376
19013632
-60665856
-4005888
-1691648
-3604480
36618240
2230272
3345408
125952
9396224
1761792
2297856
3446784
5945344
-21872640
4418560
11083776
-15876096
58327040
-135192576
-17965056
10370048
11985920
1884160
471040
5672960
67436544
6468608
933888
-13166592
-16612352
-4054016
-11827200
-3225600
23988224
-6993920
11692032
20242432
47734784
-793216
-151936
-12850176
-425984
-10944512
17512960
-42977792
3661824
3883008
147456
1794048
6053888
9469952
135168
9469952
1775616
1310720
8552448
1310720
13877248
-3260416
5304320
5335040
-2197504
-1191936
-28672
-43008
3661824
8978432
4546560
6791168
1310720
8716288
8749056
720896
7694336
544768
9682432
12964352
311296
9011200
155648
-1507328
-11427840
-8699904
-1262592
-58368
344064
215040
204800
128000
8830976
1325056
-15228928
-11714560
-2522112
-1000960
-13065216
-491520
-11028480
-2343552
-588864
-12269184
-217088
11786240
2520960
2043072
14177152
520192
19832832
626688
16071936
2448128
-111501312
-5795840
18554112
-9405696
10468608
19282688
18836096
19485184
2721152
1808384
24284672
-6798848
-15593728
-7656448
-9596672
-14905344
10243200
16023424
15545408
16160000
2548672
1268736
26162432
25838720
25946624
26270336
3280896
10688512
-18439424
-18670592
-19364096
-14852096
6033408
40370176
40370176
-3100672
-3100672
8421376
8421376
4595712
8847360
-29319168
-90112
8929280
1998848
-1638400
-983040
-3620864
-16251904
5052416
6590464
1566720
12537856
-1204224
5288448
13989120
5001216
-47210496
11424256
-3996416
-7577088
-16128000
-15372288
-452608
-12245120
-2401152
-16512000
-16037888
-887808
-12534720
-2457152
1185408
3810688
3797312
-729408
-3050688
-3058592
-3123328
-7894976
-7732064
-7786368
-7949280
-22308736
-22028992
-22122240
-22401984
-10821504
-20526208
-17420736
-20701952
13775840
1870848
2235392
2816128
2662016
2781440
-6033408
-3198464
1280512
-3513344
3668992
10681664
12990336
14175680
13927616
-16015360
16968704
16120832
16898048
16474112
2182144
5555264
6832512
8022720
7804352
5336896
-122667008
-5390336
-4916224
-7199744
1089536
272384
63457280
8552448
1507328
-10936320
15564800
19496960
-1042432
-665600
8163328
-15790080
-12890112
-102912
-2611712
1795232
345696
270336
3081920
-172224
-77824
-712512
-17693184
-5235584
-8419328
1550336
-9633792
29065216
2459392
1110016
3231744
1328128
419328
2306816
1296896
3493376
10360224
2677376
2515840
142208
-5402624
-45657088
81305600
6512000
11381760
35177472
-83615744
-9352704
-12305920
-14950880
-1245184
28504064
-4427776
3555328
11397120
13004800
3928064
-27973632
5335040
-1206272
-43008
17883136
14499840
1253376
13785600
2479616
-15548416
-37715968
5586944
-24509440
4840448
16404480
15851520
765952
12453632
2441472
-3227648
-132096
-3471872
-4924416
-32768
-2570112
-3214528
-13177728
-520192
24829696
24472960
24591872
24948608
3551232
10045440
30763904
30387392
30512896
30889408
3921920
496512
6725760
4144064
6826752
306240
107520
6789568
6639712
6689664
6839520
1125376
115200
8945216
8987904
9115968
1214464
248832
-552960
-21406208
-17840640
-21316608
-20779008
-14595072
-5480448
-13605952
-15356288
-16528064
-16252352
-13330240
-3404608
15666368
18105472
19365952
19038528
15338944
3682752
22189824
21801728
22097408
21542912
16725504
4370432
1952512
9465344
11122688
47543808
-81481728
19788928
19788928
19282688
19282688
19788928
17436672
15245312
-8942848
-8942848
-6798848
-6798848
-8942848
25583616
39305216
15408832
15955136
16091712
16364864
15477120
3346112
21417344
25622912
25838720
26270336
21525248
3321216
-19364096
-18208256
-18208256
-19364096
-11935744
-6635520
-49741824
-149028864
-105971712
-7922176
-4400128
-381248
-4036128
13684736
10526720
2236928
347392
11710976
18685952
-21577728
12674560
2517504
-4409344
-9809920
-8632320
-1415552
-154240
11619328
18076672
18118144
-10991616
-15066112
-10670080
20081152
19826944
19911680
20165888
-3155328
-3046848
-3083008
-3191488
16761856
-8152064
-16330240
-8886272
-4198912
1787904
4833664
5994752
7125120
2534400
7296576
9039232
9670848
9491392
-10900480
12179072
14935168
12332288
13251584
-2299904
-5567744
-12349696
-5171712
-2795520
-3367936
-14406848
-16643200
-17799232
-17496384
-14104000
2483584
2484672
2496448
2564928
2987488
2987488
2810688
2810688
31366272
31366272
30092032
30092032
15725056
12741888
10114304
9752320
9028352
17900544
19528192
20105728
20315648
20735488
19633152
-8585216
-8585216
-1572864
39428096
7254016
-15263744
9404416
2316288
1753088
15454976
17336960
4419392
2443456
77824
77824
622592
2782720
2911488
1567360
132480
2260992
2260992
1310720
15060992
16898048
4213760
2372608
16615424
174080
1392640
4582656
7968128
2564288
272192
7749760
-19719168
-14810112
-12702080
-372736
272384
-4155648
-5172736
-18011392
-2367488
-10891264
9324544
13795328
29589504
-1331200
-423936
-2309120
-5345280
-15872000
43147008
-308736
-2251520
-2873248
7696128
3513536
2246144
-4745152
-1240000
22106112
-6664192
19800064
-14300928
-3835392
9743232
8151808
14290816
13767680
2518912
104896
376832
70656
47104
2987488
2789952
159776
663552
124416
82944
31366272
15405056
9609216
4747264
4747264
7569408
12560896
-5985024
-5267456
-5267456
-196608
14832640
3570176
3465216
2310144
530944
20735488
-2347008
6969344
-6070272
-1572864
4352256
9687168
4850176
9404416
13353600
13233664
11325440
-9287424
-10050560
37306368
-39987200
36585472
-18582016
3132416
13849600
9680384
13973504
1018368
1417216
3074816
13753600
9587072
13876736
1001088
1386496
-24774656
-6535168
2104320
-5951488
1664000
4603904
-18373760
-18138944
-18217216
-18452032
-2533376
-11140096
21884416
21977088
22255104
2867200
12951552
7872512
8862720
1641472
9140224
10805248
47290368
-81870848
15344128
21433344
27481600
26521088
14383616
11917824
-5968544
-7312320
-8536800
-8310368
-5742112
-1522720
-3191488
-3019712
-3155328
44495616
-7748864
-2804032
-2873248
-2733600
-2560864
-154976
6051648
5084192
7750944
7860576
8079840
5139008
850976
-5361024
-4320704
9401664
9491392
9670848
5220992
232256
12179072
12179072
12945152
12945152
12179072
17584128
21962752
-5567744
-3587584
-3587584
-5567744
-18607616
-20037376
16021632
15028992
15028992
16021632
8818688
4562944
7745536
13707264
3912704
707584
13465600
13344768
11468800
15323648
17190656
4350848
2419840
16903424
16759808
6201344
-3583168
-3430656
-233088
-3884416
-3583168
-3887872
-10601088
-6200832
-338688
-4746496
-10601088
-5294592
20900096
17569920
5576576
20036352
19604480
14573568
3965056
3906496
2451328
18555648
18843712
3963520
3985088
2461056
16613120
17409344
347392
1356160
148224
2821632
2946688
3083264
4072448
13606912
16968704
13565952
2455104
5282304
8022720
3141632
-6660096
-48901120
-51526656
-48388096
-419328
-17148224
-16291904
-17076864
2049536
5312544
6550720
7720800
7507168
19404800
15790208
21951232
28036480
27067264
14820992
-6916096
-4880128
2290944
-5172736
-6928384
-44299776
-18011392
-18011392
-17628672
28151808
47114240
42936320
43907072
-5458688
-4428672
-7073664
-7177856
-7386240
-6871808
-6871808
-5186048
-5186048
-6871808
-2873248
-2873248
-2698688
-2698688
-2873248
1449984
796160
181248
417312
8079840
5248640
290880
-79872
-79872
-638976
-3911424
-7220352
-2213952
-151488
-4325376
-4325376
-1048576
19480576
14901248
-14045184
-4501504
-13754368
-13754368
-76480512
19866624
-20455936
-34019584
-8472320
-18638336
4255744
491520
9612800
15823104
16284800
4469632
15028992
9175040
5832704
2290688
3791872
1605632
3927808
3920000
2441472
-502144
-1638208
-233088
-1238272
-2991488
15958016
4519424
5464576
16011264
-8585216
-1572864
-8585216
19890176
9404416
126976
253952
2541568
9060352
83968
5180416
1824768
1310720
2260992
12435456
2588672
1392640
174080
1481728
1570816
5193984
-45309952
4327424
-122667008
-13819072
-3543232
5098912
1340320
5744704
12041856
18809088
5865216
-15444480
1705728
-18011392
-17606144
-3357440
-2818048
-3280896
-2187264
45848576
47599616
19982336
67633152
19496960
12648448
-7386240
-3805184
-2662400
-94208
-94208
-753664
-13564416
-16127232
-10526720
-10526720
-2424832
25627648
-137824
-102912
-68608
-172128
-2873248
4063680
8079840
5093248
1449984
-3715200
-7272000
-4700416
-638976
15474688
15761408
-9699328
-20910336
-27444224
35962880
14631936
13197312
10735872
10051584
13767680
5832704
9175040
98304
16472576
17262464
1605632
2297856
-3430656
-3583168
-1261568
-6200832
-10601088
-10321920
-241664
21116032
753664
4288512
2680832
18555648
18843712
3653632
3437568
389120
16613120
17409344
1753088
3474432
438272
2821632
2946688
622592
116736
155648
16191488
16968704
1310720
3391488
327680
8022720
348160
785408
348160
-29394944
9556480
13787648
13911552
14159360
9618432
1856000
11521280
9463936
13692032
13815168
14061440
9525504
1837184
-5075968
-5075968
-6535168
-6535168
-5075968
-37126144
-46202880
-18452032
-18060672
-18060672
-18452032
-15697920
-13455360
21699072
21884416
22255104
21771264
3885568
-736256
8862720
1363968
-9172992
-2410496
8862720
-6164480
9841152
27481600
18352128
4756480
19008512
27481600
24336384
-5042304
-8480192
-2804192
-354848
-8253760
-8140544
-4483072
-3155328
-1681600
-171840
-3010688
-2938368
-3182592
-16697344
-11432960
-8662016
-9987584
-13277184
2465792
1694656
2262048
290880
5248640
8079840
-1498240
-1904064
-183168
-4475648
-7272000
-7380992
-13185024
-4612096
19415040
14757888
-28190976
-33110784
35932160
-20910336
35962880
15887744
4578304
16021632
4562944
196608
3489792
3548160
13767680
196608
401408
3848192
667008
17262464
401408
-315392
-1600512
-2565056
-3583168
-315392
-2377728
-1773568
-6200832
-10601088
2615296
13914112
17298944
21116032
16041984
2291712
18843712
18684096
11458560
10423296
2461056
17409344
11581440
350208
148224
2946688
389120
10174464
2402304
16968704
11304960
783360
283264
8022720
870400
-65273856
-20692992
-13271040
-11326464
-48901120
-52039680
-14297088
-2283520
-2283520
-1490944
-15221504
-17076864
-4297536
-2401472
136192
136192
1089536
4312704
7667392
2423392
223648
4345856
4345856
8552448
13564416
27794176
21100928
6198912
2179072
2752512
19294208
22162432
5129728
2816512
21791744
-1835008
48955392
-11019264
-14773248
7995392
13118464
19401216
4756480
-1805760
-2464544
-351808
-406912
-1464640
-180864
34373632
-14743040
-19358208
42708992
61440
491520
61440
862208
9388032
124928
249856
2534400
-1474560
-4378624
24152064
-13135872
-12673024
-8568832
-25481216
-3488000
-2160640
-126976
-3367936
-1418560
376832
70656
94208
7503872
98304
2297856
401408
15036416
2297856
-157696
-315392
-3201024
-157696
-241664
-483328
-4837376
-241664
4288512
9625600
11145216
4288512
21116032
2291712
2291712
2291712
13652992
2316288
2316288
2316288
12739584
622592
116736
116736
2603008
1282048
2260992
2260992
2260992
12435456
13565952
785408
785408
3228672
1570816
1734592
-9106432
-46336000
-45309952
36110336
-65273856
-16791424
5832704
13565952
9581088
4798592
2779136
9626624
12083200
1079552
-4445440
-2232320
-1407808
4873472
9213888
67584
8929280
16241664
18352128
27481600
7995392
4276224
-5685888
-8536800
-1908736
-3055872
-3191488
-868352
-108544
-9987584
31850496
-10698752
1232896
4335104
7125120
491520
616448
122880
5310720
9670848
9388032
187392
249856
14781952
12179072
-1474560
-4470784
-8757248
-12745728
-5567744
-65732608
-16912384
-8568832
-17799232
-126976
-3240960
-126976
115584
2701888
235520
376832
70656
153664
2987488
414720
663552
124416
124416
31366272
30856576
-380928
4747264
4747264
4747264
9028352
26091520
-5267456
-5267456
-5267456
20525568
11550720
2310144
23101.062836

10049536
13750272
18843712
18285056
13750272
3653632
13897728
17409344
16902656
13897728
1753088
1753088
2946688
2700288
2564096
622592
9060352
-8941056
-12087296
-589824
-589824
-39987200
9158656
-65732608
2726912
3723776
271360
9742336
14159360
2703104
3680384
258304
9648640
14061440
7280640
14496768
9136128
2396160
-5075968
-3081280
-4046016
-14540288
-18452032
-13455360
4944384
17289216
22255104
16220160
-458752
-13385728
7040000
8862720
-458752
9601024
19161088
12439040
27481600
9601024
-477184
-2407936
-2803808
-8536800
-477184
-596992
-1374208
-3055872
-3191488
8265728
-12173312
-16697344
-9987584
3575808
61440
7125120
7022976
307200
562176
214656
9670848
1673216
28530688
-4685056
12179072
26341376
26857472
-13465088
-5567744
54075392
-10771456
-2312064
-17799232
-10803200
70656
2403328
1189888
1292608
2667648
2450432
82944
456192
2594816
2987488
2739968
2594816
4352000
9609216
31366272
29582336
9609216
23457792
20824064
9028352
10295296
20824064
3784704
4099584
20630528
19423232
-1572864
-4685824
19890176
26132480
6969344
11304960
1366016
1746944
6497280
9687168
3971072
1824768
9102336
9438144
9198272
-5427200
9031680
14256128
-9287424
-1527808
-23732224
-106737664
-51285248
-49291520
147456
9568256
147456
5529600
9469952
135168
270336
3618816
1310720
8552448
-16924672
9404416
-2242560
-290816
-3654656
-1610560
2179072
163840
4481024
2559488
-1835008
-12926976
-458752
28327936
7995392
7462912
9601024
-5922816
-1908736
-882176
-477184
-1073664
-868352
-162816
-217088
-488448
-180864
-16048128
-425984
18964480
-11432960
491520
616448
616448
2496512
9388032
187392
187392
3957760
1423360
-4378624
-4378624
-4378624
24152064
21962752
-16912384
-16912384
1511424
-21241856
-22429952
-2160640
-2160640
-12932096
-12963840
-17799232
376832
376832
117760
259072
663552
663552
207360
456192
7569408
7569408
16338944
46381056
-196608
-10547200
23457792
22927360
3784704
20157952
-8585216
-393216
19890176
1945600
-4685824
126976
253952
325248
1590656
1366016
167936
5180416
4785024
1258496
15729664
-147456
9031680
864768
-5427200
-54398976
-12804096
-9879552
-21750016
-18249472
-15757312
-50786816
2015232
9742336
14159360
9568256
1794048
294912
9648640
14061440
9469952
1775616
270336
2396160
-5075968
1310720
13877248
327680
-18180864
-18452032
-3260416
-3363840
-290816
22255104
163840
3792896
163840
-9172992
8862720
57573376
-1835008
-12926976
4756480
27481600
-2736128
7995392
7462912
7462912
-8536800
-8423584
-1192960
-238592
-238592
-238592
-3191488
-542720
-108544
-108544
-108544
-9253376
47169536
-10698752
-10698752
1232896
1386112
7074048
4130816
491520
491520
1557952
9625984
5131264
9388032
9388032
-13595520
12332288
15394816
-1474560
-1474560
-5567744
-2795520
41402368
-65732608
-17723520
-17253376
-2605056
400384
2690112
2553152
70656
47104
705024
2966752
2825312
82944
165888
12747776
31366272
12769280
10543104
11655936
12379904
-5267456
-10534912
20735488
17637376
425984
12705792
-46497792
1011712
11304960
-393216
-1572864
2719744
9975808
5416192
3971072
9404416
2541568
9594880
9378176
13653440
2475008
3439616
10759168
2244544
-9287424
19591168
-15986688
-83537920
-13131520
-43476224
1101824
-31182848
-122687488
-27221248
-10579712
2760704
271360
14159360
3883008
7761920
135168
14061440
13938304
3821568
8552448
-5075968
-5659648
-2242560
-18452032
-18295488
-11212800
2179072
22255104
22069760
12992512
-8617984
19709952
48955392
8862720
10805248
48955392
9969664
14925824
15646208
27241472
17391616
-3648000
-1764352
-1934176
-8480192
-5459456
-2802688
-1374208
-1482688
-3155328
-2911232
8265728
34373632
-9987584
-7417856
34373632
491520
1232896
522240
4488320
4284032
9388032
1423360
9450496
5445312
5265856
-8849408
24152064
24105984
12179072
19773440
-21241856
-72069120
-13933824
-12349696
-1207296
-12932096
-11899392
-17799232
-15092736
259072
2432128
117760
588800
2655872
2403328
456192
2537408
207360
1036800
2931392
2636288
4352000
18385152
12654592
80050176
22715648
12769280
-6347008
-11452160
-10547200
11836928
9028352
29249536
4885504
2105344
-21454848
20052992
17637376
-9832448
18182144
45385728
7823360
24424448
1865728
10735616
-13271040
2016512
9009536
9552384
6766848
5281408
4060928
2541568
10219840
13533504
10339776
7583424
13473536
9144320
12524288
-8594688
11831552
25707776
-8248320
-78258176
-1474304
-41980928
-11078144
-49291520
-33367552
-31182848
147456
147456
147456
5529600
135168
135168
135168
5462016
1310720
13877248
13877248
-8372224
9404416
-2242560
-2242560
-2242560
-13382656
-13455360
3792896
3792896
18358272
2867200
3145216
-1835008
-1835008
-1835008
-9076736
7995392
7995392
7995392
14925824
-1908736
-1908736
-596480
-1836544
-868352
-868352
-1374208
-922624
31850496
-6299648
8265728
16076800
616448
61440
122880
769664
408960
124928
249856
1735680
3234176
1360896
-4378624
-8757248
-4930432
-9615488
-8849408
-12673024
-8568832
-18100480
-14788352
-12808192
-13537792
-126976
-12932096
-2726016
-1207296
-11279360
-17707648
376832
1213440
447488
1429568
442048
2633408
510528
663552
2719232
1403488
668352
2875296
2881408
689088
21071872
-12310528
18122880
14022016
30856576
14531712
16169600
-16338944
61108224
-17069312
22022400
9390336
21660416
15013632
19423232
4099584
13335552
19370496
20420608
13913088
19738112
-393216
-2062336
727040
2150400
1581056
6969344
8108032
126976
6542208
9687168
9687168
9687168
5236480
9687168
5815616
9438144
9138304
9258240
13653440
13413568
9018368
-5117184
-14511872
-12780032
-13472768
-9287424
-7901952
-12087296
-12804096
-8585984
-43476224
-43476224
-43476224
-48793088
-43476224
-43476224
2015232
2201088
14097408
9494528
9568256
9568256
2163072
13999872
9402368
9469952
9469952
10279936
-5367808
1228800
1310720
1310720
-18452032
-17904128
-13455360
-3260416
22162432
21585920
2752512
-6144000
531456
1641472
-12926976
-8617984
46833664
19072512
18112000
4276224
9601024
-4517632
-8536800
-3648000
-477184
-3164352
-3019712
-108544
-217088
-9987584
-5054464
-425984
8265728
4962304
4437248
2496512
122880
491520
4130816
9950208
5400448
3957760
9388032
2534400
9575424
14475520
12179072
28530688
-13228032
61163520
-14208384
-5567744
26857472
-25481216
-84742144
-24014080
-17799232
-10771456
-3367936
-3748864
-2817600
-12277952
2529600
2599168
423936
94208
3470016
2690112
2825312
2707008
1338880
82944
512288
2987488
30601728
-49549312
4747264
13002624
31366272
9571328
61644800
-5267456
22746368
9028352
9028352
-29540352
2310144
13388288
20735488
20735488
6969344
6969344
16977920
28475392
-6924288
45955072
5146624
9687168
4850176
4984960
8919680
9687168
13653440
6846208
7026112
12323008
13653440
-9287424
-10050560
-11089664
30932224
-9287424
25015040
-28513280
-30008576
-477440
-43476224
-7186176
9568256
1417216
5529600
10285056
14159360
7249920
1386496
5462016
10214400
14061440
7170048
9404416
5586944
3271680
2104320
-1412096
-13382656
-12370432
-18452032
-15625216
2867200
696320
22234624
21863936
-458752
-13759488
-6155264
-4767744
808960
8862720
28327936
8183296
12939776
11739136
18832384
27481600
-5922816
-1052000
-879520
-596480
-5799104
-8536800
-1073664
-2612608
-271360
-1356800
-3128192
-2802688
-17149440
-8135168
-6299648
-17431552
-9987584
18964480
1590400
3754368
7022976
3856512
3729024
6971904
552960
1737408
6709824
9581120
6799552
4154816
9536256
9512960
23232768
14674816
12638720
23186688
14935168
19467008
-13228032
33018112
-4379648
20174336
-12349696
719360
-25481216
-17647808
-12429376
-15351616
-17572096
-4765696
2701888
2701888
2701888
2518912
2701888
2701888
2483584
211968
2987488
2987488
2789952
2987488
2987488
2727744
373248
22205952
31366272
30346880
21186560
31366272
26292736
12198912
9028352
9752320
12922880
9028352
-21787648
20735488
19633152
20735488
20735488
17900544
10395648
727040
10166272
8392704
6969344
6969344
8677376
1865728
49152000
4259200
5236480
9687168
9372672
9597312
9687168
6523648
7703360
9138304
13653440
13233664
13533504
13653440
8425088
-2913280
-7555584
-9287424
-9287424
-7209216
-13126400
37306368
-40984064
-43476224
-43476224
-40485632
-49291520
9158656
147456
294912
5529600
4971520
1417216
135168
270336
1960320
1694336
1386496
327680
-16924672
-419840
4603904
46088192
-290816
-13382656
-2966656
-1412096
-12303360
2179072
163840
4070912
1716736
1253376
22141952
-458752
-1835008
2473984
-9909248
18044928
47281152
9695232
7995392
19161088
-12853248
16606720
11108864
27001344
11589120
-1908736
-5459456
-1934176
-2176192
-7255712
-8366976
-4857280
-868352
-2911232
-1482688
-813952
-3064896
-3083008
-841088
-3019712
-17522688
-51306496
-14743040
14241280
-9253376
13507072
22573568
-8886272
61440
3550080
7125120
7125120
7125120
4232960
249856
4300352
5445312
5220992
5310720
9670848
9491392
-4378624
23952768
12179072
12179072
12179072
15088384
12179072
-12673024
22154496
-5567744
-5567744
-5567744
-11953664
-5567744
-5567744
-3730624
-17783360
-17404800
-17556224
-17799232
-17496384
-17253376
-17799232
3562048
2541376
2701888
2598080
2518912
2701888
3704288
2804576
2987488
2854560
2789952
2987488
2739968
31366272
31366272
22970496
13788672
30092032
31366272
31366272
9028352
9028352
11655936
17990656
9933312
9028352
9028352
8349184
19160576
20735488
18792960
19633152
20735488
20000768
20525568
19890176
7538688
6969344
54824960
-14301184
45101056
39712768
571392
9687168
8829824
1590656
3038720
9687168
9054464
13533504
13653440
10081920
1998656
12502912
7583424
7008128
-8594688
-9287424
42886656
-17571072
29893120
25707776
62620160
-42479360
-43476224
14397952
-22746880
-1972736
-6189312
44303872
8660224
16523264
9866240
7249920
294912
9568256
9494528
16369664
9771776
7170048
9469952
3618816
11245568
2979840
-5075968
-26525696
14204928
82296832
11447296
-18452032
-11140096
-3654656
-4527104
-3081280
22255104
12951552
4481024
4448256
3515904
15614464
39504896
9695232
-77561856
-458752
-2132992
531456
18112000
10449920
19161088
4276224
10148352
27481600
-8366976
-2147328
-238592
-4574240
-8536800
-3083008
-976896
-108544
-660288
-3191488
-3191488
-45957120
-10698752
15709696
-9987584
-9987584
7125120
7125120
5235456
276480
4782208
5841536
5131264
9670848
4842240
4976832
8904640
9670848
12179072
-18081280
-18540928
14981248
12179072
-5567744
-20796416
-21984512
33810176
-5567744
26749184
-4735232
-4962368
-16416064
-17799232
-15503040
2462208
2633408
2701888
315776
259072
2633408
2701888
2987488
2775328
2825312
2594816
373248
2987488
2733856
30856576
31366272
6951680
-4065280
31366272
23531392
13928832
9028352
25723392
29249536
9028352
13272320
-11452160
19738112
15958016
20735488
18950656
2630144
45101056
-2062336
6969344
6969344
-8978432
-1572864
1865728
6969344
4307328
9687168
9687168
12931072
5371264
9642240
7717760
5806656
9018368
5420288
9060352
9198272
13653440
12323008
-9287424
-9287424
-589824
-13126400
-9287424
30932224
-43476224
-43476224
-50288384
-42977792
-24535808
-5690880
2201088
5901312
12913152
13973504
10656768
9680384
7373824
3661824
5831424
12822144
13876736
10583808
9587072
7293184
3618816
-23813120
-5659648
-23229440
-36250624
-5951488
76972032
-12761792
-18295488
-12918336
-15932736
-18217216
-5502976
20455936
21977088
15707136
21863936
18543616
4481024
1918976
1363968
8862720
9972736
2473984
8862720
-6164480
17871872
18352128
27481600
26521088
17391616
27481600
24336384
-8536800
-8536800
-5572672
-8536800
-8536800
-6442304
-1073664
-3191488
-2983552
-3191488
-3191488
-2902144
-488448
-9987584
-8519168
-15228928
-9987584
-13277184
7125120
3831168
4232960
7125120
6767616
7022976
7125120
2521856
5445312
4137216
9446528
9670848
9670848
9401664
5265856
2846720
19160576
12945152
12179072
12179072
13098368
14935168
21962752
-11953664
-5567744
-2795520
-4775680
-5567744
59552256
-17404800
-17799232
-17269248
-17647808
-17799232
-10970496
2460032
241856
2644096
2529600
405632
2414016
2450432
396032
301216
2910656
2783840
564672
2630176
2719232
597632
10628608
31366272
24805632
20241792
31366272
31366272
-6708992
12367360
15013632
30266880
20643072
12922880
22733824
19475456
18583040
9923584
16062976
19423232
13125632
45955072
9881600
8108032
44816384
727040
1865728
4124416
5326336
9687168
2607488
2016512
9099392
7523456
9258240
13653440
3634496
5540224
12562880
-3259648
-7901952
29546752
-14511872
-13126400
-41482496
-2471168
36585472
-51285248
-49291520
147456
10347008
14159360
14159360
14159360
9618432
270336
5990016
9833344
9525504
9648640
14061440
13815168
8552448
-24980480
-5075968
-5075968
-5075968
1812480
-5075968
-2242560
-12448704
-18452032
-18452032
-18452032
-18024320
-18452032
-18452032
5448192
22234624
21771264
21956608
22255104
21884416
21585920
22255104
-6996992
47836160
8862720
38949888
1918976
8862720
25056768
20712960
27481600
13308416
17871872
27481600
25800704
-8536800
-8536800
-5855712
-3874432
-8253760
-8536800
-8536800
-3191488
-3191488
-3164352
-2947328
-3010688
-3191488
-3191488
-14378496
30384640
-9987584
21839360
-15963136
-9987584
-7417856
-9253376
862208
7022976
7125120
4680448
871808
5994752
3729024
562176
9670848
8814912
1585216
3026176
9670848
9039232
12485504
12179072
19513088
-5236864
14521600
17124480
29754624
-4775680
-5567744
46879232
-18892544
32622080
27541248
70641152
-17647808
-17799232
-14179712
-3619520
-16643200
-15351616
-9112704
-13039552
3663872
2621632
2667648
2449344
2495360
2587392
2701888
4058112
2896032
2952128
2692384
2748480
2860672
2987488
2460576
7569408
21951104
31366272
24041088
14043520
30346880
25060480
-196608
12379904
9028352
12910336
17809664
9752320
12186368
19948032
20630528
17795584
18478080
19843072
20735488
3101184
-393216
8108032
1296384
2150400
8392704
47728640
-5392384
1908096
9687168
9687168
9597312
9687168
4217472
167936
13413568
9318208
9138304
13353600
6046528
2424000
-147456
-7901952
-13819136
-12780032
-7555584
35574528
-9556736
-10559488
-41482496
-50288384
-48793088
-40984064
6666496
-17086720
-12804096
14159360
14159360
11604992
2760704
7278080
12789248
9402368
14061440
7044608
7229312
12699008
14061440
-5075968
8073216
8948736
-44598272
-5075968
-18452032
-5052672
-5287488
-17017664
-18452032
-16089280
6969344
7247360
20270592
22255104
19386880
10805248
9417728
8862720
65349632
19709952
9417728
8862720
27481600
26040832
18112000
6782976
-5922816
27481600
20232704
-8423584
-8536800
-3462976
-1073664
-8536800
-7029280
-879520
-3191488
-642176
-488448
-3191488
-2920256
-452160
-16330240
34373632
-9987584
31118848
-8135168
5994752
3600768
7125120
7125120
1232896
491520
4284032
7125120
4300352
9670848
9670848
12908544
5355584
9625984
7703872
21809536
15394816
23539200
-1474560
14935168
12179072
14981248
-5567744
-5567744
-65732608
-12349696
-5567744
33810176
-17799232
-17799232
-17631936
-17723520
-15184320
-15275904
2374336
464512
2678336
94208
2564928
2621632
668352
2946016
165888
2846048
2896032
23355392
22970496
21951104
893312
31366272
31366272
-10731520
11655936
12379904
25186560
9028352
9028352
9390336
20157952
19738112
20315648
19948032
19633152
20210688
-8585216
-14585856
33009664
-8978432
55744512
9531392
1429504
9687168
9912320
216832
2948864
83968
2058624
7574400
203904
5866624
5600192
-17917440
23785984
-11252224
36613632
6607104
-23245312
4871680
-13800960
8161792
-18337024
-9610240
9928192
7497728
13849600
14159360
14159360
13787648
9680384
6127616
8069760
9525504
14061440
13630464
13938304
14061440
8697088
-35666944
1812480
-5075968
-7118848
-5659648
-5075968
-15938304
-18060672
-18452032
-18452032
-17982400
-18102592
-13455360
21791744
22255104
22255104
21699072
21863936
16220160
-6155264
47845376
8862720
47003648
-2132992
8862720
8862720
12939776
7743488
27481600
21433344
18768384
27481600
27481600
-1165216
-7312320
-4985696
-3450816
-3585312
-5459456
-2062976
-2893056
-3191488
-3101056
-3679296
-3191488
-3191488
32905216
-9987584
29283328
-8294912
-9987584
-9987584
5184384
3677952
4335104
7125120
2490752
1168640
6045824
8904640
4182080
9491392
9084096
11735040
5445312
5265856
19007360
12791936
14368384
-10231808
14322304
14935168
-12745728
-5567744
-4280064
11808256
32226048
-17556224
-17799232
-1569984
-13386368
-16718912
2701888
2633408
2701888
3401536
423936
1189888
2701888
2789952
2810688
2771616
251232
82944
336576
606144
30092032
10883456
13397632
4747264
9960704
5859584
9028352
-18448640
61644800
-15802368
9028352
20735488
6774272
-29540352
3784704
20735488
19890176
56598528
-8585216
-8978432
-4685824
40566784
2061440
862720
1683456
1429504
9404416
126976
869120
3565568
1824768
9060352
83968
-10559488
-10706944
-5427200
26746880
-12804096
-23732224
-15757312
-4694016
5529600
14035456
14159360
10482688
2103808
12975104
8033792
2705408
14061440
12575872
1694336
6300160
14061440
12883712
-5659648
-5075968
-53966848
15336448
-43722752
-36250624
-18295488
-18452032
-14696832
-3755200
-17252480
-15932736
-9476224
22069760
22255104
17474560
4256256
20548608
19201536
11389952
16312832
39419904
1086464
9140224
19145728
39782400
1363968
8862720
-34750464
18592256
27241472
18094592
12588032
18352128
27481600
12919296
-1908736
-5629280
-8536800
-7142496
-3931040
-8310368
-7368928
-868352
-3019712
-3191488
-2992576
-2983488
-3046848
-3137216
-17064448
-9620480
2913792
22940672
-16697344
-9987584
3976704
122880
6920832
4386176
4232960
6869760
2721152
1309312
1897536
9670848
9670848
9581120
9670848
4210624
-8757248
12791936
14628736
15088384
12945152
21196672
-7073664
-8568832
-3983616
-13141760
-11953664
-3587584
39422208
-11831552
-12673024
-17496384
-17631936
-17404800
-17420672
-13342400
-3483968
-2160640
565248
115584
2448256
498752
195840
235520
1189888
1297408
662240
456192
556160
82944
1297408
16338944
1403008
4352000
638464
4747264
16338944
-15802368
24824576
23457792
25367552
-5267456
-15802368
-10547200
2520064
16167936
13440512
2783232
11550720
3784704
57737216
49152000
-1572864
-13271040
2859008
9404416
2541568
7403520
1258496
1824768
2433024
-5427200
-10706944
58425344
9158656
-65732608
-31182848
28254208
7289856
6189568
9494528
5777408
13680640
9804288
14097408
7235328
6115456
9402368
5708288
9469952
9587072
14061440
3564544
-5075968
-5075968
-39616512
2688000
-5367808
-15903744
-13533632
-17867776
-13695744
-18259136
-18373760
-15739840
-15854464
21585920
16025600
21863936
22255104
20270592
18821632
531456
1641472
56185856
8862720
22839296
19072512
18112000
-1535488
27481600
27481600
-2176192
-7368928
-477184
-8310368
-5742496
-5572672
-813952
-3137216
-217088
-3046848
-3092032
-2983552
6063104
28916224
45334016
-9987584
-9987584
-9253376
552960
1232896
7125120
4931584
163584
2567936
124928
456576
5056896
1423360
1987264
1735680
-13135872
12179072
-13135872
25268864
24152064
-21241856
-5567744
-21241856
51303168
14184448
52491264
-17799232
-2287616
-11333184
-12932096
-11106048
117760
2426880
235520
2379776
207360
2677760
2677760
207360
12654592
15405056
15405056
12654592
-196608
-5267456
-10547200
-15802368
18268160
15958016
66322432
-4685824
40566784
-46497792
1366016
4034560
9975808
1258496
167936
2475008
47865856
-54398976
-15757312
-168439808
11543040
7971840
9742336
14159360
3787264
5901312
13037056
12699008
7477888
13815168
12945280
11837440
9833344
9587072
-6913024
-6243328
-43430912
3271680
2104320
-18180864
-18452032
-1767104
-13852288
-17330752
21956608
22255104
2744832
16210944
20641280
8862720
9417728
8862720
-1577984
-77561856
-9076736
8862720
17871872
26280960
7983616
12398080
4276224
8903680
3402752
-8253760
-3811744
-1635936
-238592
-1221824
-4094400
-3191488
-3606976
-976896
-1374208
-3191488
-9987584
-7560704
-45957120
-12173312
-9987584
862208
511488
61440
1232896
153600
3575808
2049728
859904
1673216
1423360
9388032
124928
-5037568
26341376
-13135872
-1474560
-4378624
-12673024
-21241856
-12808192
28729344
-2160640
-2287616
-1207296
-15124480
376832
1213440
235520
235520
1338880
414720
414720
21071872
-380928
-380928
31358976
-10547200
4939776
11550720
11550720
28475392
-1572864
-13271040
571392
9404416
2541568
5180416
83968
19591168
-589824
-15986688
-14848000
-12804096
294912
13911552
9804288
9618432
13849600
6437376
2541056
4129408
14061440
14061440
13938304
14061440
5866880
327680
-6243328
2688000
1812480
-6535168
-44743680
6405120
-290816
-18138944
-18259136
-18024320
-18060672
-13846720
-3635008
-2242560
21884416
22049280
21771264
21791744
16683520
4615680
2179072
-36306944
-9172992
48400384
17767424
-1396736
57573376
-9076736
14925824
-1055232
1499136
-1775616
4276224
14925824
-1764352
-1589216
-1836544
-1419392
-238592
-1764352
-1374208
-795840
-596992
-687360
-108544
-1374208
-271360
-11432960
33639424
5696000
-3831808
47169536
-12173312
307200
2465792
491520
1787904
2846720
9388032
2534400
17584128
-8849408
-13135872
30720000
-12808192
-21241856
66748416
-12963840
-2605056
-3367936
-10803200
94208
211968
259072
165888
373248
456192
10543104
-4065280
4352000
-10534912
29249536
23457792
-21454848
10395648
9715712
2015232
14159360
16449536
271360
6251520
135168
2145024
7827200
1978368
4252544
5462016
9404416
-5075968
9404416
-16924672
-2533376
-18452032
-2533376
-11760704
-13382656
-11525888
22255104
2867200
13641216
15654912
13363200
-4767744
40337408
57573376
48955392
11739136
12107776
12107776
11739136
-596480
-4815872
-4815872
-596480
-868352
-108544
-271360
-1374208
23674880
34373632
31850496
245760
153600
3575808
4962304
1360896
4020224
9950208
-8849408
-8757248
28530688
54075392
-124858368
-1207296
-11279360
376832
1213440
1338880
21071872
-16338944
5529600
4130816
147456
2015232
1417216
7847936
5892992
939520
3821568
1978368
9469952
135168
1372160
9404416
1310720
8552448
-2242560
-2533376
-1412096
-15697920
2179072
2867200
1253376
18923520
-1835008
-13385728
57573376
57573376
19161088
-2736128
-2736128
-2407936
-1192960
-1192960
-434176
-271360
-17522688
47169536
47169536
276480
491520
1787904
562176
9388032
2534400
24152064
-4378624
26857472
-65732608
-25481216
-12932096
-2160640
3883008
6127616
9568256
3661824
6053888
9469952
3618816
-37126144
4603904
9404416
-1412096
-2533376
-8970240
16220160
2752512
4481024
12992512
-458752
28327936
19709952
9601024
-5922816
1499136
-477184
-1073664
-1836544
-217088
-488448
-596992
-16293888
18964480
31850496
2686976
1417216
7847936
16523264
2760704
9568256
3661824
1386496
7761920
16369664
2705408
9469952
3618816
4603904
327680
-26525696
-16924672
8552448
-1412096
-290816
-11140096
-13382656
-2242560
1253376
17801216
12951552
2752512
4481024
-8617984
4276224
-238592
-2555904
-4395008
-3833856
3962880
2573824
701472
40038
-420416
-112746
-9376896
-301028
-1278672
-7382400
5139752
-29882
195520
-6382934
98384
-5780856
-795364
-2532392
-1032179
7161848
5882292
843800
416368
-3206078
-13592
5997540
200192
-875844
5096888
578144
-1258734
-476416
-769132
411981
-188588
-133399
-1638300
2821664
284488
2332
-457161
-433566
-288476
251773
-3564960
-44564
71452
-5692
437368
-788488
52522
-46430
-6635024
7760736
-959872
-865162
423136
-8279
45825
-122060
229761
-778356
-321481
388454
-1046115
-10679376
967856
3582848
-2590784
1202820
-566915
21330
-345157
3190864
-328917
-7330556
3689828
3105992
-278976
5725
598822
26196
-1085459
-9254432
-130420
3698394
2390028
13347608
-3515712
3456388
1363702
-6382934
98384
-5780856
-795364
-800866
-29733
443287
-1330724
-92950
673376
1767970
1049
-61211
279120
-2215852
-17.791065

-9798
-167620
-2698232
-788452
-632378
636226
-2822646
-6501364
720196
201188
262848
-1749202
-1152886
-55736
-4964436
4829344
618751
10167296
697850
623954
40828
131030
2322130
1084940
7982664
-1547648
1199835
5608144
1040934
69209
3184
615488
509627
-118216
613317
309648
12858928
651112
-1027824
-2128640
4601720
6830568
122189
-631488
346207
185872
8380256
-810016
1409092
-1223982
971712
4692656
597808
-262042
-2727910
-11646664
643086
3640206
-5475568
-12398016
5485360
-5167568
-421469
3862268
4716688
166113
2700616
-812621
3160828
-8700928
862540
-8811
665
849808
1761296
334480
-651848
-2372
-1296638
-672920
1950100
-177751
1102654
126507
44396
380677
-6287492
-6081784
-344752
703300
-55007
-193910
976476
-252604
9125
-1043900
77354
-966724
-3302616
-343353
2373
-2022018
-373002
-1317294
-6145
-286992
4476828
-893044
-1089344
1142342
2642
961664
-16176480
43224
12354608
1861668
-14225632
-3524234
-7176528
2481496
-686480
5639376
17062464
668927
6024120
-709236
-180030
-15405248
-62278
6814732
28287
-476709
899
-616952
1197743
-12192512
-2249470
274800
540520
-6471352
25542
41288
-1509
235086
29297
296762
13914
3705132
18316
46991
-363321
-1804684
832924
-1619000
434990
285412
-268537
849936
-64427
1679136
780422
-2113140
-68352
101240
547237
-503856
-446788
22496600
73420
16718192
812370
3793478
-135213
754824
269885
-931392
-797604
19347736
206604
-2639384
827634
-5434968
-1034272
5287632
20857
-969408
-610000
16955960
611883
708507
-1481160
-84268
1813020
4377584
2315424
3220568
-3883788
-833568
-27250
4698990
-1376883
-27848
9206160
1212409
1075486
-6207576

11086400
2534940
1124600
-2459068
-759226
7248048
2785292
-5793900
-257664
-342478
1898954
389931
-10981888
-11520608
-13004064
-1230850
-24321
1483
-6862
-6723
48643
20095
-59411
20909
-8229820
1499515
-22836
33721
-282881
159862
-703864
-928540
230754
108354
2821832
-7862432
116668
-887668
609400
61780
1035551
-791370
2269068
873090
978442
-8738192
102024
-922848
6018532
1263590
2069186
39551
2293980
3084912
282630
-6419180
132278
625966
-2309700
921971
-2243652
160865
-1676608
3595440
288315
-164700
9608
666647
-9359232
6464000
30440704
1071714
-13139712
-325866
3240466
-14652640
383140
-10847432
11245680
-11763032
32154848
-776435
-21981
465414
300900
3035024
276501
-631534
46437
31583
-6220976
-2180034
953261
-472522
3332794
-669362
-323910
856956
1291147
2374566
379
13860144
-3387088
4251192
3452294
-1314122
-3601894
-5219584
532312
909805
-8635328
-968496
1570912
682424
-670776
59087
-115520
8919808
-2613184
-16892000
-6759488
919091
-1541680
376622
-598196
-7345168
-6459664
-490432
760512
-294359
-12215
12759216
-206188
-902496
-60459
5560480
-800320
9849984
-1121183
195686
13590696
278172
23973792
-75065
-1846616
-630442
502643
-181733
-5976756
577189
-520597
103940
-35979040
961922
-1197558
-381693
159586
7438656
-890955
-512031
8829
50514
168917
155581
270024
-505003
-1421866
893449
-5092
-7631
76984
-5962
-174245
-619411
-2957888
-2102058
1413707
884353
591384
-1176186
1052248
41881
-37511
62226
-3736192
-555964
515188
150732
-271281
1470656
33771
-209920
-128147
1851190
6118928
1187703
-4557824
47568
-6481024
12460736
9002
-10992128
5606052
5599272
-645576
7542288
2422384
6770568
8665784
564147
-2560596
3510120
7639296
-8642320
1922875
10683624
-571696
14241080
4012800
2471116
-39576416
4248112
10928720
-43195
-1010728
-2857016
-124340
6652080
-38798816
17925008
4297648
-2984232
-6058364
4849140
-217564
2500644
1198084
1032960
-649772
-6076140
27366
73096
-11744208
11479088
-1019103
717440
60380
7946368
-774340
1137416
8068944
1599116
-6053016
12506768
131504
-686895
691236
16561920
-10606640
1403848
3426256
-4514240
1302460
244089
-2843986
1065087
832444
-441065
-76473
-27656704
4530426
3910092
-1213022
139864
808405
77307
3471160
-165836
-227602
-1006338
607164
-18126
-2915506
-1349474
-413440
390660
-10052708
2338674
1730752
-342776
-606638
-133811
-931197
37771
1101712
12272480
-182157
-15797472
-10816816
-10241888
9354496
-1385536
1570288
5590272
18282752
-12868480
307922
-15953
-61069
26076
-1197248
-625945
1598
832882
3259284
6980972
-279731
-44799
54268
572892
2345600
488181
-44412
2860996
4542944
11554512
3132280
-311412
94310
-817588
-2262080
4752540
229588
1159229
5113008
11389536
-1732800
-2546422
1912324
-2055961
107065
891227
-5835856
-1255648
-912386
232150
-3056918
-901502
-1076111
-997011
-5033612
46900
3689008
-179924
-666425
-9823
-1746315
5457896
-58041
4962568
21940608
-2425464
-10321872
9146688
-15536832
910336
17445984
-15675808
-65024
3572940
-23151552
-2551808

-14763632
-14293512
-12463184
5259520
-2196820
-3257210
1541059
-2785790
7065188
51086
-3576888
-18227368
1472154
-13666968
205624
-156652
-643364
-726472
-24586400
-857507
-3788776
-10452096
600382
1695778
244553
-10127464
-1361072
-882824
-17467808
-2444792

7901184
1835800
15863248
-453204
-1176988
-13081592
800462
7201920
6149456
-998735
7843840
-6815264
13962128
-326353
-161582
2276912
416840
-622350
-59154
-2432688
4827824
-4312148
-222390
921370
336807
-604286
1089280
-627912
-199552
-1140897
-1503027
1381595
-1717840
1453900
-2337992
3965496
3041232
1535870
322395
-2648320
1449894
-644700
-3213760
-9589208
-1823224
-146924
-171666
-18362
825530
-132827
54045
13904
-3603976
-1592548
-4509956
-174301
-114938
-206315
7793448
684700
-2403868
4150300
-690572
-5371488
-1053588
70163
-2418664
-601000
-417600
-3842450
-2403868
4150300
-690572
-5371488
-1053588
-472975
16107240
358955
-899320
2152256
-44032
-41521
-315340
-724080
3616664
-315779
26982
4002
2456160
-5453952
-500124
-6111224
17400
168042
646264
15625
117183
191488
83752
-20969
535532
1242832
4042860
-969361
3545476
1473225
7014480
-9167248
-22411
722435
-104908
-4405536
1086384
-73328
-7871448
-4730704
366520
-9301648
-147160
-1571792
-2503736
-973424
1128720
5748544
-5889528
3707646
299186
-12972448
-209955
746754
46056
-21342592
937360
4669120
-3666768
-2216946

-2493888
-13108384
14789120
1080084
-9582712
-14114464
-4968238
3358208
3516544
-1635916
23094272
961376
61992448
6092904
-53940
-1394080
-13986496
-4706404
19361
-595439
10391
-43584
16488
88787
-3063
-465332
-3044096
232283
4730008
2226728
77129
2946176
-532352
9796608
-15902680
-8546784
5042538
4597520
-4697340
-1381124
262282
12562208
5877248
9096768
-16072888
-11498224
627014
52592
-15776624
-192934
2390180
-312000
-18300800
4757392
9998240
-13141344
-5380612
-6576000
28810848
-49954
681345
-3567660
-18693376
3611864
7531080
-9837744
-13720224
1031297
-13559024
-199516
-179995
-189072
-19103488
10457928
10935840
-4048656
-10003064
287459
-37444
-2265152
2828859
3226434
-350884
-84395
17931328
448105
-439188
61352448
-3595200
4621824
11539440
89655
611174
12513008
2728368
370134
1552192
20520408
212607
-474136
274200
362320
-115805
-62360
2676858
20018
-102976
11057696
715268
7504720
-632456
2605696
250128
43738
-1599128
-580716
2241810
2221584
-1207550
-732032
-1742891
4299186
3773424
-15490
-90919
-3608704
-1075696
668630
7307656
-3085770
2349600
7644640
-1833120
1097984
11911184
7634736
683746
415248
1038604
358886
3257920
1899136
1057424
365837
2640120
446400
-6404
783764
-7595400
-423592
-1326466
-8020208
2306438
891232
9420832
3446244
-124953
1466224
-8964168
678912
381640
25579328
4559812
-1778
-65162
59726
-38759
-227744
131577
-3053
1009049
-6277888
-236291
-401827
-4484928
582644
717073
3496848
-308048
4714928
10929608
1295216
-490288
1762144
-128732
2092032
1183714
1286128
