-233472
-155648
33792
22528
-1638400
-409600
-1126400
-184320
-122880
-1507328
-376832
-1036288
798720
1064960
755712
1007616
1204224
1605632
200704
523264
747520
149504
-344064
-491520
-98304
-745472
-851968
150528
172032
824320
942080
2237440
942080
-57344
-65536
-155648
-1572864
1245184
-917504
245760
1867776
985088
757760
570624
1388672
-61440
-106496
-69632
-840192
-1490944
-1146880
-1095680
-2681856
-2127872
-368640
-638976
-417792
-646656
-274944
-1628160
-2822144
-1845248
-1391744
-335744
-1490944
1146880
1556480
909312
681984
1277952
958464
-214016
67584
540672
101376
249856
374784
874496
-1638400
-307200
-212992
113664
265216
98304
229376
262144
-147456
-36864
262144
65536
-96768
1884160
471040
-131072
-32768
-1081344
-596992
-162816
1430528
390144
405504
110592
552960
-282624
-1413120
1024384
397952
-1353216
-180224
176128
850176
-1831424
372736
532480
106496
159744
1130496
1507328
188416
1507328
282624
-1712128
-214016
-1712128
-321024
548864
68608
548864
102912
-393216
-49152
-393216
-73728
212992
212992
425984
106496
4096
9728
10752
-212992
-505856
-559104
303104
719872
-131072
-32768
-2470912
-2731008
1081344
743424
202752
671744
419840
-540672
-371712
-101376
-214016
-58368
-489984
-133632
-2555904
-1671168
-1398784
-387072
1167360
2023424
1323008
1494784
538880
-860160
-1490944
-974848
-1959424
-911872
153600
163712
792064
690912
200224
1291264
844288
848544
280672
484608
545536
564864
614912
250240
153600
2405376
1518592
1804800
-1977600
-20480
-612864
-562688
-607488
-680960
-367360
-143360
1272960
945984
1054976
1381952
239616
359424
1032896
1117952
-2172800
-633760
-616960
-544768
-622592
637952
729088
602112
688128
1634304
245760
245760
-100352
-114688
-272384
1179648
-425984
606208
524288
-119808
-92160
-150656
-372032
245760
425984
278528
1086464
-69120
-119808
-78336
-215968
1530880
-291840
-505856
-330752
-506816
-214592
-668160
-1158144
-757248
-749664
-244896
-1286400
-505600
-707712
-2125824
-1118208
-1406976
-2483200
-1686016
-1951744
-2748928
637056
437568
504064
703552
1733376
2036992
2092416
2264576
860800
530432
1994880
2355968
564864
684288
258048
3092992
1804800
2778112
523264
1244480
1456000
1592768
1344704
-286720
-2245120
-2673664
-3061248
-1674752
225792
1373120
1007808
1288064
777728
1112448
851968
212992
1507328
376832
-2247168
548864
137216
-393216
-98304
292864
79872
5120
6656
-266240
-346112
378880
492544
327680
425984
327680
-233600
-36864
576512
-108384
471040
-1453056
-1531520
-36864
-55296
-1607680
-163840
-229376
73728
110592
55296
232960
326144
760800
446976
223488
1192928
476160
2166528
1439744
-444672
-407808
-417536
-159488
-505344
248768
757120
260672
847488
837696
851968
532480
1507328
1036288
282624
-1712128
-1070080
548864
343040
-393216
-245760
346112
266240
417024
1029248
656640
106496
5120
115776
289184
120384
2048
-266240
-482560
-1193088
-722176
-106496
985088
644096
674368
230336
851968
557056
2951168
1619968
-479616
-275072
-336576
-407296
-353600
-46080
1234944
616448
789504
978944
947200
81920
-239808
-137536
-168288
-203648
-176800
-23040
2262656
2043968
2116864
2335552
706560
1059840
-816640
-1046528
-1736192
-49152
-73728
-442368
-1968128
-1665024
-1904640
-1523712
-1560576
-1867776
1611520
1894912
2100480
1589504
1100544
400128
-2045440
-2425856
-2748928
-1686016
-982528
-466432
703552
429888
637056
238080
583296
291840
2092416
2492160
1809408
2083584
2217984
2641280
2641280
1593600
1593600
2641280
1060864
909312
-2817792
-2817792
-850432
-850432
-2817792
-57344
-49152
-489216
-503552
-621824
-858368
-548352
-145152
708032
728000
945984
1381952
817024
228800
1373120
947840
947840
1373120
702464
602112
798720
1384448
905216
1224704
942080
1035776
2542336
-1391104
-1070080
-342080
-801696
-1305152
514560
891904
583168
592864
197920
-368640
-638976
-417792
-605696
-250368
1330944
776448
945024
348864
122688
179808
237440
-1700608
-1056640
-1271296
-1915264
896384
741824
793344
947904
3403776
1544192
2045952
2580480
2672640
-64512
-445760
-530304
-605632
114688
1111040
1325056
1522688
797696
-20736
-302816
-168288
-269760
-71424
529920
2335552
1985088
2262656
1825280
-57344
-1251840
-1498112
-1736192
-816640
-332288
-1454080
-1538048
-1587200
-1714176
2100480
2100480
1461760
1461760
-2748928
-2748928
-1420288
-1420288
340352
296896
304576
437568
703552
1803520
1864832
1923200
2150784
2605952
1978624
491520
92160
61440
157568
718976
599552
130816
114688
114688
917504
2062336
2778112
2605568
458240
149504
149504
-637952
-799232
-614656
-130816
79872
79872
638976
995072
1272960
1042496
208832
836992
100352
802816
1042688
1288064
946624
210496
947840
2404608
1197824
1883648
376832
-428032
567360
-783360
1685888
159744
239616
288160
2560
3584
-159744
-239616
-119808
189440
265216
731200
294912
147456
4134912
-142848
-507264
-175104
386048
238592
-90656
-49184
-128320
485056
1735552
-258560
-570368
-352768
-1968128
-1601536
-358400
-1572864
-294912
-196608
2100480
1422848
361216
1245184
233472
155648
-2748928
-802816
-688128
-114688
-114688
-917504
363392
112576
30720
30720
245760
481024
464000
350208
233472
580736
2605952
1749760
2641280
1406464
1212416
-2387456
-2817792
-1604608
-65536
-562688
-444416
-573440
1381952
735488
479232
777728
1003520
685952
2661888
1552896
1890048
2280448
1952000
266240
3389952
2307584
2684160
3154944
2353920
471040
-1347264
-1786688
-1797216
-1914752
-587680
-535040
790336
661024
704128
833440
205824
308736
-582144
-649216
-850432
-147456
-221184
119808
1685888
945024
1504000
412672
1410816
505856
293280
351680
409568
180064
63776
59168
-1406080
-1673984
-1915264
-1056640
-547456
-307840
947904
722880
896384
587264
763776
719872
2045952
3616768
507904
3502080
622592
-605632
-605632
-275072
-275072
-605632
-129024
-110592
1522688
1522688
616448
616448
1522688
229376
196608
-102176
-104480
-170592
-302816
-135232
-46880
1839296
1898176
2043968
2335552
1912192
426176
-1736192
-586752
-586752
-1736192
-114688
-98304
-1630208
-1904640
-1132544
-309248
-1650688
-1523712
-1966080
1600512
1972736
1438976
322304
1461760
1206272
1556480
-2748928
-1923072
-646144
-1967104
-2748928
-1492992
703552
496384
163712
498816
703552
381184
2492160
1613696
405632
2036992
1809408
2334720
1522432
739968
570624
1974784
2641280
-2375168
-422144
-795136
-1635328
-2817792
-455168
-259840
-175616
-666624
-858368
1002560
824512
499200
1381952
479232
776512
627200
1373120
602112
239616
3371776
1890048
3008000
423936
4425984
2684160
4002304
-749056
-1657760
-1935808
-2106848
-1850720
240128
644320
756032
833440
661024
471904
-110592
-850432
-569856
-783360
-380928
-697344
1685888
1685888
776448
121664
65056
65312
180064
-788736
-614016
-627328
-1056640
-1915264
947904
947904
690304
690304
947904
4134912
4134912
1544192
1544192
4134912
-147456
-27648
-18432
-102976
-605632
-402688
-150656
32768
32768
262144
954368
1341440
1383424
222208
-9216
-9216
-73728
-196736
-269760
-263648
-44576
235520
235520
1884160
1940224
2262656
1334592
367296
1971072
-16384
-131072
-1034240
-1506304
-1666560
-250368
-586752
-1572864
-1179648
-1034240
-1005568
1245184
1038848
672512
411136
-1795072
-667136
-646144
452736
174016
163712
1400832
1496960
1386112
1459200
151552
1212416
151552
833536
-65536
-8192
-16384
-28672
-458752
-57344
-315392
-172032
79872
159744
279552
506688
100352
200704
351232
480960
1916672
1029376
550144
1460224
3672576
1789952
-1668288
-2033152
670272
651776
833440
-466944
-850432
776448
1685888
372736
319488
53248
53248
425984
409568
7168
6144
1024
1024
8192
-828672
-294528
-425984
-79872
-53248
-321152
530432
454656
113664
75776
203072
458752
393216
65536
524288
2531328
-89152
-275072
-142848
-184320
-147456
616448
253952
327680
196608
-302816
-166784
-55296
1825280
2355200
849536
-980992
-98304
-1658368
-1728512
-1968128
-196608
-1572864
972800
2100480
933888
1245184
-716800
-2748928
-688128
-114688
703552
184320
30720
2605952
1400832
233472
466944
969600
2641280
303104
151552
303104
-1198848
-2817792
-16384
-8192
-16384
-306432
-858368
-114688
-57344
-114688
-401408
1381952
159744
79872
159744
559104
1373120
100352
200704
702464
3371776
3371776
1552896
1552896
3371776
745472
638976
4425984
4425984
2307584
2307584
4425984
1318912
1130496
-1669152
-1722656
-1850720
-2106848
-1733184
-385056
557664
574816
661024
833440
600768
146016
-850432
-515072
-515072
-850432
-344064
-294912
1100288
1504000
1459584
248448
776448
412672
532480
236672
352192
405216
58656
122688
7936
10240
-1915264
-1257984
-482560
-1460992
-1915264
-1058304
947904
774400
178816
555392
947904
490240
3616768
3856384
600064
1544192
507904
655360
-428928
-130624
-150656
-402688
-605632
1144832
295936
395264
970752
1522688
-214464
-65312
-75328
-201344
-302816
1216832
1188800
1472000
2335552
1413120
-1206784
-102400
-1736192
-98304
-393216
-688128
-632832
-1968128
-393216
311296
544768
733440
2100480
311296
-229376
-401408
-1055232
-2748928
-229376
168960
92160
496384
703552
1284096
700416
2206208
2605952
1060864
151552
2641280
2222208
757760
-36864
-795136
-2817792
-40960
-258048
-175616
-858368
-286720
359424
297856
1381952
399360
451584
270464
1373120
501760
851968
159744
106496
576768
3371776
2253824
834048
188416
188416
1507328
3013632
4002304
3625216
659200
-214016
-214016
-1712128
-1754240
-2042816
-1197280
-331552
68608
68608
548864
652672
790336
541856
128864
617920
-49152
-393216
-612352
-783360
-641536
-128512
-515072
425984
319488
1432960
1095808
8192
346048
60960
115776
-1381120
-401024
-482560
441728
316736
178816
393216
3823616
2820096
409600
-18432
-147456
-18432
-101376
262144
32768
65536
114688
-73728
-9216
-50688
-27648
235520
471040
824320
748608
-16384
-32768
-57344
-726528
-1572864
-294912
-393216
-884736
1245184
233472
311296
700416
-917504
-172032
-229376
-516096
245760
46080
61440
138240
163712
350208
466944
1050624
461056
1212416
227328
227328
985088
-65536
-12288
-12288
-53248
-24576
-57344
-57344
-57344
-315392
-344064
119808
119808
519168
239616
566592
100352
100352
551936
602112
1373120
2528768
3371776
1854464
851968
3154432
4425984
2401280
1507328
-1786688
-1658624
-2140160
833440
429696
411648
-380928
-491520
-488448
332800
1685888
319488
425984
53248
237184
409568
8192
1024
-1257984
-1915264
-425984
774400
947904
606208
75776
4134912
524288
65536
-55296
-402688
-605632
-147456
-27648
-36864
970752
1522688
262144
49152
65536
-201344
-302816
-73728
-13824
-18432
2057984
2335552
1884160
353280
471040
-1736192
-32768
-24576
-32768
-323584
-1968128
-983040
-1572864
-294912
411136
2100480
778240
1245184
233472
233472
-2748928
-2217472
-573440
-114688
-114688
-114688
703552
153600
30720
30720
30720
2378368
1167360
233472
233472
454656
1083264
2431744
1136640
1212416
1212416
-1204992
-2424320
-61440
-65536
-65536
-349440
-799232
-430080
-458752
-458752
1381952
619008
479232
638976
1288064
752640
802816
638976
2865920
2191616
665600
3371776
638976
3531008
2777856
1177600
4425984
1130496
-1090272
-1069216
-1337600
-2106848
-1284096
283232
154816
686976
833440
-239104
-183296
-636928
-850432
53248
292864
159744
1126912
1685888
1024
5632
3072
237184
409568
-53248
-292864
-159744
-1257984
-1915264
151552
265216
325056
947904
151552
229376
1701888
4134912
131072
-82944
-150656
-605632
-92160
229376
32768
1522688
1160192
163840
-9216
-302816
-236704
-46080
235520
2335552
2189760
1177600
-16384
-1736192
-1276416
-81920
-196608
-1081344
-1179648
-1968128
-1523712
-1179648
1011712
466944
850176
1972736
1167360
-745472
-344064
-1141248
-2483200
-860160
199680
92160
291648
637056
230400
1284096
1400832
2605952
1809408
1400832
1212416
454656
1288192
2603392
1765248
-65536
-24576
-69632
-2815744
-1241856
-143360
-315392
-329728
-858368
-372736
239616
678912
1361984
926016
250880
551936
577024
1373120
652288
851968
106496
212992
372736
1507328
188416
1036288
565248
-214016
-428032
-749056
548864
68608
377344
205824
-393216
-49152
-270336
-147456
-636928
53248
106496
372736
53248
1024
2048
7168
1024
-53248
-106496
-372736
-53248
75776
151552
530432
75776
65536
131072
458752
65536
4134912
-18432
-18432
-18432
-101376
32768
32768
32768
180224
-73728
-13824
-13824
-59904
-27648
235520
235520
235520
1295360
1413120
-24576
-24576
-106496
-49152
-738816
-1572864
-1572864
-1572864
-589824
1245184
1245184
1245184
466944
-917504
-917504
-286720
-630784
245760
245760
92160
261120
1867776
583680
1284096
1342464
227328
151552
303104
855936
1426560
-8192
-16384
-45056
-2383360
-20480
-57344
-114688
-263424
-439040
-143360
79872
159744
446784
744640
199680
1252992
200704
551936
786304
250880
1254400
1262976
1330944
3371776
212992
106496
212992
1694976
4425984
376832
188416
376832
-673632
-2106848
-428032
-214016
-428032
-1498112
833440
137216
68608
137216
480256
-850432
-49152
-98304
-344064
1685888
1322112
266240
53248
53248
409568
294816
5120
1024
1024
-482560
-1915264
-266240
-425984
-79872
-79872
947904
844864
378880
113664
113664
4134912
327680
98304
98304
425984
-110592
-605632
-142848
-110592
-147456
196608
1522688
253952
196608
262144
262144
-302816
-71424
-55296
-73728
-73728
2262656
1766400
1884160
1884160
-126976
-98304
-131072
-1130496
-1968128
-1277952
-196608
-393216
894976
2100480
1011712
155648
311296
-2720256
-1657344
-114688
-229376
703552
199680
61440
168960
2092416
233472
466944
378880
2393856
2641280
681984
1212416
530432
1439744
-2422272
-2817792
-36864
-65536
-61440
-1204992
-784896
-372736
-458752
-430080
-349440
1252992
519168
638976
599040
566592
1093248
652288
802816
752640
556224
1062272
745472
106496
3371776
2644224
532480
847872
1035776
4425984
942080
-963072
-342080
-2106848
-1070080
308736
154816
833440
343040
-221184
-183296
-850432
-245760
79872
346112
159744
705408
1504000
399360
1024
5632
6144
409568
7936
6144
-292864
-319488
-1915264
-412672
-319488
416768
454656
947904
587264
454656
196608
1751040
3616768
491520
-147456
-46080
-101376
-105984
-605632
-119808
81920
180224
188416
1522688
212992
-27648
-78336
-300512
-168288
588800
1295360
1354240
2335552
1530880
-49152
-139264
-1732096
-812544
-393216
-485376
-808960
-491520
-1855488
-1968128
-884736
616704
1027840
389120
1933824
2100480
700416
-969216
-1615360
-286720
-2454528
-2748928
-516096
483456
76800
384000
629376
199680
691584
1152640
583680
2433792
2605952
1050624
1921408
1919104
2222208
2338176
1689472
2012672
1363968
-2778880
-2014464
-2030848
-2801408
-1237760
-1637376
-73728
-670208
-711424
-680960
-684544
-607488
-491008
-200704
1124032
1054976
1113216
926016
737152
279552
1203008
1172416
957632
1117952
903168
851968
159744
159744
692224
1507328
282624
282624
1224704
565248
-214016
-214016
-214016
-1177088
-1284096
102912
102912
445952
205824
335136
-49152
-49152
-270336
-294912
-850432
425984
425984
133120
292864
8192
8192
2560
5632
-425984
-425984
-159744
-452608
606208
189440
416768
435712
524288
196608
557056
4118528
-18432
-36864
-101376
-447360
-46080
32768
65536
592896
988160
81920
-18432
-50688
-223680
-23040
-115200
471040
1295360
1085056
588800
2944000
-16384
-32768
-714240
-1190400
-40960
-1502208
-393216
-1572864
-1474560
-780288
-1462272
-1742848
-1777664
1245184
544768
1478656
1361152
1533696
1844992
1789184
-917504
-860160
-1141248
-2225152
-2160128
-1951744
-2253824
245760
230400
291648
567936
555200
504064
575616
429888
817152
2217984
1496960
1911424
2378368
2139008
1975680
2264576
151552
1080960
2641280
2641280
2641280
1555712
-16384
-1993984
-2815744
-848384
-1635328
-2817792
-1243904
-57344
-388864
-858368
-858368
-858368
-548352
-858368
79872
568256
1381952
1381952
1381952
817024
1381952
1381952
751424
1348032
922752
1092864
1373120
1032896
752640
1373120
638976
3371776
825344
638976
851968
1130496
4425984
1460224
1130496
1507328
1507328
-2106848
-1658624
-1284096
-1712128
-1712128
790336
514560
548864
548864
-380928
-294912
-393216
306176
1685888
346112
53248
106496
5888
409568
6656
1024
2048
-1901952
-1043328
-53248
-106496
947904
492544
151552
416768
2045952
65536
131072
-46080
-534912
-605632
-82944
-147456
-64512
-175104
1333248
1522688
147456
262144
245760
642048
-267456
-59904
-73728
-69120
-126816
2203776
1530880
1884160
1766400
925248
1732736
-106496
-131072
-122880
-738816
-1469440
-1511424
-1665024
-1404928
-688128
-196608
-1193984
1472768
1717248
1400832
311296
1144576
2061568
-1657344
-1276928
-401408
-1701376
-2720256
-1391616
332672
107520
432320
695872
363392
1745152
817152
1327744
2547584
1978624
2206208
1136640
2641280
1406464
151552
2641280
2641280
-2817792
-842240
-36864
-2817792
-2817792
-858368
-505344
-258048
-858368
-858368
-844032
757120
359424
1381952
1381952
1361984
847488
451584
1373120
1373120
1348032
992512
851968
319488
905216
3345152
1890048
1507328
565248
1601536
4378880
2684160
-535040
-1177088
-1230592
-2106848
-1391104
205824
583168
816288
643872
-122880
-270336
-282624
-850432
-319488
292864
1237760
133120
665600
1490688
346112
5632
347072
2560
12800
351936
6656
-292864
-1434368
-133120
-665600
-1687296
-346112
268224
447040
189440
877440
947904
340992
3289088
163840
819200
3600384
425984
-253632
-498048
-464192
-407296
-502656
-336576
-252032
-64512
1267712
1143808
978944
1275904
789504
575488
114688
-218272
-236704
-284384
-163680
-203648
-82944
1718720
2189760
1864512
1867328
2116864
2119680
-1268224
-1046528
-1473536
-812544
-566272
-57344
-1601536
-1728512
-1968128
-1714176
-1474560
-1968128
-991232
1422848
1678336
2100480
1589504
1167360
2100480
1094656
-2748928
-2748928
-1391616
-2748928
-2748928
-1305600
-516096
703552
363392
703552
703552
340352
138240
2605952
2150784
1751040
2605952
1330688
2641280
2108544
1555712
2641280
1174528
2222208
2641280
1214720
-2815744
-1627136
-850432
-2817792
-2817792
-456960
-1241856
-49152
-609280
-562688
-858368
-858368
-503552
-607488
-344064
817024
1381952
619008
1163968
1381952
637312
922752
1373120
777728
1203008
1373120
696960
159744
106496
212992
1251072
2085120
188416
376832
1036288
3060224
471040
-214016
-428032
-513120
-855200
-535040
68608
137216
232224
387040
171520
773184
-98304
-270336
-537600
-122880
-614400
-771072
425984
186368
505856
1432960
1215616
1322112
1579392
8192
7680
175200
349888
294304
237440
350144
-186368
-505856
-1662336
-1379456
-1485952
-1808768
-1016704
265216
719872
587968
693312
844864
796352
684992
524288
491520
1751040
3469312
3065856
2580480
3485696
2045952
-36864
-390464
-601024
-270464
-402688
-605632
-341184
32768
369664
1522688
1522688
1522688
608256
1522688
-195232
-300512
-135232
-201344
-302816
-170592
-69120
1129920
2276672
1912192
2057984
2335552
2043968
1766400
-16384
-324096
-1736192
-1736192
-1736192
-582656
-1736192
-1736192
-196608
-1968128
-1968128
-1918976
-1531904
-1650688
-1968128
2100480
2100480
2061568
1522688
1461760
2100480
-2290176
-1628672
-2748928
-2131456
-1391616
-2748928
-888832
580672
422208
703552
547520
363392
703552
238080
570560
2605952
2605952
2547584
1972736
2036992
2605952
2605952
1923200
681984
2641280
1308288
1426560
1747456
2641280
-45056
-2030848
-2817792
-838144
-1979648
-2420224
-1237760
-258048
-858368
-474880
-439040
-580608
-858368
-770560
359424
1381952
688064
744640
915200
1381952
1233024
804544
1373120
812608
676160
942336
1373120
1237888
751424
266240
2981376
3371776
479232
851968
372736
1011712
3955200
4425984
847872
1507328
1413120
1836288
-1989312
-1391104
-1712128
-1605120
-834144
773184
445952
548864
514560
335136
635968
-319488
-393216
-368640
-348672
-672768
1397504
945024
709888
186368
53248
488064
179296
237440
9216
2048
290208
409312
-1043328
-775424
-186368
-1246336
-1901952
-828672
595584
265216
503872
928960
671360
1462272
229376
2803712
4118528
1527808
2564096
-138240
-605632
-333568
-18432
-605632
-605632
1522688
583680
147456
1522688
1522688
-302816
-128320
-41472
-302816
-302816
-300512
1735552
1059840
2335552
2335552
2276672
-570368
-73728
-1736192
-1736192
-1732096
-1026048
-1968128
-1587200
-1665024
-1179648
-884736
-1968128
-1488896
1844992
2100480
1072640
856064
1844992
2100480
1228288
-1154560
-1657344
-688128
-2217472
-2748928
-1248256
304576
429888
184320
570560
703552
324992
2605952
1453312
2378368
2605952
1686784
919168
1901312
1118848
1136640
1671680
1667072
2184320
2431744
-2395648
-442624
-61440
-1618944
-65536
-1241856
-2817792
-482048
-858368
-858368
-630784
-725760
-799232
-446208
588224
599040
875264
1144000
1272960
648128
777088
752640
892160
1007808
1373120
982720
1077568
2865920
2431232
2644224
3158784
1836800
2280448
958464
3531008
3201792
3578624
4049152
2589952
3154944
1695744
-1561280
-1871776
-1914752
-1614784
-1797216
-1519168
-749056
712928
704128
653120
643872
532160
240128
-716288
-752128
-545280
-649216
-442368
1685888
1685888
1685888
763136
1685888
1685888
723200
239616
409568
409568
122432
409568
409568
121664
4608
-1257984
-1915264
-1056640
-399360
-1915264
-1058304
774400
947904
741824
568320
947904
490240
4134912
1527808
4134912
4134912
1478656
294912
-601024
-384256
-275072
-605632
-605632
-208960
-336576
-110592
1135616
608256
1522688
253952
1160192
1522688
534528
-229792
-135232
-302816
-71424
-236704
-302816
-114496
1822464
1971072
2335552
2335552
1898176
1985088
1413120
-586752
-1736192
-1736192
-356864
-812544
-98304
-808960
-1433600
-1968128
-1806336
-956416
-1968128
-1968128
1027840
1444864
2100480
1894912
1144576
2100480
2100480
-1500672
-2425856
-1600000
-2081792
-953856
-860160
-1693696
450304
703552
621696
432320
703552
703552
1856000
2605952
2375424
1327744
2605952
2605952
1232512
1479936
1974784
2641280
1388672
2090752
2565504
-1239808
-2020608
-1243904
-2813696
-81920
-2815744
-1241856
-668416
-621824
-829696
-573440
-844032
-607488
1035008
1381952
724672
1093248
1342016
1092864
1373120
651072
1062272
1322944
212992
2164992
3345152
1526272
2253824
3371776
1916672
188416
1507072
4425984
4425984
4425984
2260480
4425984
-1015712
-2053344
-1733184
-1861248
-2106848
-1850720
-1605120
438496
816288
600768
686976
833440
661024
514560
-49152
-349696
-850432
-850432
-850432
-502784
-850432
-850432
53248
1685888
1685888
1672576
1073664
776448
1685888
409568
409568
409312
236160
122688
409568
-1702272
-1030016
-1915264
-1446016
-828672
-1915264
-412672
644800
703936
947904
788032
671360
947904
587264
844864
4134912
4134912
4118528
2498560
1544192
4134912
4134912
1026048
-82944
-605632
-199744
-376640
-375040
-605632
180224
1160192
1522688
567296
955392
1325056
773120
-41472
-302816
-99872
-188320
-187520
-302816
-265152
1059840
2335552
1780416
953280
1704704
2335552
2144896
1129920
-1736192
-348672
-1190400
-1017856
-1736192
-1498112
-1202688
-589824
-1572864
-1665024
-1968128
-1615872
-1595392
-1714176
-1869824
1245184
1550592
2100480
1511680
1650432
1589504
2022656
-1261568
-2188800
-2483200
-1039872
-1334272
-1923072
-2748928
-1586688
562880
637056
273856
348032
496384
703552
401600
2092416
2605952
2034048
2086528
2150784
2489216
2334720
1805440
2641280
2641280
2222208
2641280
1121152
-16384
-1243904
-2028800
-848384
-850432
-2016512
-1194752
-582400
-858368
-858368
-740096
-858368
-363776
-516096
944320
1381952
1381952
1163968
1381952
586560
718848
927040
1373120
1373120
1203008
1373120
581312
903168
301056
798720
3371776
1854464
106496
3371776
3371776
4425984
2119168
847872
4425984
4425984
-2106848
-1572672
-963072
-2106848
-2106848
-2053344
549312
308736
833440
833440
816288
-465920
-221184
-850432
-850432
-838144
-587776
1685888
594560
945024
319488
239616
1685888
567936
294816
409568
120128
5632
294816
409568
121152
-627328
-1043328
-319488
-1485952
-1915264
-762112
638784
722880
454656
844864
947904
576640
4134912
1380352
3098624
4134912
1445888
2689024
-475008
-176704
-138240
-365824
-202752
-468800
-539520
1226752
377856
245760
905216
262144
789504
1522688
-195232
-302816
-302816
-101376
-234400
-269760
-95264
1486016
1766400
1586944
2130880
2262656
1662656
1794432
-122880
-1009664
-812544
-1736192
-808448
-1255936
-1966080
-1918976
-1665024
-1300480
-1968128
1556480
2061568
1550592
1416960
2100480
2100480
-2225152
-2691584
-229376
-1686016
-2188800
-1391616
567936
688192
61440
437568
562880
363392
1966848
2489216
1736320
2605952
2605952
2378368
1363968
454656
2641280
1818624
570624
1328384
-8192
-2373120
-2399744
-24576
-2795264
-45056
-172032
-858368
-172032
-700672
-315392
239616
1381952
239616
1162304
439296
835328
1373120
301056
1097152
551936
841984
3371776
2564352
1526272
3371776
825344
2644224
3371776
1286656
4378880
2919424
2307584
4425984
4425984
1883904
2684160
1130496
-1647232
-1786688
-2106848
-2106848
-1722656
-1797216
-1284096
600768
833440
531712
747232
833440
446400
-502784
-850432
-380928
-716288
-850432
-392192
696576
989312
1477376
918400
1317632
501376
399360
1020416
288416
351680
179296
348608
63520
7680
235136
-1178112
-1915264
-1673984
-1246336
-1915264
-1915264
371264
858496
684992
631168
506176
568320
622848
3584000
2013184
3387392
911360
491520
2433024
-331968
-450368
-341184
-596416
-184320
-601024
-336576
591872
970752
1522688
979968
1267712
1506304
-130624
-201344
-302816
-186016
-249024
-298208
1895360
2043968
2217792
2355200
2276672
1985088
-816640
-1728000
-163840
-1732096
-812544
-1601536
-1650688
-1497088
-534528
-196608
-675840
-1314816
1844992
2100480
889088
1400832
466944
2100480
-2217472
-2748928
-1169920
-1032192
-344064
-2748928
371072
516800
253248
30720
445056
544896
1969792
749952
233472
1032960
1791744
2300288
1027584
757760
454656
1212416
151552
-1614848
-8192
-24576
-20480
-57344
-523264
-57344
-172032
-143360
-401408
535808
399360
239616
638976
79872
501760
301056
802816
100352
479232
3371776
1135872
2085120
2094080
3371776
1036288
3578624
4425984
2024960
2401024
3908096
2589952
-963072
-2106848
-1615648
-855200
-1540224
-2106848
-1935808
308736
833440
540512
387040
584064
833440
756032
438496
-850432
-423424
-458240
-563200
-850432
-758784
-495104
159744
425984
945024
1685888
931712
1255552
958336
1659264
8192
179808
409568
179552
293536
180064
409056
-585728
-1472640
-1700608
-574080
-802048
-1257984
-1915264
-1193088
825920
896384
563008
633472
774400
947904
428096
2045952
4134912
2029568
3016704
2062336
4102144
655360
-422720
-605632
-605632
-473408
-605632
-258240
65536
797696
1152000
608256
616448
1102848
601088
-211360
-302816
-302816
-236704
-302816
-129120
-82944
1542080
2335552
2335552
2189760
2335552
984128
2119680
-1231360
-1736192
-1736192
-1276416
-1736192
-742912
-147456
-49152
-589824
-1427456
-1081344
-1236992
-196608
-589824
1867776
411136
1189376
1750272
705536
778240
466944
-646144
-1219584
-2490880
-1206272
-573440
-344064
163712
317312
634432
304384
153600
92160
700416
1963904
1284096
1622528
233472
700416
583680
1060864
378880
454656
-57344
-20480
-24576
-32768
-344064
-458752
-200704
479232
638976
279552
399360
250880
301056
401408
2954752
2164992
3371776
3371776
319488
851968
1890048
3371776
2730752
4425984
4425984
2072576
3531520
4002304
1695488
-1348128
-1605120
-1433216
-1712128
-1797216
-2106848
-1743712
833440
833440
548864
643872
833440
626720
-850432
-850432
-704000
-783360
-398848
-478208
1029248
1384192
1659264
106496
958336
1308800
349888
409056
2048
180064
294560
-532480
-1901952
-1043328
-1339520
-1915264
-1915264
757760
928960
722880
636480
947904
947904
844864
4118528
2045952
2062336
3082240
1527808
1544192
-18432
-424320
-484224
-55296
-554944
294912
98304
1522688
393216
395264
559104
-9216
-212160
-242112
-75328
-121408
-282080
790656
1556096
381312
1558912
1805632
-1403904
-1457152
-476160
-558080
-1699328
-940032
-1572864
-196608
-1376256
-491520
1245184
155648
933888
1245184
-917504
-114688
-688128
-917504
215040
184320
245760
1867776
233472
583680
700416
757760
757760
303104
-40960
-40960
-16384
-286720
-286720
-716800
199680
159744
359424
501760
451584
1863424
2511104
1916672
3318528
1064960
3345152
1890048
2166272
3107840
4425984
2542336
3578368
4331776
-1626176
-1861248
-2106848
-801696
-1561280
-1999840
661472
661024
799136
686080
816288
643872
-582144
-825856
-491520
-838144
-569856
763136
776448
1228928
638848
53248
1171200
1344256
294816
409568
175456
9216
3072
409568
-1485952
-1915264
-817024
-479232
-159744
-1915264
690304
712256
287168
75776
422784
669056
2983936
1669120
65536
3207168
3420160
-564160
-287488
-92160
-55296
-147456
-18432
888832
32768
98304
81920
229376
-178304
-9216
-27648
-23040
-64512
585984
1177600
706560
1884160
235520
-81920
-49152
-131072
-16384
-589824
-786432
-491520
466944
622592
389120
-344064
-458752
-286720
107520
153600
153600
933888
583680
681984
833536
151552
-36864
-45056
-8192
-258048
-458752
-200704
439296
79872
451584
802816
351232
2351360
3371776
3371776
2644224
3371776
1437440
376832
2731264
3531520
2260480
2307584
3248896
1600768
-1390240
-2106848
-2106848
-1978784
-2106848
-887648
-1926144
558560
833440
833440
747232
833440
352288
617472
-581120
-850432
-850432
-716288
-850432
-360960
-442368
-147456
159744
1539456
292864
993792
53248
159744
12288
115776
120896
407264
230784
5120
3072
-482560
-748800
-1795456
-925184
-266240
-159744
178816
557696
777408
300800
378880
227328
196608
3954688
360448
2400256
65536
196608
163840
-129024
-46080
-55296
229376
81920
98304
131072
-55296
-73728
-32256
1413120
1884160
824320
1177600
-40960
-49152
-65536
-1376256
-2457600
-884736
1089536
1945600
700416
1245184
-1433600
-516096
-917504
384000
138240
245760
1050624
1284096
233472
106496
2342400
2688512
319488
3078912
1695744
565248
4425984
2260992
1035776
1977856
-214016
-705216
-1400768
-342080
-1412160
-1625312
361536
584512
154816
497856
679072
-476160
-635904
-183296
-429056
-739840
-329728
425984
53248
372736
133120
8192
1024
6144
8192
-425984
-53248
-319488
-425984
530432
454656
606208
524288
65536
163840
196608
-92160
-92160
-36864
163840
163840
65536
-46080
-46080
-115200
588800
471040
1059840
-81920
-73728
-196608
155648
-114688
30720
817152
3132160
1588224
532480
319488
851968
106496
2636800
188416
565248
471040
1318912
-1326208
-214016
-642048
-535040
-1498112
258176
343040
205824
548864
68608
-245760
-147456
-393216
-49152
159744
212992
133120
3072
4096
2560
-159744
-212992
-133120
265216
378880
378880
262144
163840
-82944
-101376
-18432
147456
180224
32768
-41472
-73728
-32256
1295360
235520
-73728
-131072
-57344
745472
266240
319488
1318912
471040
565248
753664
-1284096
-1712128
-749056
411648
548864
240128
343040
-122880
-147456
-196608
372736
665600
239616
7168
12800
4608
8192
-665600
-239616
-425984
947200
340992
606208
294912
360448
65536
532480
532480
212992
479232
585728
106496
942080
942080
376832
847872
1036288
188416
-1070080
-1070080
-2675200
-963072
-1712128
-749056
343040
857600
308736
548864
240128
-245760
-221184
-270336
28672
573440
1433600
516096
917504
401408
-1111040
-999936
-1222144
-222208
-458752
-200704
-688128
817152
476672
46112
486728
-149082
-170067
3199
-942914
-1193352
38808
-187070
198248
-1758720
486728
-149082
-170067
-108765
1365588
-264312
945448
-29882
1274396
34697
-579776
87236
87844
609
6867
1991424
-959632
134301
101179
-38291
-1971
-1296320
-34721
12800
88087
177632
214272
-81709
6538
121976
-542276
-1653504
413
-64000
5776
93236
62208
330
156586
78460
-44492
-125452
-716744
7861
390852
-2785536
1469824
-49920
1361640
128014
-3643
-142042
-1220576
-1519744
1923584
-1113568
-79900
1722656
-515008
140240
-1570512
-179984
-134936
-2542272
2796288
-1811008
78914
46112
3174
-37113
-297856
-63928
-235520
-142680
-262688
-4320
-1107476
-740416
81496
-37113
-297856
-63928
-235520
-142680
-262688
136676
-30720
-80272
32384
394284
-161956
-961128
1381452
496200
-1573848
494000
-74880
215360
883082
655912
-8675
-7200
-1233008
3028480
-1341552
-14675
148956
-31932
-74104
-140252
-2947
-8141
-111624
157792
-684612
4574
114106
171947
-2137
-11614
-211533
174243
22264
-133058
63118
94080
130592
154498
35441
-8451
-124737
139690
40524
-108014
103855
46080
84478
137281
21595
-21482
-341096
-1327360
52552
-127668
-59138
-1894112
461088
-107056
76815
-160882
-232688
-1912256
242480
-186832
299427
1149980
932924
-210744
580622
-1343284
-43548
-1896128
-74840
270368
-1164080
-481064
-173916
1388
223
387228
230
-179558
2443
-27158
263824
-1158048
-1321056
-6188
414
836304
69692
49140
5642
-82395
866576
-106825
-172887
180467
-1332352
-1280544
546
90460
166466
90487
1479056
-496600
-3499520
-114043
998744
159612
-6043
2171680
385056
-441120
-478416
-1928528
-1928960
909122
1214512
191178
-1467980
-114514
209776
-91917
-1136448
-966600
143
-3854
-132108
149101
35100
394384
-25726
566032
1540128
-66167
106
-4090
78192
540520
-1228472
25542
31460
-646
53033
9159
7355
-6058
9621
-19155
98367
-3815
1666688
102988
-120528
89280
-49860
2045440
1571168
-8715
4193
184806
-113273
127698
4177
105915
-5646
129120
1546088
2682
112190
-93381
-669408
-46716
809
57672
117956
-36018
-7
-56744
83502
-132458
-911952
-93990
455
-65599
160688
86720
151312
-76644
98507
-88650
145294
44583
-66754
-85269
117888
28180
185224
-42212
-3853
23705
9094
-1510472
42096
281576
523550
-1754
-1975220
103698
290620
-1121184
13064
-4376
-22724
56742
752624
-109955
-1098556
30595
75231
-188326
13329
83693
-2519
55496
985240
-122556
14361
-60623
2607
-87487

-2343920
123988
7316
85763
1944
-85358
-355856
21766
-144148
191196
-2029440
128412
290
165033
64324
78729
-1625344
-946208
-74386
-1712672
-175674
-133805
-637396
-469056
-664696
-1050472
-2540928
-1597888
81178
824776
-196572
-541966

-1291200
2534912
115642
225998
1395648
-38772
-124352
-622236
2498136
1886304
-66342
1144704
-616698
580834
685120
-53659
-1068496
-145792
-935032
428688
-136420
-14086
-9634
35936
-3181
-5657
24781
4871
-14730
20847
-4531
-709568
-414178
-2620160
-1054352
-1633
-131772
-10572
77823
-59850
-7028
-40111
-52679
-111152
-638972
456
-88202
-15461
126102
141330
-103480
1247712
6378
-63150
103358
4722
-48120
-42837
154194
375084
-66998
731968
-50811
-90711
63816
-297
-82858
-108112
-158542
160697
72098
-64457
233922
3168
22007
88017
-103044
-100848
-79710
219329
82343

-410255
-354
-140920
-61958
-5230
-204522
-348160
-440264
-1165312
-214928
-1125400
-111384
-780672
-500784
-56097
113932
53383
1166412
599344
114492
-921528
-140
34816
-164748
-1900704
-1175480
814536
14167
18091
8252

-4039
-85051
1142592
111760
-128780
-328984
1693120
1765440
-281
-89670
-127459
73649
1976640
736640
4350
-1017576
2133120
2077184
44250
-1328856
-130636
3178
2063712
1432064
-556000
-942512
1499080
1576192
-1383004
-1487664
-174018
1526248
-53328
-99133
2049040
-86200
3023440
117792
694128
662676
-713084
779328
-101944
-5541
911496
-71760
110412
-1160704
933600
-119839
-481072
1301568
-1009920
295760
-1177224
416620
-38562
91833
819552
1493552
-1011584
2593728
1104768

99846
574664
-251556
207952
-683696
102276
700416
-761200
-1724712
-817440
150714
-69392
467131
128338
-33790
15414
47368
-12050
-6440
78632
-55300
-141580
-100000
136718
-47245
-104041
75988
-13503
-7716
138504
-108040
8853
-80049
-87264
-180052
-76201
132540
91288
115330
-104632
92575
46218
-40024
-25554
-180394
-29177
57825

-128949
-115344
-24114
33695
5568
-15874
3100
-58368
21291
-143044
-114220
-105786
-54966
-1118
-7223
-3724
-1318368
76490
10161
64808
-112740
-185480
1041900
472240
1809
-45990
12261
-13675
545336
-7075
5565
-186384
-1084552
-1616696
8753
-31855
-4136
-103211
311304
-6219
-70786
-436296
-538688
-2072424
353
-60284
-125623
89169
-686704
-645120
-1285552
1493072
-11820
-951416
-1778208
-14559
-2215600
-780536
-541780
-286720
-1908160
974528
-15982
-2535040
117890
-252884
1720464
-454093
200008
656008
-585482
-2117472
-79026
-1195168
-1114440
-621132
1560432
-613394
-493334
102324
-59154
1386240
-1787136
-658872
794696
1565232
-408848
90756
1036792
70001
1166096
1236480
-1271008

4508
26310
-1559504
-1559840
-1613568
-4547
-246124
-728
-24872
549696
-9692
32838
125182
-2544960
-41928
37460
-157026
-161192
-1173544
1481
48081
139372
73591
62401
32596
-51236
-440076
-92770
-722160
-22460
80778
125118
133161
-107894
131602
-4046
164688
220530
73593
33768
90310
44349
143683
-92024
103788
68426
128544
7.220519

93024
-4945
-28386
64815
193020
-46194
18315
54394
11856
10094
113856
-4437
-26850
149532
-6863
49260
-1037064
61497
-474522
-1409344
91210
2784
-4704
-60262
-245912
-862068
-571998
-5889
-27252
9062
-16475
59010
-581162
-756224
-123486
770216
-3824
681768
-2614368
175610
-2004864
-117144
-572696
-71680
107489
1189456
-19962
41553
1079640
61820
-21005
-3672
141720
98921
817856
1078872
-160736
422632
1079640
61820
-14086
-4114
-64668
6238
-6427
45541
-18778
-2147
-84595
-6183
-709568
818176
-1016040
147217
-103734
-141120
1487968
-852384
-1066640
11181
-1240536
-833248
-7398
148032
-209232
259648
-110464
212546
81226
-49863
-76956
-121328
9127
90984
-7007
27080
-11953
-505320
33954
-91236
26112
-127496
-24551
-215
-151868
511712
-48273
-668380
85917
-64457
54400
-7835
96324
-523692
-99801
129282
-140692
445
56130
33463
-47808
199196
20772
-623116
-91184
1756512
-1038336
21383
89382
1213192
771328
529752
1927040
59640
102179
-7636
54200
-700184
59908
-50092
111888
56094
69440
1188320
3508
-627804
-1017240
7733
-440416
39168
-3044448
956988
-902620
1429728
154072
-817472
-2089760
-75740
-88498
54400
82505
1664256
-1967264
125100
185412
-114068
10627
-13053
-64113
-33632
48001
101688
-1020292
2119
70074
-169496
-24388
-8960
-160498
-35752
82896
114952
105600
-6272
5648
83696
-1717
-9706
-127514
-68704
-13673
175712
-27895
78175
143134
-38567
-31573
52332
-1608924
577200
48836
55098
-169932
-1944652
196768
104224
-12070
-1663368
115559
104744
-704424
-449116
58864
63044
-632
88970
5989
8011
4409
12975
18635
47231
-6412
2787968

-1179168
63540
-184548
-238942
-21954
40319
22093
-67956
119553
33440
-64504
6262
-154917
-264722
-33162
25590
36200
-64892
130005
61984
-125936
-382
-205569
-241494
-76770
20550
37797
-43369
132007
54912
-94112
6510
422
-14878
-233320
157321
400038
82784
281830
17447
8332
-54381
-125634
-7983
-222648
107265
393046
86224

65376
3502
-3711
-153594
-1810840
36624
19663
325969
