-258.250000 0.000000
-578.000000 0.000000
2098.000000 1.000000
870.500000 0.000000
-379.250000 0.000000
-666.500000 0.000000
-478.500000 0.000000
-586.000000 0.000000
95.000000 0.000000
-446.000000 0.000000

1295.000000 1.000000
-439.000000 0.000000
375.250000 0.000000
-115.375000 0.000000
38.593750 0.000000
301.500000 0.000000
-50.906250 0.000000
-257.750000 0.000000
-222.625000 0.000000
-341.500000 0.000000

-453.750000 0.000000
7.640625 0.000000
-305.250000 0.000000
147.500000 0.000000
435.250000 0.000000
-341.750000 0.000000
-607.500000 0.000000
-300.750000 0.000000
452.000000 0.000000
507.500000 1.000000

417.250000 1.000000
-518.000000 0.000000
-11.367188 0.000000
155.625000 0.000000
176.625000 0.000000
-242.625000 0.000000
-175.500000 0.000000
-525.000000 0.000000
152.375000 0.000000
227.375000 0.000000

-482.000000 0.000000
51.906250 0.000000
230.625000 0.000000
1804.000000 1.000000
-929.500000 0.000000
109.000000 0.000000
-678.000000 0.000000
-405.250000 0.000000
585.500000 0.000000
-433.750000 0.000000

-122.000000 0.000000
-416.250000 0.000000
-362.500000 0.000000
279.000000 0.000000
80.625000 0.000000
-608.000000 0.000000
-510.000000 0.000000
667.500000 1.000000
200.875000 0.000000
444.750000 0.000000

2230.000000 1.000000
-457.000000 0.000000
283.250000 0.000000
-167.625000 0.000000
-518.000000 0.000000
-284.500000 0.000000
99.937500 0.000000
-590.000000 0.000000
-60.406250 0.000000
-242.875000 0.000000

-655.500000 0.000000
-170.000000 0.000000
-121.687500 0.000000
1807.000000 1.000000
-378.000000 0.000000
-110.812500 0.000000
-1090.000000 0.000000
-651.000000 0.000000
768.500000 0.000000
126.000000 0.000000

1651.000000 1.000000
-294.500000 0.000000
464.500000 0.000000
-229.375000 0.000000
-269.250000 0.000000
51.437500 0.000000
-156.750000 0.000000
-318.750000 0.000000
-306.750000 0.000000
-126.500000 0.000000

-861.000000 0.000000
-171.375000 0.000000
-204.000000 0.000000
1617.000000 1.000000
-357.750000 0.000000
226.750000 0.000000
-762.000000 0.000000
-557.500000 0.000000
601.500000 0.000000
126.375000 0.000000

-704.000000 0.000000
-375.750000 0.000000
-753.000000 0.000000
975.000000 0.000000
-573.000000 0.000000
1130.000000 1.000000
-553.000000 0.000000
-759.500000 0.000000
737.500000 0.000000
449.250000 0.000000

-2.974609 0.000000
-51.687500 0.000000
320.250000 0.000000
628.500000 1.000000
-459.500000 0.000000
-462.000000 0.000000
-824.000000 0.000000
434.750000 0.000000
438.500000 0.000000
-56.656250 0.000000

-900.500000 0.000000
-18.375000 0.000000
-730.000000 0.000000
250.125000 0.000000
1063.000000 1.000000
-486.750000 0.000000
-813.000000 0.000000
64.437500 0.000000
453.500000 0.000000
364.250000 0.000000

2332.000000 1.000000
-583.500000 0.000000
258.250000 0.000000
-516.000000 0.000000
-457.250000 0.000000
-44.093750 0.000000
78.375000 0.000000
-104.500000 0.000000
-213.625000 0.000000
-50.187500 0.000000

-164.875000 0.000000
-207.750000 0.000000
-602.500000 0.000000
-582.500000 0.000000
1369.000000 1.000000
-622.000000 0.000000
212.500000 0.000000
-190.875000 0.000000
272.750000 0.000000
272.500000 0.000000

38.875000 0.000000
-432.250000 0.000000
-83.625000 0.000000
1249.000000 1.000000
-268.250000 0.000000
460.750000 0.000000
-1208.000000 0.000000
-775.000000 0.000000
828.000000 0.000000
-134.625000 0.000000

-227.250000 0.000000
-248.000000 0.000000
24.468750 0.000000
1335.000000 1.000000
-497.000000 0.000000
461.250000 0.000000
-716.000000 0.000000
-381.750000 0.000000
362.000000 0.000000
23.859375 0.000000

-247.250000 0.000000
567.000000 1.000000
-154.125000 0.000000
0.945801 0.000000
175.125000 0.000000
-270.000000 0.000000
-222.375000 0.000000
-41.093750 0.000000
173.125000 0.000000
-246.250000 0.000000

-871.000000 0.000000
304.750000 0.000000
-757.500000 0.000000
390.000000 0.000000
761.500000 0.000000
-383.000000 0.000000
-1788.000000 0.000000
-413.500000 0.000000
702.000000 0.000000
1145.000000 1.000000

1790.000000 1.000000
-618.500000 0.000000
25.750000 0.000000
-403.500000 0.000000
-395.750000 0.000000
-158.125000 0.000000
234.500000 0.000000
-71.625000 0.000000
47.750000 0.000000
-42.531250 0.000000

-45.218750 0.000000
15.500000 0.000000
-590.000000 0.000000
-189.750000 0.000000
411.500000 0.000000
-137.000000 0.000000
-1035.000000 0.000000
-140.750000 0.000000
226.500000 0.000000
932.500000 1.000000

-197.125000 0.000000
789.000000 1.000000
-234.750000 0.000000
170.000000 0.000000
74.000000 0.000000
-410.000000 0.000000
-416.500000 0.000000
25.281250 0.000000
134.000000 0.000000
-292.500000 0.000000

-122.812500 0.000000
541.000000 1.000000
-181.625000 0.000000
4.667969 0.000000
-22.640625 0.000000
-886.500000 0.000000
-330.750000 0.000000
103.062500 0.000000
498.750000 0.000000
-278.250000 0.000000

171.375000 0.000000
-218.250000 0.000000
-403.250000 0.000000
-114.812500 0.000000
-651.500000 0.000000
894.500000 1.000000
75.625000 0.000000
-194.375000 0.000000
511.250000 0.000000
-270.750000 0.000000

-36.781250 0.000000
-140.875000 0.000000
-216.625000 0.000000
813.500000 0.000000
-473.250000 0.000000
-198.125000 0.000000
-1578.000000 0.000000
891.500000 1.000000
243.125000 0.000000
392.500000 0.000000

-796.000000 0.000000
250.250000 0.000000
-387.000000 0.000000
80.812500 0.000000
1207.000000 1.000000
-433.250000 0.000000
-589.500000 0.000000
-453.250000 0.000000
189.250000 0.000000
299.500000 0.000000

-912.000000 0.000000
-53.218750 0.000000
2021.000000 1.000000
737.500000 0.000000
-21.734375 0.000000
-891.500000 0.000000
-158.500000 0.000000
-1185.000000 0.000000
383.750000 0.000000
-843.000000 0.000000

172.375000 0.000000
-711.500000 0.000000
-646.500000 0.000000
-34.750000 0.000000
-148.875000 0.000000
-55.531250 0.000000
-1802.000000 0.000000
1300.000000 1.000000
-6.765625 0.000000
847.500000 0.000000

-627.500000 0.000000
338.750000 0.000000
-644.000000 0.000000
165.375000 0.000000
559.000000 1.000000
-407.250000 0.000000
-1163.000000 0.000000
140.625000 0.000000
415.500000 0.000000
465.250000 0.000000

-110.312500 0.000000
-75.500000 0.000000
158.250000 0.000000
1077.000000 1.000000
-668.000000 0.000000
-464.750000 0.000000
-1632.000000 0.000000
887.000000 0.000000
421.750000 0.000000
250.000000 0.000000

-181.250000 0.000000
-182.375000 0.000000
281.750000 0.000000
644.500000 0.000000
-121.562500 0.000000
-643.500000 0.000000
-944.000000 0.000000
682.500000 1.000000
478.750000 0.000000
-88.312500 0.000000

-32.781250 0.000000
-233.000000 0.000000
-61.156250 0.000000
77.625000 0.000000
-161.250000 0.000000
438.250000 0.000000
-13.828125 0.000000
-310.000000 0.000000
500.750000 1.000000
-388.000000 0.000000

-599.000000 0.000000
-75.562500 0.000000
-330.750000 0.000000
-363.750000 0.000000
1657.000000 1.000000
-495.500000 0.000000
-304.250000 0.000000
-223.750000 0.000000
88.000000 0.000000
100.750000 0.000000

72.000000 0.000000
107.687500 0.000000
1393.000000 1.000000
805.500000 0.000000
-1063.000000 0.000000
-592.000000 0.000000
-614.500000 0.000000
-227.750000 0.000000
804.000000 0.000000
-863.000000 0.000000

-204.000000 0.000000
-236.875000 0.000000
16.640625 0.000000
153.625000 0.000000
352.500000 0.000000
397.250000 0.000000
2008.000000 1.000000
-1737.000000 0.000000
-208.250000 0.000000
-665.000000 0.000000

-193.750000 0.000000
624.000000 0.000000
1021.500000 0.000000
1056.000000 1.000000
-669.000000 0.000000
-701.500000 0.000000
-1193.000000 0.000000
277.000000 0.000000
924.000000 0.000000
-882.000000 0.000000

-81.187500 0.000000
-485.500000 0.000000
-49.812500 0.000000
-81.000000 0.000000
-440.000000 0.000000
679.000000 0.000000
279.750000 0.000000
-297.000000 0.000000
800.000000 1.000000
-88.062500 0.000000

-124.500000 0.000000
-336.250000 0.000000
-554.500000 0.000000
130.875000 0.000000
-247.625000 0.000000
668.500000 0.000000
338.250000 0.000000
-619.000000 0.000000
785.500000 1.000000
-403.250000 0.000000

-756.000000 0.000000
1128.000000 1.000000
-256.500000 0.000000
289.750000 0.000000
625.500000 0.000000
-641.500000 0.000000
-924.500000 0.000000
-221.500000 0.000000
426.500000 0.000000
-242.250000 0.000000

401.750000 0.000000
-471.750000 0.000000
-642.500000 0.000000
394.500000 0.000000
-346.500000 0.000000
276.250000 0.000000
1035.000000 1.000000
-470.250000 0.000000
460.000000 0.000000
-623.000000 0.000000

-91.937500 0.000000
-56.125000 0.000000
254.875000 0.000000
665.000000 1.000000
-505.250000 0.000000
-376.750000 0.000000
-862.500000 0.000000
609.500000 0.000000
351.250000 0.000000
-45.937500 0.000000

-11.882812 0.000000
-135.875000 0.000000
-83.062500 0.000000
620.000000 0.000000
-364.750000 0.000000
-363.500000 0.000000
-1237.000000 0.000000
925.000000 1.000000
89.062500 0.000000
419.500000 0.000000

-378.250000 0.000000
-214.000000 0.000000
-176.125000 0.000000
-261.250000 0.000000
1561.000000 1.000000
-448.500000 0.000000
346.000000 0.000000
-820.000000 0.000000
124.000000 0.000000
-170.875000 0.000000

-58.687500 0.000000
-154.625000 0.000000
-218.625000 0.000000
24.718750 0.000000
521.000000 0.000000
-632.000000 0.000000
-853.000000 0.000000
-286.000000 0.000000
260.000000 0.000000
1024.000000 1.000000

-707.000000 0.000000
144.500000 0.000000
-151.125000 0.000000
480.750000 0.000000
-602.000000 0.000000
-61.375000 0.000000
368.000000 0.000000
-586.000000 0.000000
1304.000000 1.000000
-507.250000 0.000000

-161.500000 0.000000
-123.000000 0.000000
8.960938 0.000000
635.000000 0.000000
-339.750000 0.000000
-447.500000 0.000000
-1451.000000 0.000000
1109.000000 1.000000
144.125000 0.000000
508.250000 0.000000

-335.750000 0.000000
329.250000 0.000000
-309.500000 0.000000
497.000000 0.000000
-77.500000 0.000000
-365.750000 0.000000
-733.000000 0.000000
-203.375000 0.000000
826.500000 1.000000
-115.187500 0.000000

-16.562500 0.000000
-130.500000 0.000000
1067.000000 0.000000
953.500000 0.000000
-1331.000000 0.000000
-630.000000 0.000000
-620.500000 0.000000
-246.250000 0.000000
1274.000000 1.000000
-730.500000 0.000000

-385.000000 0.000000
514.500000 1.000000
-211.375000 0.000000
71.750000 0.000000
459.250000 0.000000
-257.750000 0.000000
479.750000 0.000000
-739.500000 0.000000
124.000000 0.000000
-678.500000 0.000000

-302.500000 0.000000
155.500000 0.000000
-190.625000 0.000000
243.250000 0.000003
30.921875 0.000000
-18.187500 0.000000
-705.500000 0.000000
256.000000 1.000000
213.625000 0.000000
-95.062500 0.000000

-233.000000 0.000000
42.531250 0.000000
-27.562500 0.000000
198.375000 0.000000
795.500000 0.000000
-352.000000 0.000000
1531.000000 1.000000
-1241.000000 0.000000
-413.250000 0.000000
-832.000000 0.000000

-440.000000 0.000000
-515.000000 0.000000
-333.000000 0.000000
620.500000 0.000000
-267.000000 0.000000
-281.250000 0.000000
-219.625000 0.000000
-915.500000 0.000000
1627.000000 1.000000
79.562500 0.000000

-222.750000 0.000000
495.500000 0.000000
-381.500000 0.000000
20.281250 0.000000
111.375000 0.000000
-348.000000 0.000000
-459.000000 0.000000
-172.500000 0.000000
678.000000 1.000000
-325.000000 0.000000

-520.500000 0.000000
-198.250000 0.000000
-346.500000 0.000000
1988.000000 1.000000
-449.000000 0.000000
-85.562500 0.000000
-1611.000000 0.000000
-1014.000000 0.000000
1189.000000 0.000000
400.000000 0.000000

-227.500000 0.000000
-281.000000 0.000000
-342.000000 0.000000
275.250000 0.000000
-188.500000 0.000000
-240.750000 0.000000
-365.000000 0.000000
-607.500000 0.000000
1787.000000 1.000000
33.031250 0.000000

-686.000000 0.000000
-161.500000 0.000000
2368.000000 1.000000
139.125000 0.000000
205.625000 0.000000
-172.875000 0.000000
384.000000 0.000000
-1171.000000 0.000000
-2.464844 0.000000
-1499.000000 0.000000

-179.000000 0.000000
736.000000 1.000000
-150.750000 0.000000
-159.250000 0.000000
270.250000 0.000000
-422.500000 0.000000
-240.750000 0.000000
-165.000000 0.000000
144.625000 0.000000
-274.750000 0.000000

-100.250000 0.000000
-305.750000 0.000000
687.500000 0.000000
923.000000 1.000000
-584.000000 0.000000
-271.000000 0.000000
-406.000000 0.000000
-150.875000 0.000000
627.000000 0.000000
-332.500000 0.000000

-273.500000 0.000000
34.093750 0.000000
664.500000 1.000000
-30.343750 0.000000
425.500000 0.000000
-135.250000 0.000000
-83.375000 0.000000
-303.000000 0.000000
-114.562500 0.000000
-487.000000 0.000000

635.500000 1.000000
-391.500000 0.000000
-61.343750 0.000000
175.125000 0.000000
-204.375000 0.000000
5.230469 0.000000
-405.750000 0.000000
-253.125000 0.000000
90.687500 0.000000
97.375000 0.000000

-491.500000 0.000000
29.359375 0.000000
-278.000000 0.000000
129.125000 0.000000
742.000000 1.000000
-531.000000 0.000000
-376.000000 0.000000
54.468750 0.000000
138.125000 0.000000
143.125000 0.000000

-229.250000 0.000000
862.500000 1.000000
-132.500000 0.000000
92.625000 0.000000
215.125000 0.000000
-790.500000 0.000000
-523.000000 0.000000
-72.000000 0.000000
125.875000 0.000000
-139.000000 0.000000

-177.000000 0.000000
-54.937500 0.000000
-425.500000 0.000000
431.250000 0.000000
-170.750000 0.000000
-94.625000 0.000000
-1105.000000 0.000000
689.500000 1.000000
90.375000 0.000000
291.000000 0.000000

1201.000000 1.000000
-529.000000 0.000000
-15.203125 0.000000
115.187500 0.000000
-379.750000 0.000000
85.062500 0.000000
49.062500 0.000000
-283.250000 0.000000
157.875000 0.000000
-84.562500 0.000000

1468.000000 1.000000
-720.000000 0.000000
-60.468750 0.000000
-105.125000 0.000000
210.125000 0.000000
-458.500000 0.000000
-16.921875 0.000000
-660.000000 0.000000
214.500000 0.000000
280.750000 0.000000

1563.000000 1.000000
-406.500000 0.000000
202.875000 0.000000
-73.812500 0.000000
-419.750000 0.000000
113.687500 0.000000
479.000000 0.000000
-780.500000 0.000000
116.375000 0.000000
-333.750000 0.000000

-198.000000 0.000000
602.500000 1.000000
-40.031250 0.000000
278.750000 0.000000
-0.005936 0.000000
-413.250000 0.000000
-687.000000 0.000000
165.250000 0.000000
325.500000 0.000000
-246.000000 0.000000

-448.750000 0.000000
-42.500000 0.000000
-488.250000 0.000000
232.500000 0.000000
524.000000 1.000000
-553.500000 0.000000
-585.500000 0.000000
-95.250000 0.000000
316.250000 0.000000
462.250000 0.000000

1405.000000 1.000000
-387.500000 0.000000
56.343750 0.000000
-26.453125 0.000000
-331.000000 0.000000
79.812500 0.000000
34.656250 0.000000
-404.750000 0.000000
-79.937500 0.000000
67.312500 0.000000

-239.875000 0.000000
1069.000000 1.000000
-418.250000 0.000000
228.125000 0.000000
184.875000 0.000000
-515.500000 0.000000
-327.000000 0.000000
-215.500000 0.000000
62.468750 0.000000
-466.500000 0.000000

-182.250000 0.000000
-291.000000 0.000000
-430.250000 0.000000
-67.437500 0.000000
-269.250000 0.000000
355.750000 0.000000
1400.000000 1.000000
-876.500000 0.000000
531.000000 0.000000
-226.000000 0.000000

-293.750000 0.000000
-210.375000 0.000000
-304.000000 0.000000
136.000000 0.000000
-862.000000 0.000000
1254.000000 1.000000
-99.437500 0.000000
-266.250000 0.000000
881.500000 0.000000
-112.875000 0.000000

-430.250000 0.000000
-145.625000 0.000000
-91.750000 0.000000
513.000000 0.000000
1.855469 0.000000
-686.000000 0.000000
-553.500000 0.000000
-703.000000 0.000000
1513.000000 1.000000
58.437500 0.000000

-523.000000 0.000000
31.984375 0.000000
-172.125000 0.000000
518.000000 0.000000
-237.125000 0.000000
-564.000000 0.000000
-172.625000 0.000000
-683.000000 0.000000
1372.000000 1.000000
-237.250000 0.000000

-553.500000 0.000000
262.750000 0.000000
1425.000000 1.000000
961.500000 0.000000
-762.500000 0.000000
-314.750000 0.000000
-775.500000 0.000000
-17.640625 0.000000
778.500000 0.000000
-855.500000 0.000000

89.875000 0.000000
-282.000000 0.000000
-429.750000 0.000000
265.750000 0.000000
399.750000 0.000000
-801.500000 0.000000
-511.000000 0.000000
-1229.000000 0.000000
1527.000000 1.000000
64.250000 0.000000

-337.000000 0.000000
-535.000000 0.000000
-294.000000 0.000000
616.000000 0.000000
-223.250000 0.000000
-183.000000 0.000000
-810.000000 0.000000
-519.000000 0.000000
1237.000000 1.000000
823.000000 0.000000

-739.000000 0.000000
26.203125 0.000000
-733.000000 0.000000
575.500000 0.000000
523.500000 0.000000
-418.750000 0.000000
-1692.000000 0.000000
-81.187500 0.000000
490.250000 0.000000
1200.000000 1.000000

-1058.000000 0.000000
259.500000 0.000000
2254.000000 1.000000
535.000000 0.000000
-98.500000 0.000000
-255.625000 0.000000
64.375000 0.000000
-533.500000 0.000000
-197.875000 0.000000
-1582.000000 0.000000

-539.000000 0.000000
-227.250000 0.000000
466.000000 0.000000
1665.000000 1.000000
-556.500000 0.000000
-484.250000 0.000000
-330.250000 0.000000
-712.500000 0.000000
991.500000 0.000000
-588.000000 0.000000

-406.250000 0.000000
-112.875000 0.000000
-381.750000 0.000000
789.500000 0.000000
-523.000000 0.000000
847.500000 1.000000
-387.000000 0.000000
-391.750000 0.000000
479.500000 0.000000
-76.375000 0.000000

-511.750000 0.000000
529.500000 0.000000
-164.500000 0.000000
495.500000 0.000000
721.000000 1.000000
-622.500000 0.000000
-735.500000 0.000000
-198.875000 0.000000
-181.875000 0.000000
14.601562 0.000000

-334.000000 0.000000
648.500000 1.000000
-239.000000 0.000000
163.625000 0.000000
300.750000 0.000000
-432.500000 0.000000
-360.500000 0.000000
-31.109375 0.000000
62.750000 0.000000
-200.500000 0.000000

1056.000000 1.000000
-350.250000 0.000000
-286.500000 0.000000
123.812500 0.000000
-497.750000 0.000000
237.500000 0.000000
-387.250000 0.000000
-348.750000 0.000000
391.500000 0.000000
-194.125000 0.000000

-541.500000 0.000000
267.750000 0.000000
-15.562500 0.000000
50.093750 0.000000
786.500000 1.000000
-527.000000 0.000000
-1117.000000 0.000000
-543.500000 0.000000
93.250000 0.000000
743.500000 0.000000

-181.875000 0.000000
157.125000 0.000000
1218.000000 1.000000
639.000000 0.000000
-809.500000 0.000000
-579.500000 0.000000
-417.000000 0.000000
-73.750000 0.000000
587.500000 0.000000
-658.500000 0.000000

-408.000000 0.000000
-200.375000 0.000000
-80.687500 0.000000
-302.000000 0.000000
1452.000000 1.000000
-675.500000 0.000000
-67.375000 0.000000
-321.250000 0.000000
-21.796875 0.000000
204.500000 0.000000

-391.000000 0.000000
196.625000 0.000000
-148.750000 0.000000
1827.000000 1.000000
-830.000000 0.000000
-176.625000 0.000000
-1410.000000 0.000000
63.843750 0.000000
957.000000 0.000000
-253.625000 0.000000

-222.750000 0.000000
-116.125000 0.000000
158.375000 0.000000
-298.500000 0.000000
506.500000 0.000000
-14.218750 0.000000
1584.000000 1.000000
-675.500000 0.000000
-381.750000 0.000000
-526.000000 0.000000

248.375000 0.000000
-395.750000 0.000000
-357.000000 0.000000
161.375000 0.000000
-330.000000 0.000000
-92.687500 0.000000
-996.500000 0.000000
871.000000 1.000000
-27.046875 0.000000
334.250000 0.000000

-146.500000 0.000000
74.875000 0.000000
1188.000000 1.000000
700.500000 0.000000
-780.500000 0.000000
-676.000000 0.000000
-574.500000 0.000000
-159.000000 0.000000
521.000000 0.000000
-368.250000 0.000000

1668.000000 1.000000
-376.250000 0.000000
57.281250 0.000000
-794.000000 0.000000
-311.750000 0.000000
61.406250 0.000000
467.750000 0.000000
-57.531250 0.000000
-171.375000 0.000000
44.125000 0.000000

-448.250000 0.000000
17.484375 0.000000
-67.750000 0.000000
244.125000 0.000000
39.468750 0.000000
165.000000 0.000000
1388.000000 1.000000
-1112.000000 0.000000
205.125000 0.000000
-930.000000 0.000000

-278.250000 0.000000
-220.750000 0.000000
-251.125000 0.000000
-2.218750 0.000000
-185.875000 0.000000
564.500000 0.000000
1832.000000 1.000000
-1359.000000 0.000000
321.000000 0.000000
-676.000000 0.000000

-19.234375 0.000000
594.500000 0.000000
-632.000000 0.000000
-551.000000 0.000000
170.250000 0.000000
-522.000000 0.000000
-224.500000 0.000000
-343.750000 0.000000
747.500000 1.000000
-298.500000 0.000000

-327.250000 0.000000
253.750000 0.000000
-401.500000 0.000000
-202.375000 0.000000
1365.000000 1.000000
-281.250000 0.000000
-228.875000 0.000000
-680.500000 0.000000
-77.250000 0.000000
150.250000 0.000000

-805.000000 0.000000
39.031250 0.000000
-666.500000 0.000000
1760.000000 1.000000
-172.750000 0.000000
-1.711914 0.000000
-1675.000000 0.000000
-519.500000 0.000000
913.000000 0.000000
495.750000 0.000000

-146.125000 0.000000
30.312500 0.000000
-952.500000 0.000000
-32.156250 0.000000
428.000000 0.000000
-123.062500 0.000000
-859.500000 0.000000
-231.625000 0.000000
587.000000 1.000000
550.500000 0.000000

-107.375000 0.000000
-292.250000 0.000000
-176.750000 0.000000
294.500000 0.000000
-207.375000 0.000000
-312.250000 0.000000
-1009.000000 0.000000
944.500000 1.000000
67.812500 0.000000
424.500000 0.000000

-457.500000 0.000000
-20.812500 0.000000
-213.625000 0.000000
17.500000 0.000000
782.500000 1.000000
-426.750000 0.000000
-112.062500 0.000000
7.996094 0.000000
50.500000 0.000000
-39.281250 0.000000

-675.500000 0.000000
-482.500000 0.000000
3822.000000 1.000000
1165.000000 0.000000
-1034.000000 0.000000
-961.000000 0.000000
-956.500000 0.000000
-145.625000 0.000000
-10.429688 0.000000
-1038.000000 0.000000

2316.000000 1.000000
-101.000000 0.000000
519.500000 0.000000
-772.000000 0.000000
-83.375000 0.000000
581.000000 0.000000
92.000000 0.000000
-106.937500 0.000000
-705.000000 0.000000
-745.500000 0.000000

-1022.500000 0.000000
-532.500000 0.000000
-256.000000 0.000000
371.250000 0.000000
602.000000 0.000000
-539.500000 0.000000
-1150.000000 0.000000
-202.375000 0.000000
950.000000 0.000000
1631.000000 1.000000

838.500000 1.000000
-1247.000000 0.000000
267.000000 0.000000
290.500000 0.000000
-38.531250 0.000000
-446.250000 0.000000
-485.000000 0.000000
-638.000000 0.000000
564.000000 0.000000
610.500000 0.000000

-1286.000000 0.000000
-62.625000 0.000000
392.750000 0.000000
3756.000000 1.000000
-1937.000000 0.000000
339.500000 0.000000
-1256.000000 0.000000
-643.500000 0.000000
1118.000000 0.000000
-464.500000 0.000000

-605.000000 0.000000
-1001.000000 0.000000
-201.750000 0.000000
241.500000 0.000000
395.000000 0.000000
-586.500000 0.000000
-1020.500000 0.000000
1167.000000 0.000000
194.625000 0.000000
1412.000000 1.000000

3960.000000 1.000000
-509.500000 0.000000
1066.000000 0.000000
-1064.000000 0.000000
-666.500000 0.000000
-905.000000 0.000000
436.000000 0.000000
-629.000000 0.000000
-557.000000 0.000000
-406.500000 0.000000

-1813.000000 0.000000
-758.000000 0.000000
583.000000 0.000000
3890.000000 1.000000
-1169.000000 0.000000
332.250000 0.000000
-2516.000000 0.000000
-610.500000 0.000000
1011.000000 0.000000
753.500000 0.000000

3116.000000 1.000000
-117.125000 0.000000
653.500000 0.000000
-624.000000 0.000000
-829.000000 0.000000
194.375000 0.000000
-271.500000 0.000000
-353.500000 0.000000
-1020.000000 0.000000
-64.937500 0.000000

-2110.000000 0.000000
-551.500000 0.000000
-40.406250 0.000000
3662.000000 1.000000
-1050.000000 0.000000
1056.000000 0.000000
-1801.000000 0.000000
-613.000000 0.000000
632.000000 0.000000
374.500000 0.000000

-1964.000000 0.000000
-1437.000000 0.000000
-1741.000000 0.000000
1417.000000 0.000000
-1388.000000 0.000000
3834.000000 1.000000
-629.000000 0.000000
-1375.000000 0.000000
967.500000 0.000000
1477.000000 0.000000

-108.875000 0.000000
7.097656 0.000000
1068.000000 0.000000
993.500000 0.000000
-1029.000000 0.000000
-1196.000000 0.000000
-1689.000000 0.000000
1446.000000 1.000000
528.500000 0.000000
169.750000 0.000000

-1938.000000 0.000000
-638.500000 0.000000
-1183.000000 0.000000
283.500000 0.000000
2198.000000 1.000000
-188.875000 0.000000
-1668.000000 0.000000
188.750000 0.000000
804.500000 0.000000
1300.000000 0.000000

4288.000000 1.000000
-890.000000 0.000000
376.000000 0.000000
-1172.000000 0.000000
-1122.000000 0.000000
-36.437500 0.000000
583.500000 0.000000
-110.062500 0.000000
-806.500000 0.000000
192.250000 0.000000

-679.500000 0.000000
-641.500000 0.000000
-831.000000 0.000000
-689.000000 0.000000
2362.000000 1.000000
-985.500000 0.000000
-88.312500 0.000000
-73.812500 0.000000
617.000000 0.000000
862.500000 0.000000

-926.000000 0.000000
-439.250000 0.000000
384.750000 0.000000
2658.000000 1.000000
75.750000 0.000000
961.500000 0.000000
-2238.000000 0.000000
-1333.000000 0.000000
997.500000 0.000000
-99.625000 0.000000

-658.000000 0.000000
-143.500000 0.000000
147.875000 0.000000
2938.000000 1.000000
-1083.000000 0.000000
984.500000 0.000000
-1129.000000 0.000000
-688.500000 0.000000
110.375000 0.000000
104.562500 0.000000

-451.250000 0.000000
1079.000000 1.000000
-347.000000 0.000000
23.000000 0.000000
78.812500 0.000000
-281.250000 0.000000
-344.500000 0.000000
43.812500 0.000000
281.250000 0.000000
-342.000000 0.000000

-1682.000000 0.000000
-221.875000 0.000000
-1111.000000 0.000000
331.750000 0.000000
1401.000000 0.000000
-188.125000 0.000000
-2834.000000 0.000000
-406.750000 0.000000
1365.000000 0.000000
2740.000000 1.000000

3558.000000 1.000000
-1466.000000 0.000000
397.000000 0.000000
-1333.000000 0.000000
-949.000000 0.000000
-439.000000 0.000000
701.000000 0.000000
187.000000 0.000000
25.718750 0.000000
206.875000 0.000000

-775.500000 0.000000
-574.000000 0.000000
-447.250000 0.000000
67.750000 0.000000
650.500000 0.000000
-248.875000 0.000000
-2054.000000 0.000000
23.218750 0.000000
900.500000 0.000000
2238.000000 1.000000

-365.500000 0.000000
1617.000000 1.000000
-261.500000 0.000000
-31.125000 0.000000
-79.437500 0.000000
-653.500000 0.000000
-718.000000 0.000000
403.000000 0.000000
362.750000 0.000000
-495.750000 0.000000

-691.000000 0.000000
1422.000000 1.000000
142.250000 0.000000
-242.375000 0.000000
112.187500 0.000000
-1904.000000 0.000000
-851.500000 0.000000
760.500000 0.000000
917.000000 0.000000
-464.250000 0.000000

26.875000 0.000000
-812.000000 0.000000
-903.500000 0.000000
-237.250000 0.000000
-1370.000000 0.000000
2550.000000 1.000000
-68.375000 0.000000
-262.750000 0.000000
728.000000 0.000000
173.250000 0.000000

-369.750000 0.000000
-280.000000 0.000000
19.171875 0.000000
953.500000 0.000000
-482.500000 0.000000
-314.750000 0.000000
-2388.000000 0.000000
2166.000000 1.000000
107.187500 0.000000
748.500000 0.000000

-1491.000000 0.000000
353.000000 0.000000
-455.250000 0.000000
-72.250000 0.000000
2580.000000 1.000000
-687.000000 0.000000
-1092.000000 0.000000
-419.250000 0.000000
203.750000 0.000000
657.500000 0.000000

-1960.000000 0.000000
339.750000 0.000000
3702.000000 1.000000
1351.000000 0.000000
-859.000000 0.000000
-1442.000000 0.000000
-415.250000 0.000000
-1137.000000 0.000000
860.500000 0.000000
-1678.000000 0.000000

37.187500 0.000000
-1220.000000 0.000000
-696.000000 0.000000
-356.000000 0.000000
-226.000000 0.000000
-13.257812 0.000000
-2586.000000 0.000000
2310.000000 1.000000
-246.625000 0.000000
1325.000000 0.000000

-1320.000000 0.000000
463.000000 0.000000
-943.500000 0.000000
-10.796875 0.000000
1425.000000 1.000000
-892.000000 0.000000
-2000.000000 0.000000
460.500000 0.000000
928.500000 0.000000
1081.000000 0.000000

-421.250000 0.000000
-186.375000 0.000000
648.500000 0.000000
1323.000000 0.000000
-990.500000 0.000000
-789.000000 0.000000
-2436.000000 0.000000
2140.000000 1.000000
545.500000 0.000000
483.750000 0.000000

-515.500000 0.000000
-321.750000 0.000000
900.500000 0.000000
942.500000 0.000000
-231.625000 0.000000
-1157.000000 0.000000
-1870.000000 0.000000
1666.000000 1.000000
592.500000 0.000000
20.031250 0.000000

-354.000000 0.000000
-792.500000 0.000000
-206.875000 0.000000
513.500000 0.000000
-518.000000 0.000000
1618.000000 1.000000
-395.500000 0.000000
-802.500000 0.000000
941.000000 0.000000
-206.125000 0.000000

-1408.000000 0.000000
-387.500000 0.000000
-143.250000 0.000000
-658.000000 0.000000
3468.000000 1.000000
-835.500000 0.000000
-766.000000 0.000000
11.875000 0.000000
251.500000 0.000000
105.312500 0.000000

187.000000 0.000000
311.750000 0.000000
3472.000000 1.000000
1251.000000 0.000000
-2230.000000 0.000000
-1688.000000 0.000000
-1318.000000 0.000000
17.859375 0.000000
1448.000000 0.000000
-1592.000000 0.000000

-260.000000 0.000000
-622.500000 0.000000
-90.687500 0.000000
256.250000 0.000000
173.375000 0.000000
783.000000 0.000000
3736.000000 1.000000
-2708.000000 0.000000
-145.000000 0.000000
-872.000000 0.000000

-132.500000 0.000000
1224.000000 0.000000
2450.000000 1.000000
843.000000 0.000000
-1043.000000 0.000000
-1397.000000 0.000000
-1839.000000 0.000000
1005.500000 0.000000
1042.000000 0.000000
-1306.000000 0.000000

-195.625000 0.000000
-941.000000 0.000000
-180.000000 0.000000
-299.750000 0.000000
-953.500000 0.000000
1707.000000 1.000000
330.500000 0.000000
-105.187500 0.000000
1157.000000 0.000000
57.281250 0.000000

-716.500000 0.000000
-1188.000000 0.000000
-1060.000000 0.000000
661.000000 0.000000
-962.500000 0.000000
2602.000000 1.000000
279.000000 0.000000
-899.000000 0.000000
1404.000000 0.000000
-209.875000 0.000000

-1296.000000 0.000000
1936.000000 1.000000
-532.000000 0.000000
91.562500 0.000000
809.000000 0.000000
-384.250000 0.000000
-1377.000000 0.000000
-315.750000 0.000000
755.500000 0.000000
-224.125000 0.000000

717.000000 0.000000
-1221.000000 0.000000
-1378.000000 0.000000
-29.343750 0.000000
-942.500000 0.000000
1466.000000 0.000000
2474.000000 1.000000
-535.500000 0.000000
959.000000 0.000000
-987.500000 0.000000

-301.750000 0.000000
-117.500000 0.000000
802.000000 0.000000
886.000000 0.000000
-1121.000000 0.000000
-743.000000 0.000000
-1536.000000 0.000000
1759.000000 1.000000
501.750000 0.000000
108.562500 0.000000

-173.375000 0.000000
-334.000000 0.000000
286.500000 0.000000
840.500000 0.000000
-645.000000 0.000000
-460.250000 0.000000
-2156.000000 0.000000
2208.000000 1.000000
-77.875000 0.000000
601.500000 0.000000

-938.000000 0.000000
-673.500000 0.000000
-93.375000 0.000000
-437.000000 0.000000
3026.000000 1.000000
-726.000000 0.000000
-123.125000 0.000000
-673.500000 0.000000
67.937500 0.000000
284.250000 0.000000

-236.250000 0.000000
-921.000000 0.000000
-131.625000 0.000000
342.750000 0.000000
422.000000 0.000000
-952.000000 0.000000
-1646.000000 0.000000
-167.625000 0.000000
683.500000 0.000000
2310.000000 1.000000

-1586.000000 0.000000
-413.000000 0.000000
-372.750000 0.000000
309.500000 0.000000
-1652.000000 0.000000
1034.000000 0.000000
501.000000 0.000000
-899.500000 0.000000
3008.000000 1.000000
-175.250000 0.000000

-220.875000 0.000000
-296.750000 0.000000
572.500000 0.000000
963.000000 0.000000
-675.000000 0.000000
-332.000000 0.000000
-2442.000000 0.000000
2204.000000 1.000000
-53.406250 0.000000
760.000000 0.000000

-702.500000 0.000000
-479.750000 0.000000
-295.500000 0.000000
916.500000 0.000000
-751.000000 0.000000
-290.250000 0.000000
-1096.000000 0.000000
-517.500000 0.000000
2596.000000 1.000000
52.062500 0.000000

-538.000000 0.000000
-249.625000 0.000000
3108.000000 1.000000
2184.000000 0.000000
-2988.000000 0.000000
-1620.000000 0.000000
-1347.000000 0.000000
-207.750000 0.000000
2050.000000 0.000000
-1157.000000 0.000000

-496.250000 0.000000
222.500000 0.000000
-430.750000 0.000000
224.000000 0.000000
17.171875 0.000000
285.500000 0.000000
1315.000000 1.000000
-1364.000000 0.000000
479.500000 0.000000
-990.000000 0.000000

-892.500000 0.000000
282.250000 0.000000
58.781250 0.000000
697.500000 0.000000
-95.062500 0.000000
-62.343750 0.000000
-1562.000000 0.000000
1303.000000 1.000000
323.500000 0.000000
-291.000000 0.000000

36.875000 0.000000
-250.375000 0.000000
-523.500000 0.000000
171.500000 0.000000
911.000000 0.000000
249.375000 0.000000
3362.000000 1.000000
-1833.000000 0.000000
-963.000000 0.000000
-1045.000000 0.000000

-1001.500000 0.000000
-1616.000000 0.000000
-96.687500 0.000000
900.000000 0.000000
-1267.000000 0.000000
-57.687500 0.000000
-216.875000 0.000000
-1529.000000 0.000000
3320.000000 1.000000
548.500000 0.000000

-868.500000 0.000000
238.250000 0.000000
-247.000000 0.000000
212.000000 0.000000
-61.000000 0.000000
-668.500000 0.000000
-857.000000 0.000000
-268.250000 0.000000
2194.000000 1.000000
-465.750000 0.000000

-1668.000000 0.000000
-618.000000 0.000000
-325.000000 0.000000
4724.000000 1.000000
-1319.000000 0.000000
247.000000 0.000000
-2722.000000 0.000000
-1389.000000 0.000000
1427.000000 0.000000
795.000000 0.000000

-972.500000 0.000000
-1073.000000 0.000000
-67.687500 0.000000
675.500000 0.000000
-1025.000000 0.000000
-153.000000 0.000000
-765.500000 0.000000
-689.000000 0.000000
3408.000000 1.000000
626.500000 0.000000

-1067.000000 0.000000
105.312500 0.000000
4672.000000 1.000000
129.625000 0.000000
254.750000 0.000000
-460.500000 0.000000
65.187500 0.000000
-1149.000000 0.000000
-152.125000 0.000000
-3066.000000 0.000000

-501.750000 0.000000
1523.000000 1.000000
77.312500 0.000000
-403.500000 0.000000
433.750000 0.000000
-863.500000 0.000000
-550.000000 0.000000
55.687500 0.000000
428.500000 0.000000
-555.000000 0.000000

-88.937500 0.000000
-409.250000 0.000000
2124.000000 1.000000
1028.000000 0.000000
-986.000000 0.000000
-1048.000000 0.000000
-1017.000000 0.000000
66.625000 0.000000
1111.000000 0.000000
-581.500000 0.000000

-723.000000 0.000000
-154.750000 0.000000
1518.000000 1.000000
236.125000 0.000000
119.125000 0.000000
53.031250 0.000000
-518.000000 0.000000
61.937500 0.000000
80.562500 0.000000
-1032.000000 0.000000

1075.000000 1.000000
-887.000000 0.000000
-100.375000 0.000000
309.750000 0.000000
-387.000000 0.000000
371.250000 0.000000
-510.000000 0.000000
-849.500000 0.000000
220.500000 0.000000
318.750000 0.000000

-1046.000000 0.000000
-227.125000 0.000000
-371.000000 0.000000
83.812500 0.000000
1640.000000 1.000000
-797.500000 0.000000
-719.000000 0.000000
312.750000 0.000000
283.000000 0.000000
585.500000 0.000000

-666.500000 0.000000
1862.000000 1.000000
334.500000 0.000000
-101.500000 0.000000
584.500000 0.000000
-1691.000000 0.000000
-1140.000000 0.000000
225.500000 0.000000
332.000000 0.000000
-236.875000 0.000000

-661.500000 0.000000
-9.375000 0.000000
-240.125000 0.000000
797.500000 0.000000
-193.500000 0.000000
-476.250000 0.000000
-1847.000000 0.000000
1733.000000 1.000000
54.468750 0.000000
433.500000 0.000000

2652.000000 1.000000
-1256.000000 0.000000
132.125000 0.000000
-443.250000 0.000000
-921.000000 0.000000
203.750000 0.000000
423.500000 0.000000
-163.250000 0.000000
88.437500 0.000000
-24.406250 0.000000

2462.000000 1.000000
-903.000000 0.000000
434.500000 0.000000
-703.500000 0.000000
292.500000 0.000000
-1061.000000 0.000000
-47.375000 0.000000
-1084.000000 0.000000
555.500000 0.000000
422.500000 0.000000

3032.000000 1.000000
-510.750000 0.000000
769.500000 0.000000
-896.500000 0.000000
-744.500000 0.000000
-266.000000 0.000000
818.000000 0.000000
-812.000000 0.000000
-59.562500 0.000000
-460.250000 0.000000

-303.250000 0.000000
1244.000000 1.000000
99.500000 0.000000
269.000000 0.000000
-174.625000 0.000000
-641.000000 0.000000
-1187.000000 0.000000
585.500000 0.000000
432.750000 0.000000
-371.500000 0.000000

-1038.000000 0.000000
-834.000000 0.000000
-548.000000 0.000000
310.500000 0.000000
1067.000000 0.000000
-900.000000 0.000000
-1067.000000 0.000000
55.531250 0.000000
925.500000 0.000000
1642.000000 1.000000

2802.000000 1.000000
-796.500000 0.000000
349.250000 0.000000
-626.500000 0.000000
-590.500000 0.000000
-1.007812 0.000000
465.500000 0.000000
-542.000000 0.000000
-356.750000 0.000000
183.000000 0.000000

-558.500000 0.000000
1959.000000 1.000000
-377.000000 0.000000
-0.652344 0.000000
273.250000 0.000000
-737.000000 0.000000
-550.000000 0.000000
1.057617 0.000000
278.250000 0.000000
-851.000000 0.000000

-300.500000 0.000000
-1052.000000 0.000000
-864.500000 0.000000
-251.750000 0.000000
-746.500000 0.000000
1274.000000 0.000000
2848.000000 1.000000
-1327.000000 0.000000
1052.000000 0.000000
-364.250000 0.000000

-969.500000 0.000000
-467.750000 0.000000
-735.500000 0.000000
538.500000 0.000000
-1576.000000 0.000000
3026.000000 1.000000
-226.375000 0.000000
-621.000000 0.000000
989.000000 0.000000
258.000000 0.000000

-1367.000000 0.000000
-724.000000 0.000000
366.250000 0.000000
1355.000000 0.000000
-610.500000 0.000000
-786.000000 0.000000
-1247.000000 0.000000
-1165.000000 0.000000
3150.000000 1.000000
389.000000 0.000000

-949.500000 0.000000
-1077.000000 0.000000
355.750000 0.000000
1050.000000 0.000000
-1424.000000 0.000000
-608.500000 0.000000
-385.250000 0.000000
-1053.000000 0.000000
3350.000000 1.000000
43.843750 0.000000

-844.000000 0.000000
616.000000 0.000000
3196.000000 1.000000
947.500000 0.000000
-1370.000000 0.000000
-1101.000000 0.000000
-1406.000000 0.000000
603.500000 0.000000
1233.000000 0.000000
-1303.000000 0.000000

-113.812500 0.000000
-1163.000000 0.000000
-93.687500 0.000000
769.500000 0.000000
-698.000000 0.000000
-760.000000 0.000000
-695.000000 0.000000
-1921.000000 0.000000
3066.000000 1.000000
655.000000 0.000000

-980.000000 0.000000
-1385.000000 0.000000
-161.500000 0.000000
1045.000000 0.000000
-430.750000 0.000000
395.750000 0.000000
-2016.000000 0.000000
-862.000000 0.000000
2226.000000 0.000000
2266.000000 1.000000

-1428.000000 0.000000
-859.000000 0.000000
-868.000000 0.000000
596.500000 0.000000
927.500000 0.000000
-310.250000 0.000000
-2826.000000 0.000000
229.250000 0.000000
873.500000 0.000000
3118.000000 1.000000

-1608.000000 0.000000
820.500000 0.000000
4256.000000 1.000000
872.500000 0.000000
-531.500000 0.000000
-438.000000 0.000000
-678.500000 0.000000
-17.718750 0.000000
-416.250000 0.000000
-2986.000000 0.000000

-1562.000000 0.000000
-336.000000 0.000000
1318.000000 0.000000
3568.000000 1.000000
-1606.000000 0.000000
-613.500000 0.000000
-897.500000 0.000000
-742.500000 0.000000
1885.000000 0.000000
-1239.000000 0.000000

-1275.000000 0.000000
-500.500000 0.000000
-1121.000000 0.000000
1315.000000 0.000000
-1121.000000 0.000000
2876.000000 1.000000
-548.500000 0.000000
-905.500000 0.000000
553.500000 0.000000
615.500000 0.000000

-643.000000 0.000000
391.250000 0.000000
77.500000 0.000000
284.750000 0.000000
1163.000000 1.000000
-781.500000 0.000000
-1316.000000 0.000000
245.875000 0.000000
-249.000000 0.000000
395.500000 0.000000

-585.000000 0.000000
1355.000000 1.000000
-434.000000 0.000000
59.031250 0.000000
170.000000 0.000000
-566.000000 0.000000
-599.500000 0.000000
281.750000 0.000000
262.750000 0.000000
-339.750000 0.000000

2048.000000 1.000000
-910.500000 0.000000
116.812500 0.000000
-462.000000 0.000000
-937.000000 0.000000
133.250000 0.000000
-641.500000 0.000000
-347.000000 0.000000
771.000000 0.000000
-148.000000 0.000000

-951.000000 0.000000
-523.000000 0.000000
577.000000 0.000000
317.500000 0.000000
745.000000 0.000000
-420.500000 0.000000
-2110.000000 0.000000
-412.000000 0.000000
407.000000 0.000000
1893.000000 1.000000

-55.781250 0.000000
340.250000 0.000000
3200.000000 1.000000
733.000000 0.000000
-1710.000000 0.000000
-1389.000000 0.000000
-683.500000 0.000000
-7.855469 0.000000
1110.000000 0.000000
-1438.000000 0.000000

-823.500000 0.000000
-939.500000 0.000000
-193.500000 0.000000
-440.250000 0.000000
2422.000000 1.000000
-760.500000 0.000000
-536.000000 0.000000
-482.750000 0.000000
140.625000 0.000000
1120.000000 0.000000

-1389.000000 0.000000
70.562500 0.000000
-25.218750 0.000000
4320.000000 1.000000
-2064.000000 0.000000
-10.757812 0.000000
-2464.000000 0.000000
754.000000 0.000000
1200.000000 0.000000
-378.250000 0.000000

-38.093750 0.000000
-505.500000 0.000000
62.906250 0.000000
-843.000000 0.000000
687.500000 0.000000
506.750000 0.000000
2862.000000 1.000000
-876.500000 0.000000
-487.750000 0.000000
-911.000000 0.000000

-2.605469 0.000000
-863.000000 0.000000
-310.250000 0.000000
27.968750 0.000000
-252.750000 0.000000
-144.000000 0.000000
-1417.000000 0.000000
1912.000000 1.000000
-201.875000 0.000000
669.500000 0.000000

-461.500000 0.000000
221.625000 0.000000
2718.000000 1.000000
1613.000000 0.000000
-1840.000000 0.000000
-1371.000000 0.000000
-1229.000000 0.000000
-256.500000 0.000000
873.000000 0.000000
-593.000000 0.000000

2866.000000 1.000000
-620.000000 0.000000
327.750000 0.000000
-1285.000000 0.000000
-943.500000 0.000000
102.437500 0.000000
771.000000 0.000000
-409.500000 0.000000
-459.000000 0.000000
554.500000 0.000000

-1057.000000 0.000000
-638.000000 0.000000
-84.187500 0.000000
536.000000 0.000000
-402.250000 0.000000
959.500000 0.000000
2972.000000 1.000000
-2074.000000 0.000000
835.500000 0.000000
-1583.000000 0.000000

-632.000000 0.000000
-941.000000 0.000000
-486.000000 0.000000
21.140625 0.000000
-883.500000 0.000000
1352.000000 0.000000
3504.000000 1.000000
-2330.000000 0.000000
954.000000 0.000000
-808.500000 0.000000

-415.500000 0.000000
1212.000000 0.000045
-787.000000 0.000000
-1046.000000 0.000000
45.343750 0.000000
-728.500000 0.000000
-225.625000 0.000000
80.625000 0.000000
1222.000000 1.000000
-731.500000 0.000000

-552.000000 0.000000
75.125000 0.000000
-561.500000 0.000000
-608.500000 0.000000
2588.000000 1.000000
-213.250000 0.000000
-617.000000 0.000000
-638.500000 0.000000
-140.875000 0.000000
446.000000 0.000000

-2262.000000 0.000000
-628.500000 0.000000
-640.500000 0.000000
4276.000000 1.000000
-1015.500000 0.000000
698.000000 0.000000
-2850.000000 0.000000
-505.500000 0.000000
1573.000000 0.000000
967.500000 0.000000

-875.500000 0.000000
-770.500000 0.000000
-1112.000000 0.000000
316.750000 0.000000
801.500000 0.000000
-400.500000 0.000000
-1783.000000 0.000000
-123.250000 0.000000
1249.000000 0.000000
2236.000000 1.000000

-188.500000 0.000000
-673.500000 0.000000
117.750000 0.000000
195.000000 0.000000
-400.750000 0.000000
-381.750000 0.000000
-1665.000000 0.000000
2220.000000 1.000000
-142.375000 0.000000
625.000000 0.000000

-1002.500000 0.000000
-360.000000 0.000000
-351.500000 0.000000
-187.875000 0.000000
1680.000000 1.000000
-488.000000 0.000000
-426.000000 0.000000
495.500000 0.000000
325.250000 0.000000
216.875000 0.000000

