-101908480,1.221865
-19107840,1.221865
-25477120,1.221865
-12738560,1.221865
19054592,0.945830
3572736,0.945830
4763648,0.945830
2381824,0.945830
13100032,0.945830
-100204544,1.635056
-18788352,1.635056
-25051136,1.635056
-12525568,1.635056
-68890624,1.635056
-13565952,7.246377
-2543616,7.246377
-3391488,7.246377
-1695744,7.246377
-9326592,7.246377
-87490560,1.722846
-16404480,1.722846
-21872640,1.722846
-10936320,1.722846
-60149760,1.722846
-76554240,1.722846
19673088,4.059963
11475968,22.334255
26230784,4.059963
16394240,4.059963
11765760,6.422976
6863360,14.061917
15687680,6.422976
9804800,6.422976
21651456,5.561862
12630016,22.166370
28868608,5.561862
18042880,5.561862
3608576,5.561862
24489984,3.662820
14285824,22.012758
32653312,3.662820
20408320,3.662820
4081664,3.662820
4081664,3.662820
-66650112,0.884956
-38879232,0.884956
-88866816,0.884956
-55541760,0.884956
-11108352,0.884956
-11108352,0.884956
-88866816,0.884956
-56713216,19.803555
-64815104,1.314459
-64815104,1.314459
-64815104,1.314459
6573056,10.266397
7512064,2.290076
7512064,2.290076
7512064,2.290076
9999360,8.243728
11427840,8.243728
11427840,8.243728
11427840,8.243728
27141120,8.243728
54276096,16.685534
62029824,0.264131
62029824,0.264131
62029824,0.264131
147320832,0.264131
9583616,4.263276
10952704,4.263276
10952704,4.263276
10952704,4.263276
26012672,5.360444
-52527104,0.187149
-52527104,0.187149
-78118912,0.671141
-78118912,0.671141
16973824,1.158301
16973824,1.158301
9134080,8.161435
9134080,8.161435
15474688,5.134992
15474688,5.134992
10638848,5.134992
7215104,5.535055
8325120,5.535055
5550080,5.535055
14430208,5.535055
1179392,11.091817
9435136,5.535055
2670976,11.669143
65495040,1.138211
75571200,1.138211
50380800,1.138211
130990080,1.138211
10705920,6.953610
85647360,1.138211
24245760,7.557808
56993280,3.869200
12899328,7.533540
14883840,11.056071
9922560,7.533540
25798656,15.662460
2108544,12.972744
16868352,7.533540
4775232,13.537855
11224896,10.087862
11038848,8.572489
-72097792,0.738552
-18063360,2.040816
-12042240,2.040816
-31309824,2.040816
-2558976,7.803121
-20471808,2.040816
-5795328,8.401802
-13622784,4.746871
-13396992,3.141481
-2634240,10.437318
-8226816,17.152103
-9492480,17.152103
-6328320,17.152103
-16453632,17.152103
-1344768,22.025509
-10758144,17.152103
-3045504,22.531837
-7158912,19.440720
-7040256,18.082979
-1384320,24.253351
-2531328,17.152103
-70062080,1.221865
-89169920,10.629307
-101908480,1.221865
-121016320,1.221865
16672768,0.945830
19054592,0.945830
22627328,0.945830
-87678976,4.624872
-100204544,1.635056
-118992896,1.635056
-75153408,1.635056
-11870208,7.246377
-13565952,7.246377
-16109568,7.246377
-10174464,7.246377
-87490560,1.722846
-9197568,14.495657
-2940928,1.949861
-2940928,1.949861
-23527424,1.949861
-4411392,1.949861
-4411392,1.949861
-2293760,8.571429
-2293760,8.571429
-18350080,8.571429
-3440640,8.571429
-3440640,8.571429
-8028160,8.571429
2330624,10.017574
18644992,10.017574
3495936,10.017574
3495936,10.017574
8157184,10.017574
9322496,10.017574
11575296,9.412597
2170368,9.412597
2170368,9.412597
5064192,9.412597
5787648,9.412597
2082816,5.604720
2082816,5.604720
4859904,5.604720
5554176,5.604720
5554176,5.604720
-26693632,6.705540
-22478848,6.705540
-29503488,6.705540
-5619712,6.705540
-12821504,2.883156
-10797056,2.883156
-14171136,2.883156
-2699264,2.883156
-11719680,6.055046
-2232320,6.055046
-14991360,2.076503
-19676160,2.076503
-3747840,2.076503
-14991360,2.076503
-13295616,5.360444
-17450496,5.360444
-3323904,5.360444
-13295616,5.360444
-36112384,0.187149
-32829440,0.187149
-9848832,0.187149
-53706752,0.671141
-48824320,0.671141
-14647296,0.671141
-63471616,0.671141
11669504,1.158301
10608640,1.158301
3182592,1.158301
13791232,1.158301
6279680,8.161435
5708800,8.161435
1712640,8.161435
7421440,8.161435
8563200,8.161435
9671680,5.134992
2901504,5.134992
12573184,5.134992
14507520,8.748898
9671680,5.134992
6278528,8.144585
6174464,6.596459
1214080,13.632051
2220032,5.535055
56048640,2.249018
-25182208,0.065062
-2069760,11.341991
-3784704,3.030303
6975488,2.290076
16348800,6.198473
12758400,7.539503
21604224,5.962093
69844992,0.914849
40742912,6.062129
93126656,0.914849
58204160,0.914849
11640832,0.914849
11640832,0.914849
93126656,0.914849
17461248,0.914849
17461248,0.914849
81346560,1.389728
47452160,20.172638
108462080,1.389728
67788800,1.389728
13557760,1.389728
13557760,1.389728
108462080,1.389728
20336640,1.389728
20336640,1.389728
-7171584,17.755409
-16392192,10.444777
-10245120,10.444777
-2049024,10.444777
-2049024,10.444777
-16392192,10.444777
-3073536,10.444777
-3073536,10.444777
4827648,4.974016
11034624,4.974016
6896640,4.974016
-1085440,3.396226
-1085440,3.396226
-8683520,3.396226
-1628160,3.396226
-1628160,3.396226
-6748672,12.601473
-15425536,4.832714
-9640960,4.832714
-1928192,4.832714
-1928192,4.832714
-15425536,4.832714
-2892288,4.832714
-2892288,4.832714
-3845632,4.566636
-4395008,4.566636
-4395008,4.566636
-4395008,4.566636
-10438144,4.566636
-8790016,4.566636
-11536896,4.566636
-2197504,4.566636
48332800,0.203390
48332800,0.203390
48332800,0.203390
114790400,0.203390
96665600,0.203390
126873600,0.203390
24166400,0.203390
-43089920,0.228137
-43089920,0.228137
-102338560,0.228137
-86179840,0.228137
-113111040,0.228137
-21544960,0.228137
23707648,2.695231
23707648,2.695231
-14811136,0.884956
-19439616,0.884956
-3702784,0.884956
-13623296,7.636801
-32355328,7.636801
-27246592,7.636801
-35761152,7.636801
-6811648,7.636801
30441472,3.552207
30441472,3.552207
20928512,3.552207
19025920,3.552207
5707776,3.552207
32129024,2.090770
32129024,2.090770
22088704,2.090770
20080640,2.090770
6024192,2.090770
-8929280,6.055046
-8929280,6.055046
-6138880,6.055046
-5580800,6.055046
-1674240,6.055046
-14991360,2.076503
-10306560,2.076503
-9369600,2.076503
-2810880,2.076503
-13295616,5.360444
-9140736,5.360444
-8309760,5.360444
-2492928,5.360444
-42678272,0.187149
-49244160,0.187149
-32829440,0.187149
-85356544,0.187149
-6976256,6.058493
-4888576,15.542522
-11491328,12.172518
-11300864,10.692280
-2222080,17.419355
-4063232,9.677419
30658560,12.358049
20439040,3.807615
53141504,23.539387
4343296,9.465991
34746368,3.807615
9836288,10.053874
23121664,6.464864
22738432,4.888428
4471040,12.052677
8175616,3.807615
-63774720,1.348748
-42516480,1.348748
-110542848,1.348748
-9034752,7.151762
-72278016,1.348748
-20461056,7.754673
-48096768,4.073920
-47299584,2.457189
-9300480,9.804569
-17006592,1.348748
10639360,1.443696
27662336,1.443696
2260864,7.241126
18086912,1.443696
5120192,7.843456
12035776,4.166246
11836288,2.551070
2327360,9.891378
4255744,1.443696
47337472,24.132561
3868928,11.916893
16441856,5.134992
4654496,11.295058
10941088,7.755572
10759744,6.200891
2115680,13.266279
3868672,5.134992
5203200,9.313653
8810752,7.766510
8672000,6.290775
8706688,6.664118
8429184,6.701289
8741376,7.034499
8741376,7.034499
8845440,8.128211
1560960,16.031160
3330048,5.535055
2775040,5.535055
4995072,5.535055
47232000,5.092683
79979520,3.473529
78720000,1.929106
79034880,2.319826
76515840,2.358727
79349760,2.707446
79349760,2.707446
80294400,3.852065
14169600,12.122854
30228480,1.138211
25190400,1.138211
45342720,1.138211
9302400,11.232198
15752064,13.878258
15504000,12.500310
15566016,12.848913
15069888,12.154145
15628032,13.194752
15628032,8.967223
-15079680,10.038197
-2661120,13.804714
-5677056,12.265512
-4730880,3.030303
-8515584,3.030303
27683968,14.067348
27248000,12.692425
27356992,13.040264
26485056,11.414618
27465984,13.385342
27465984,13.385342
27792960,14.404339
4904640,13.146734
10463232,22.333138
8719360,2.290076
15694848,2.290076
21264000,4.457487
21349056,4.838134
20668608,4.876032
21434112,5.215761
21434112,5.215761
21689280,6.330869
3827520,14.388429
8165376,3.686983
6804480,3.686983
12248064,3.686983
40742912,6.062129
46563328,0.914849
46563328,0.914849
46563328,0.914849
47452160,20.172638
54231040,1.389728
54231040,1.389728
54231040,1.389728
-7171584,17.755409
-8196096,10.444777
15368192,4.477612
15368192,4.477612
36499456,4.477612
19482624,1.103753
22265856,1.103753
22265856,1.103753
22265856,1.103753
52881408,1.103753
-4687872,2.140673
-5357568,2.140673
-5357568,2.140673
-5357568,2.140673
-12724224,2.140673
20054016,5.882353
20054016,5.882353
41156608,3.184713
41156608,3.184713
21692416,3.323263
21692416,3.323263
-14811136,0.884956
-14811136,0.884956
-27246592,7.636801
-27246592,7.636801
-18732032,7.636801
24733696,3.552207
28538880,10.900610
19025920,3.552207
49467392,20.510061
4043008,9.225606
32344064,3.552207
9156224,9.815051
26104832,2.090770
30120960,10.793813
20080640,2.090770
52209664,22.174715
4267136,7.850137
13956096,7.021791
32805888,3.311796
-6875648,0.871249
-7933440,0.871249
-5288960,0.871249
-13751296,0.871249
-1123904,6.702352
-8991232,0.871249
-2545312,7.308181
-5983136,3.609612
-5883968,1.985055
15162368,10.096576
17495040,10.096576
11663360,10.096576
30324736,10.096576
2478464,15.385013
19827712,10.096576
5612992,15.934462
13194176,12.580095
12975488,11.106727
2551360,17.802584
-47816704,0.222717
-55173120,4.023757
-36782080,0.222717
-95633408,8.994346
-7816192,6.091969
-62529536,0.222717
-17701376,6.701761
-41609728,2.978996
-40920064,1.343810
-8046080,8.775055
-14712832,0.222717
-9523200,13.290323
-16125952,15.875031
-15872000,14.529032
-15935488,14.869555
-49859712,1.419407
-51706368,1.771480
-45772800,4.644295
-77508608,3.017492
-76288000,1.465772
-76593152,1.858338
-74151936,1.897423
-76898304,2.247789
-76898304,2.247789
9945600,5.111969
16841216,3.493144
16576000,1.949035
16642304,2.339676
16111872,2.378569
16708608,2.727217
16708608,2.727217
16907520,3.871603
5352000,11.834977
9062720,10.330850
8920000,8.896144
8955680,9.259107
8670240,9.295244
8991360,9.619190
8991360,9.619190
9098400,10.682493
1605600,18.365721
9067200,8.929592
15353792,11.644290
15112000,10.230597
15172448,10.588245
14688864,9.875454
15232896,10.943053
15232896,10.943053
15414240,11.990783
2720160,15.675550
5803008,14.169754
3885056,5.535055
2497536,5.535055
7111040,7.839078
8845440,8.128211
8255744,7.916524
8429184,6.701289
8845440,8.128211
8810752,7.766510
35266560,1.138211
22671360,1.138211
64550400,3.549474
80294400,3.852065
74941440,3.630525
76515840,2.358727
80294400,3.852065
79979520,3.473529
79034880,2.319826
6945792,15.081823
4465152,7.533540
12713280,9.788819
15814080,14.215989
14759808,13.416759
15069888,12.154145
15814080,14.215989
15752064,13.878258
15566016,12.848913
15379968,11.794667
-38821888,0.738552
-24956928,0.738552
-71057920,3.159563
-88389120,3.463376
-82496512,3.240942
-84229632,1.964002
-88389120,3.463376
-88042496,3.083311
-87002624,1.924944
-85962752,0.738552
-42245376,3.042643
5730816,3.939962
3684096,3.939962
10489440,6.282891
13047840,6.576905
12177984,6.361644
12433824,5.125889
13047840,6.576905
12996672,6.209097
12843168,5.088090
12689664,3.939962
10284768,4.417873
10131264,6.850873
20642816,3.487276
17383424,3.487276
22815744,3.487276
4345856,3.487276
-14932480,16.612377
-12574720,16.612377
-16504320,16.612377
-3143680,16.612377
-73859072,0.621118
-96940032,0.621118
-18464768,0.621118
-8683520,3.396226
-11397120,3.396226
-2170880,3.396226
-8683520,3.396226
-15425536,4.832714
-20246016,4.832714
-3856384,4.832714
-15425536,4.832714
-6043136,4.566636
-5493760,4.566636
-1648128,4.566636
66457600,0.203390
7716864,3.184713
33439744,3.184713
14913536,3.323263
13557760,3.323263
4067328,3.323263
17625088,3.323263
-10182656,0.884956
-9256960,0.884956
-2777088,0.884956
-12034048,0.884956
-13885440,4.660767
-17029120,7.636801
-5108736,7.636801
-22137856,7.636801
-25543680,15.846864
-17029120,7.636801
21523072,6.216510
21166336,4.635890
4161920,11.819160
7610368,3.552207
22339712,3.190874
4392640,10.482990
8032256,2.090770
-1220800,14.107471
-2232320,6.055046
-3747840,2.076503
-8784000,5.993443
-7790400,9.146026
-13191744,7.596024
-51706368,1.771480
-52321920,2.927110
-9233280,11.277466
-19697664,0.187149
-16414720,0.187149
-29546496,0.187149
-77813760,3.397816
12263424,25.183701
10219520,3.807615
18395136,3.807615
14307328,22.129974
-11957760,12.309998
-25509888,1.348748
-21258240,1.348748
-38264832,1.348748
-29761536,1.348748
-19132416,1.348748
6383616,1.443696
5319680,1.443696
9575424,1.443696
7447552,1.443696
4787712,1.443696
13631680,3.847508
9103360,6.411698
16386048,6.411698
12744704,22.866783
8193024,6.411698
23327360,8.694341
29016960,18.014954
52593536,3.428437
51964928,2.260232
42116736,2.746500
41488128,5.222044
11943552,3.974965
63698944,2.260232
-97581056,10.810755
-79087872,0.562251
-77907456,3.093393
-22427904,11.168944
-119615488,0.065062
-11886336,3.512739
-11708928,5.968779
-3370752,8.620035
18852864,7.533540
13519488,9.351360
-68631552,3.746475
-19757568,2.479981
-105373696,0.738552
-75564032,1.649208
-88389120,3.463376
-3708192,16.935476
-19777024,11.854403
-14182208,13.587278
-16589280,18.224588
-15678496,15.564147
-36896768,3.374778
-36896768,3.374778
-25366528,3.374778
-23060480,3.374778
-6918144,3.374778
20332544,7.171636
20332544,7.171636
13978624,7.171636
12707840,7.171636
3812352,7.171636
30736384,4.477612
30736384,4.477612
21131264,4.477612
19210240,4.477612
5763072,4.477612
44531712,1.103753
30615552,1.103753
27832320,1.103753
8349696,1.103753
-10715136,2.140673
-7366656,2.140673
-6696960,2.140673
-2009088,2.140673
16293888,5.882353
18800640,5.882353
12533760,5.882353
32587776,5.882353
2663424,11.418685
21307392,5.882353
6031872,11.993889
14178816,8.482287
13943808,6.939855
2741760,13.949580
5013504,5.882353
38584320,4.543524
25722880,3.184713
66879488,6.320431
5466112,8.879730
43728896,3.184713
12379136,9.471420
29099008,5.859169
28616704,4.272526
5626880,11.483167
10289152,3.184713
20336640,3.323263
13557760,3.323263
35250176,3.323263
2881024,9.010129
23048192,3.323263
6524672,9.600973
15337216,5.993891
15083008,4.409518
2965760,11.609840
5423104,3.323263
-9256960,0.884956
-24068096,9.598366
-1967104,6.715252
-15736832,0.884956
-4454912,7.320998
-10471936,3.622941
-10298368,1.998608
3297280,4.596273
215547904,20.826998
17616896,6.254359
140935168,0.395257
39897088,6.863097
93784064,3.146769
92229632,1.514411
18135040,8.932807
33161216,0.395257
-9916800,4.836399
-16792448,3.212873
-16528000,1.664279
-16594112,2.056055
-16065216,2.095061
-16660224,2.444721
-16660224,2.444721
-16858560,3.592430
-2975040,11.885554
-6346752,0.871249
-5288960,0.871249
-9520128,0.871249
27187200,4.542373
46036992,2.913831
45312000,1.360452
45493248,1.753438
44043264,1.792565
45674496,2.143306
45674496,2.143306
46218240,3.294561
8156160,11.613308
17399808,0.564972
14499840,0.564972
26099712,0.564972
-4958400,4.836399
-8396224,3.212873
-8264000,1.664279
-8754880,7.177894
-8475840,7.214860
-8789760,7.546236
-8789760,7.546236
-8894400,8.633927
-1569600,16.493374
-3348480,6.055046
-2790400,6.055046
-5022720,6.055046
-14874240,8.795663
-14640000,7.336394
-14698560,7.705572
-14230080,6.969799
-14757120,8.071819
-14757120,8.071819
-14932800,9.153327
-2635200,12.956892
-5621760,11.402551
-4684800,2.076503
-8432640,2.076503
-12984000,6.117560
-13035936,6.491594
-12620448,6.528833
-13087872,6.862659
-13087872,6.862659
-13243680,7.958392
-2337120,15.875951
-4985856,5.360444
-4154880,5.360444
-7478784,5.360444
-22980608,0.187149
-14773248,0.187149
-42062720,2.621609
-52321920,2.927110
-48833792,2.703439
-49859712,1.419407
-52321920,2.927110
-52116736,2.544933
-51501184,1.380131
-50885632,0.187149
-41241984,0.683730
-40626432,3.211781
-11695488,1.938252
-62375936,0.187149
-21970944,0.671141
-62556160,3.093796
-77813760,3.397816
-72626176,3.175230
-74151936,1.897423
-77813760,3.397816
-77508608,3.017492
-76593152,1.858338
-75677696,0.671141
-61335552,1.165314
-60420096,3.681107
-17393664,2.413753
-92766208,0.671141
13592320,3.569074
16907520,3.871603
15780352,3.650109
16111872,2.378569
16907520,3.871603
16841216,3.493144
16642304,2.339676
16443392,1.158301
13327104,1.650051
13128192,4.153504
3779328,2.892366
20156416,1.158301
9098400,10.682493
8491840,10.476693
8670240,9.295244
9098400,10.682493
9062720,10.330850
8955680,9.259107
8848640,8.161435
7171680,8.618343
7064640,10.944422
2033760,9.772638
10846720,8.161435
14386624,11.170821
14688864,9.875454
15414240,11.990783
15353792,11.644290
15172448,10.588245
14991104,9.506652
12150048,5.606957
11968704,8.009689
3445536,10.603401
18376192,5.134992
7561984,6.401707
8845440,8.128211
8359808,5.927026
8845440,8.128211
8637312,5.914433
8672000,6.290775
8706688,6.664118
8672000,6.290775
8845440,8.128211
8845440,8.128211
8394496,6.315757
7770112,5.535055
1699712,7.462911
6660096,5.535055
68643840,2.045200
80294400,3.852065
75886080,1.548426
80294400,3.852065
78405120,1.535247
78720000,1.929106
79034880,2.319826
78720000,1.929106
80294400,3.852065
80294400,3.852065
76200960,1.955251
70533120,1.138211
15429120,3.155799
60456960,1.138211
15814080,14.215989
14945856,11.425134
15814080,14.215989
15441984,12.148906
15504000,12.500310
15566016,12.848913
15504000,12.500310
15814080,14.215989
15814080,14.215989
15007872,11.791145
13891584,11.307680
3038784,9.420610
11907072,7.533540
-83536384,1.150426
-88389120,3.463376
-86309376,1.137193
-86656000,1.532644
-87002624,1.924944
-86656000,1.532644
-88389120,3.463376
-88389120,3.463376
-83883008,1.558895
-77643776,0.738552
-16984576,2.764296
-66551808,0.738552
-16589280,18.224588
-16198944,16.254097
-16264000,16.589079
-16329056,16.921394
-16264000,16.589079
-16589280,18.224588
-16589280,18.224588
-15743552,15.913054
-14572544,15.452183
-3187744,13.653292
-12490752,11.854403
-29978624,3.374778
-34590720,3.374778
-23060480,3.374778
-59957248,3.374778
-4900352,9.058615
-39202816,3.374778
-11097856,9.649143
16520192,7.171636
19061760,7.171636
12707840,7.171636
33040384,7.171636
2700416,12.632127
21603328,7.171636
6115648,13.199451
14375744,9.735955
24973312,4.477612
28815360,11.755508
19210240,4.477612
49946624,21.272758
4082176,10.096576
32657408,4.477612
9244928,10.680364
21731584,7.116352
21371392,5.550897
36182016,1.103753
41748480,1.103753
27832320,1.103753
72364032,1.103753
5914368,6.921179
47314944,1.103753
13394304,7.525587
31485312,3.835693
30963456,2.214947
6088320,9.580574
-8706048,2.140673
-10045440,2.140673
-6696960,2.140673
-17412096,2.140673
-1423104,7.897104
-11384832,2.140673
-3222912,8.495174
-7575936,4.843969
-7450368,3.240216
-1464960,10.528615
-2678784,2.140673
11750400,9.647058
19897344,8.105604
19584000,6.635294
19662336,7.007265
19035648,7.044299
19740672,7.376284
24115200,7.057325
40835072,7.076584
40192000,5.589809
40352768,5.965945
39066624,5.721999
40513536,6.339096
40513536,6.339096
12710400,7.190332
21522944,5.606966
21184000,4.096677
21268736,4.478762
20590848,4.516803
21353472,4.857814
21353472,4.857814
21607680,5.977134
-8678400,4.849557
-14695424,7.685876
-14464000,6.208850
-14521856,6.582520
-14059008,5.837794
-14579712,6.953224
-14579712,6.953224
-14753280,8.047892
-2603520,11.897738
-15964800,11.331328
-27033728,19.515532
-26608000,18.227781
-26714432,18.553566
-25862976,16.885790
-26820864,18.876766
-26820864,18.876766
-27140160,19.831158
-4789440,17.899380
-10217472,28.161955
13318144,19.298784
8561664,3.552207
24376960,5.904592
30322560,14.844974
28301056,13.393818
28895616,12.000603
30322560,14.844974
30203648,14.509718
14056448,20.740147
9036288,2.090770
25728320,4.478800
32003520,15.017348
29869952,13.335247
30497472,11.895123
32003520,15.017348
31878016,14.682772
31501504,13.663043
-3906560,6.055046
-2511360,6.055046
-7150400,8.346386
-8894400,8.633927
-8301440,8.423406
-8475840,7.214860
-8894400,8.633927
-8859520,8.274218
-8754880,7.177894
-8650240,6.055046
-6558720,10.070257
-4216320,2.076503
-12004800,4.464881
-14932800,9.153327
-13937280,8.306930
-14230080,6.969799
-14932800,9.153327
-14874240,8.795663
-14698560,7.705572
-14522880,6.589107
-11770560,2.563684
-5816832,5.360444
-3739392,5.360444
-10646880,7.668725
-13243680,7.958392
-12360768,7.746315
-12620448,6.528833
-13243680,7.958392
-13191744,7.596024
-13035936,6.491594
-12880128,5.360444
-10439136,5.831287
-10283328,8.228309
-44730112,1.102863
-52321920,2.927110
-49449344,0.601310
-52321920,2.927110
-51090816,0.588004
-51296000,0.985652
-51501184,1.380131
-66523136,1.582415
-77813760,3.397816
-73541632,1.083294
-77813760,3.397816
-75982848,1.070052
-76288000,1.465772
-76593152,1.858338
-76288000,1.465772
14454272,2.065106
16907520,3.871603
15979264,1.568433
16907520,3.871603
16509696,1.555256
16576000,1.949035
16642304,2.339676
16576000,1.949035
16907520,3.871603
7778240,9.003991
9098400,10.682493
8598880,8.542508
9098400,10.682493
8884320,8.530264
8920000,8.896144
8955680,9.259107
8920000,8.896144
9098400,10.682493
9098400,10.682493
13177664,6.999966
15414240,11.990783
14567968,9.127533
15414240,11.990783
15051552,9.870078
15112000,10.230597
15172448,10.588245
15112000,10.230597
15414240,11.990783
15414240,11.990783
14628416,9.503038
8880128,5.535055
1110016,5.535055
1665024,5.535055
1110016,5.535055
1110016,5.535055
8880128,5.535055
2254720,6.988362
7908864,7.192335
8845440,8.128211
8810752,7.766510
8463872,7.083661
4127872,11.091817
1179392,11.091817
80609280,1.138211
10076160,1.138211
15114240,1.138211
10076160,1.138211
10076160,1.138211
80609280,1.138211
20467200,2.659162
71792640,2.872629
80294400,3.852065
79979520,3.473529
76830720,2.758896
37470720,6.953610
10705920,6.953610
12910080,3.549474
15876096,7.533540
1984512,7.533540
2976768,7.533540
1984512,7.533540
1984512,7.533540
15876096,7.533540
4031040,8.956100
14139648,12.863687
15814080,14.215989
15752064,13.878258
15131904,12.514168
7379904,20.077009
2108544,12.972744
2542656,9.788819
6821760,20.262688
-11091968,0.738552
-16637952,0.738552
-11091968,0.738552
-11091968,0.738552
-88735744,0.738552
-22530560,2.265652
-79030272,2.479981
-88389120,3.463376
-88042496,3.083311
-84576256,2.365789
-41248256,6.577461
-11785216,6.577461
-14211584,3.159563
-38128640,6.152813
-86656000,1.532644
-3122688,11.854403
-2081792,11.854403
-2081792,11.854403
-16654336,11.854403
-4228640,13.210489
-14832768,16.935476
-16589280,18.224588
-16524224,17.902637
-15873664,16.602291
-7741664,23.811728
-2211904,17.039438
-2667296,14.004294
-7156160,23.988731
-16264000,16.589079
-16589280,18.224588
-26087168,6.043983
-25654784,4.460455
-5044480,11.656940
-9224192,3.374778
14137472,8.214651
2779840,15.128353
5083136,7.171636
4202240,12.665245
7684096,4.477612
11132928,1.103753
26092800,5.059602
-6278400,6.055046
-10631424,4.452311
19740672,7.376284
19975680,8.465975
3525120,16.339870
7520256,5.882353
6266880,5.882353
11280384,5.882353
40995840,7.440989
7234560,13.941967
15433728,6.581741
12861440,3.184713
23150592,3.184713
18006016,6.096451
3813120,14.065123
8134656,3.323263
6778880,3.323263
12201984,3.323263
9490432,3.323263
6100992,3.323263
-5554176,10.324484
-4628480,0.884956
-8331264,0.884956
-6479872,8.975980
-4165632,0.884956
-11860480,3.302396
-8514560,7.636801
-15326208,7.636801
-11920384,25.229792
-7663104,7.636801
-21818560,9.889562
-27140160,19.831158
29846912,13.487922
29490176,12.441404
23901312,4.032046
23544576,6.474867
6777984,12.979434
36149248,3.552207
31124992,12.618645
25226304,2.577881
24849792,5.057716
7153728,12.969573
38153216,2.090770
-7010880,6.522433
-6906240,8.901863
-1988160,7.703203
-10603520,6.055046
-7603840,6.916926
-11594880,5.043881
-3337920,7.721215
-17802240,2.076503
-12766080,4.001605
-14932800,9.153327
-2960352,7.020786
-15788544,5.360444
-11322048,6.228696
-13243680,7.958392
-12516576,5.753139
-51296000,0.985652
-52321920,2.927110
-52321920,2.927110
-49654528,1.012049
-45961216,0.187149
-10054016,2.224146
-39395328,0.187149
-52527104,0.187149
-6565888,0.187149
-9848832,0.187149
-6565888,0.187149
-6565888,0.187149
-52527104,0.187149
-77813760,3.397816
-77813760,3.397816
-73846784,1.492041
-68354048,0.671141
-14952448,2.698261
-58589184,0.671141
-78118912,0.671141
-9764864,0.671141
-14647296,0.671141
-9764864,0.671141
-9764864,0.671141
-78118912,0.671141
16907520,3.871603
16045568,1.975175
14852096,1.158301
3248896,3.175479
12730368,1.158301
16973824,1.158301
2121728,1.158301
3182592,1.158301
2121728,1.158301
2121728,1.158301
16973824,1.158301
4309760,2.678943
8634560,8.920431
7992320,8.161435
1748320,10.035691
6850560,8.161435
1141760,8.161435
1712640,8.161435
1141760,8.161435
1141760,8.161435
9134080,8.161435
2319200,9.574336
8135040,9.772638
13540352,9.007033
2961952,7.071012
11606016,5.134992
2901504,5.134992
1934336,5.134992
1934336,5.134992
15474688,5.134992
3929120,6.594454
13782144,10.603401
15414240,11.990783
1422208,7.839078
3815680,10.687689
8672000,6.290775
8845440,8.128211
8602624,5.535055
4301312,8.582312
11100160,5.535055
8880128,5.535055
8880128,5.535055
34636800,6.530672
78720000,1.929106
80294400,3.852065
78090240,1.138211
39045120,4.327302
100761600,1.138211
80609280,1.138211
60456960,1.138211
15504000,12.500310
15814080,14.215989
15379968,11.794667
7689984,19.038584
19845120,7.533540
11907072,7.533540
-88389120,3.463376
-85962752,0.738552
-42981376,3.940535
-110919680,0.738552
-66551808,0.738552
-21490688,10.344499
-16133888,15.916411
-8066944,22.821827
-20817920,11.854403
-12490752,11.854403
-4033472,23.634228
-6700768,25.669178
-21619200,7.239787
-36608512,5.657263
-36032000,4.147779
-36176128,4.529661
-35023104,4.567682
-36320256,4.908512
-36320256,4.908512
-36752640,6.027235
-6485760,14.110914
-13836288,3.374778
-11530240,3.374778
-20754432,3.374778
11913600,10.884770
20173696,9.364432
19856000,7.914263
19935424,8.281137
19300032,8.317665
20014848,8.645102
20014848,8.645102
20253120,9.719865
3574080,17.485899
7624704,7.171636
6353920,7.171636
11437056,7.171636
18009600,8.298508
30496256,15.329987
30016000,13.975267
30136064,14.317994
29175552,12.844947
30256128,14.658003
30256128,14.658003
30616320,15.662026
5402880,15.091210
11526144,22.672352
9605120,4.477612
17289216,4.477612
44183808,3.439885
43488000,1.894923
43661952,2.285780
42270336,2.324694
43835904,2.673534
43835904,2.673534
44357760,3.818552
7827840,12.092224
16699392,1.103753
13916160,1.103753
25049088,1.103753
-10464000,2.923548
-10505856,3.310306
-10171008,3.348813
-10547712,3.693995
-10547712,3.693995
-10673280,4.827007
-1883520,13.013930
-4018176,2.140673
-3348480,2.140673
-6027264,2.140673
8773632,5.882353
5640192,5.882353
16058880,8.177905
19975680,8.465975
18643968,8.255067
19035648,7.044299
19975680,8.465975
19897344,8.105604
19662336,7.007265
19427328,5.882353
15745536,6.350600
15510528,8.734403
4465152,7.533540
23814144,5.882353
11575296,3.184713
32957440,5.546062
40995840,7.440989
38262784,6.995665
39066624,5.721999
40995840,7.440989
40835072,7.076584
40352768,5.965945
39870464,4.828436
32314368,3.666382
31832064,6.118510
9163776,6.313555
48873472,3.184713
17370880,5.681232
21607680,5.977134
20167168,5.760492
20590848,4.516803
21607680,5.977134
21522944,5.606966
21268736,4.478762
21014528,3.323263
17031936,3.804241
16777728,6.252861
4829952,5.019346
25759744,3.323263
-14753280,8.047892
-13769728,7.191195
-14059008,5.837794
-14753280,8.047892
-14695424,7.685876
-14521856,6.582520
-14348288,5.452469
-11629056,1.378065
-11455488,3.888442
-3297792,6.598354
-17588224,0.884956
-25330816,18.244339
-25862976,16.885790
-27140160,19.831158
-27033728,19.515532
-26714432,18.553566
-26395136,17.568327
-21392832,8.096319
-21073536,10.435685
-6066624,17.899380
-32355328,7.636801
25922816,6.459545
30322560,14.844974
28657792,11.270317
30322560,14.844974
29609088,12.793045
29728000,13.141873
29846912,13.487922
29728000,13.141873
30322560,14.844974
30322560,14.844974
28776704,11.636969
26636288,11.425496
5826688,5.520529
22831104,3.552207
27359872,5.384353
32003520,15.017348
30246464,11.163962
32003520,15.017348
31250496,12.969573
31376000,13.317696
31501504,13.663043
31376000,13.317696
32003520,15.017348
32003520,15.017348
30371968,11.531054
28112896,11.415459
6149696,4.088918
24096768,2.090770
-8894400,8.633927
-8406080,6.444859
-8894400,8.633927
-8685120,6.432335
-8720000,6.806605
-8754880,7.177894
-8720000,6.806605
-8894400,8.633927
-8894400,8.633927
-8440960,6.831451
-7813120,6.055046
-1709120,7.972290
-6696960,6.055046
-14112960,6.197764
-14932800,9.153327
-14581440,6.964251
-14640000,7.336394
-14698560,7.705572
-14640000,7.336394
-14932800,9.153327
-14932800,9.153327
-14171520,6.585377
-13117440,6.073380
-2869440,4.074942
-11243520,2.076503
-13243680,7.958392
-12932064,5.740522
-12984000,6.117560
-13035936,6.491594
-12984000,6.117560
-13243680,7.958392
-13243680,7.958392
-12568512,6.142589
-11633664,5.360444
-2544864,7.291863
-9971712,5.360444
-13336960,1.722731
-46781952,1.938252
-52321920,2.927110
-52116736,2.544933
-50064896,1.823425
-24416896,6.058493
-6976256,6.058493
-8412544,2.621609
-22570240,5.631486
-51296000,0.985652
-52321920,2.927110
-50885632,0.187149
-25442816,3.406919
-65658880,0.187149
-19834880,2.199277
-69574656,2.413753
-77813760,3.397816
-77508608,3.017492
-74457088,2.299483
-36313088,6.514015
-10375168,6.514015
-12511232,3.093796
-33566720,6.089078
-76288000,1.465772
-77813760,3.397816
-75677696,0.671141
-37838848,3.875298
-97648640,0.671141
15117312,2.892366
16907520,3.871603
16841216,3.493144
16178176,2.778657
7890176,6.972518
2254336,6.972518
2718464,3.569074
7293440,6.549667
16576000,1.949035
16907520,3.871603
16443392,1.158301
8221696,4.346743
21217280,1.158301
9098400,10.682493
9062720,10.330850
8705920,9.666986
4245920,13.563703
1213120,13.563703
1462880,10.401401
3924800,13.170812
8920000,8.896144
9098400,10.682493
8848640,8.161435
4424320,11.123969
11417600,8.161435
15353792,11.644290
14749312,10.244817
7193312,18.003836
2055232,10.715286
2478368,7.448773
6649280,18.194332
15112000,10.230597
15414240,11.990783
14991104,9.506652
7495552,16.938473
19343360,5.134992
6660096,5.535055
2150656,14.676825
3572864,11.955003
3919744,6.371028
4058496,9.572019
1179392,11.091817
6937600,5.535055
8463872,7.083661
8845440,8.128211
8845440,8.128211
6660096,5.535055
19522560,10.705482
32432640,7.856974
35581440,2.013094
36840960,5.363074
10705920,6.953610
62976000,1.138211
76830720,2.758896
80294400,3.852065
80294400,3.852065
60456960,1.138211
3844992,19.890808
6387648,22.025509
7007808,15.833311
7255872,18.710804
2108544,12.972744
12403200,7.533540
15131904,12.514168
15814080,14.215989
15814080,14.215989
11907072,7.533540
-35702272,7.484476
-39168512,1.616972
-40555008,4.980494
-11785216,6.577461
-69324800,0.738552
-84576256,2.365789
-88389120,3.463376
-88389120,3.463376
-66551808,0.738552
-7351328,19.766335
-7611552,22.509365
-2211904,17.039438
-13011200,11.854403
-15873664,16.602291
-16589280,18.224588
-16589280,18.224588
-12490752,11.854403
-16142336,3.374778
-10377216,3.374778
-29546240,5.731491
-36752640,6.027235
-34302464,5.810708
-35023104,4.567682
-36752640,6.027235
-36608512,5.657263
8895488,7.171636
5718528,7.171636
16281920,9.435742
20253120,9.719865
18902912,9.511847
19300032,8.317665
20253120,9.719865
20173696,9.364432
19935424,8.281137
13447168,20.073105
8644608,4.477612
24613120,6.807426
30616320,15.662026
28575232,14.224794
29175552,12.844947
30616320,15.662026
30496256,15.329987
30136064,14.317994
29775872,13.281518
19482624,1.103753
12524544,1.103753
35660160,3.515856
44357760,3.818552
41400576,3.596936
42270336,2.324694
44357760,3.818552
44183808,3.439885
43661952,2.285780
43140096,1.103753
34964352,1.595774
-4687872,2.140673
-3013632,2.140673
-8580480,4.527486
-10673280,4.827007
-9961728,4.607715
-10171008,3.348813
-10673280,4.827007
-10631424,4.452311
-10505856,3.310306
-10380288,2.140673
-8413056,2.627535
-8287488,5.106107
17077248,6.745818
19975680,8.465975
18878976,6.272883
19975680,8.465975
19505664,6.260335
19584000,6.635294
19662336,7.007265
35047424,4.446912
40995840,7.440989
38745088,4.939610
40995840,7.440989
40031232,5.210651
40192000,5.589809
40352768,5.965945
40192000,5.589809
18472448,4.210206
21607680,5.977134
20421376,3.724411
21607680,5.977134
21099264,3.711523
21184000,4.096677
21268736,4.478762
21184000,4.096677
21607680,5.977134
-12612608,2.833482
-14753280,8.047892
-13943296,5.056365
-14753280,8.047892
-14406144,5.832178
-14464000,6.208850
-14521856,6.582520
-14464000,6.208850
-14753280,8.047892
-14753280,8.047892
-23202176,10.743820
-27140160,19.831158
-25650112,16.196047
-27140160,19.831158
-26501568,17.899380
-26608000,18.227781
-26714432,18.553566
-26608000,18.227781
-27140160,19.831158
-27140160,19.831158
-25756544,16.542343
30441472,3.552207
3805184,3.552207
5707776,3.552207
3805184,3.552207
3805184,3.552207
30441472,3.552207
7729280,5.036019
27111936,12.979434
30322560,14.844974
30203648,14.509718
29014528,12.361256
14150528,24.045916
4043008,9.225606
32129024,2.090770
4016128,2.090770
6024192,2.090770
4016128,2.090770
4016128,2.090770
32129024,2.090770
8157760,3.597066
28614912,12.969573
32003520,15.017348
31878016,14.682772
30622976,12.256209
14934976,25.402493
4267136,7.850137
5145664,4.478800
-8929280,6.055046
-1116160,6.055046
-1674240,6.055046
-1116160,6.055046
-1116160,6.055046
-8929280,6.055046
-2267200,7.500353
-7952640,7.703203
-8894400,8.633927
-8859520,8.274218
-8510720,7.595127
-4150720,11.581220
-1185920,11.581220
-1430080,8.346386
-3836800,11.179316
-1873920,2.076503
-2810880,2.076503
-1873920,2.076503
-1873920,2.076503
-14991360,2.076503
-3806400,3.583018
-13351680,7.721215
-14932800,9.153327
-14874240,8.795663
-14288640,7.351070
-6968640,15.360242
-1991040,7.836709
-2400960,4.464881
-6441600,15.556881
-14640000,7.336394
-2492928,5.360444
-1661952,5.360444
-1661952,5.360444
-13295616,5.360444
-3375840,6.816437
-11841408,7.020786
-13243680,7.958392
-13191744,7.596024
-12672384,6.911912
-6180384,10.927476
-1765824,10.927476
-2129376,7.668725
-5712960,10.522601
-12984000,6.117560
-13243680,7.958392
-52527104,0.187149
-52527104,0.187149
-39395328,0.187149
-12721408,9.846457
-21133952,6.970546
-23185792,1.070449
-24006528,4.452655
-6976256,6.058493
-78118912,0.671141
-58589184,0.671141
-18919424,10.283611
-31430656,7.421646
-34482176,1.550157
-35702784,4.915964
-10375168,6.514015
12730368,1.158301
4110848,10.723627
6829312,7.875698
7492352,2.033006
7757568,5.382305
2254336,6.972518
6850560,8.161435
2212160,17.049038
3675040,14.402890
4031840,8.974166
4174560,12.086160
1213120,13.563703
7136000,8.161435
11606016,5.134992
3747776,17.812805
6226144,20.002878
6830624,13.650057
7072416,16.602192
2055232,10.715286
12089600,5.134992
14749312,10.244817
1110016,5.535055
8880128,5.535055
8880128,5.535055
1110016,5.535055
1110016,5.535055
2220032,5.535055
6105088,5.535055
3885056,5.535055
80609280,1.138211
80609280,1.138211
10076160,1.138211
10076160,1.138211
20152320,1.138211
55418880,1.138211
35266560,1.138211
30228480,1.138211
15876096,7.533540
1984512,7.533540
1984512,7.533540
3969024,7.533540
10914816,7.533540
6945792,15.081823
5953536,16.339870
-88735744,0.738552
-11091968,0.738552
-11091968,0.738552
-22183936,0.738552
-61005824,0.738552
-38821888,0.738552
-33275904,0.738552
-25996800,4.709010
-16654336,11.854403
-2081792,11.854403
-2081792,11.854403
-4163584,11.854403
-11449856,11.854403
-7286272,19.049961
-6245376,20.249220
-4879200,15.380226
-15873664,16.602291
-36176128,4.529661
-35743744,3.374778
-28969728,3.855500
-28537344,6.302815
-8215296,5.069957
-43814912,3.374778
19697152,7.171636
15964224,7.633469
15725952,9.984616
4527168,8.800203
24144896,7.171636
24132864,4.952847
23772672,7.372230
6843648,13.814386
36499456,4.477612
26173952,7.357055
34442496,4.100609
9915264,2.838775
52881408,1.103753
37921536,2.011058
44357760,3.818552
-2385792,3.857503
-12724224,2.140673
-9124608,3.038465
-10673280,4.827007
-10087296,2.546728
19584000,6.635294
19975680,8.465975
19975680,8.465975
18957312,6.660185
17547264,5.882353
3838464,7.803121
15040512,5.882353
20054016,5.882353
2506752,5.882353
3760128,5.882353
2506752,5.882353
2506752,5.882353
20054016,5.882353
40995840,7.440989
40995840,7.440989
38905856,5.332421
36012032,4.640582
7877632,5.160535
30867456,3.184713
41156608,3.184713
5144576,3.184713
7716864,3.184713
5144576,3.184713
5144576,3.184713
41156608,3.184713
21607680,5.977134
20506112,4.122244
18980864,3.323263
4152064,5.296257
16269312,3.323263
21692416,3.323263
2711552,3.323263
4067328,3.323263
2711552,3.323263
2711552,3.323263
21692416,3.323263
5507840,4.810597
-14001152,5.448695
-12959744,4.930468
-2834944,2.907712
-11108352,0.884956
-1851392,0.884956
-2777088,0.884956
-1851392,0.884956
-1851392,0.884956
-14811136,0.884956
-3760640,2.409803
-13191168,6.598354
-23840768,16.433296
-5215168,9.521765
-20434944,7.636801
-5108736,7.636801
-3405824,7.636801
-3405824,7.636801
-27246592,7.636801
-6918080,9.057773
-24266496,17.899380
-27140160,19.831158
4875392,5.904592
13080320,24.845877
29728000,13.141873
30322560,14.844974
29490176,12.441404
14745088,24.441820
38051840,3.552207
30441472,3.552207
30441472,3.552207
13805440,26.419729
31376000,13.317696
32003520,15.017348
31124992,12.618645
15562496,26.304880
40161280,2.090770
32129024,2.090770
24096768,2.090770
-8720000,6.806605
-8894400,8.633927
-8650240,6.055046
-4325120,9.085528
-11161600,6.055046
-6696960,6.055046
-14932800,9.153327
-14522880,6.589107
-7261440,14.260532
-18739200,2.076503
-11243520,2.076503
-3630720,15.163054
-12880128,5.360444
-6440064,8.413333
-16619520,5.360444
-9971712,5.360444
-3220032,14.519111
-5349408,11.792258
-41036800,0.187149
-50064896,1.823425
-52321920,2.927110
-52321920,2.927110
-39395328,0.187149
-6565888,0.187149
-52527104,0.187149
-52527104,0.187149
-6565888,0.187149
-61030400,0.671141
-74457088,2.299483
-77813760,3.397816
-77813760,3.397816
-58589184,0.671141
-78118912,0.671141
-78118912,0.671141
-9764864,0.671141
13260800,1.158301
16178176,2.778657
16907520,3.871603
16907520,3.871603
12730368,1.158301
16973824,1.158301
2121728,1.158301
8705920,9.666986
9098400,10.682493
9098400,10.682493
6850560,8.161435
9134080,8.161435
1141760,8.161435
1141760,8.161435
15414240,11.990783
15414240,11.990783
11606016,5.134992
15474688,5.134992
1934336,5.134992
1934336,5.134992
3868672,5.134992
3330048,5.535055
2601600,9.313653
8463872,7.083661
8845440,8.128211
8845440,8.128211
2220032,5.535055
8880128,5.535055
1110016,5.535055
1665024,5.535055
2220032,5.535055
2220032,5.535055
23616000,5.092683
76830720,2.758896
80294400,3.852065
80294400,3.852065
20152320,1.138211
80609280,1.138211
10076160,1.138211
15114240,1.138211
20152320,1.138211
20152320,1.138211
4651200,11.232198
15131904,12.514168
15814080,14.215989
15814080,14.215989
3969024,7.533540
15876096,7.533540
1984512,7.533540
2976768,7.533540
3969024,7.533540
3969024,7.533540
13891584,11.307680
-84576256,2.365789
-88389120,3.463376
-88389120,3.463376
-22183936,0.738552
-88735744,0.738552
-11091968,0.738552
-16637952,0.738552
-22183936,0.738552
-22183936,0.738552
-77643776,0.738552
-16589280,18.224588
-16589280,18.224588
-4163584,11.854403
-2081792,11.854403
-3122688,11.854403
-4163584,11.854403
-4163584,11.854403
-14572544,15.452183
-31419904,4.261248
-36752640,6.027235
-34734848,3.775712
-36752640,6.027235
-35887872,3.762831
-36032000,4.147779
-36176128,4.529661
-36032000,4.147779
-36752640,6.027235
-36752640,6.027235
-34878976,4.173334
-32284672,3.374778
-7062272,5.346722
-27672576,3.374778
17314432,8.023273
20253120,9.719865
19141184,7.556816
20253120,9.719865
19776576,7.544441
19856000,7.914263
19935424,8.281137
19856000,7.914263
20253120,9.719865
20253120,9.719865
19220608,7.938813
17790976,7.171636
3891776,9.066092
15249408,7.171636
30616320,15.662026
28935424,12.121668
30616320,15.662026
29895936,13.629786
30016000,13.975267
30136064,14.317994
30016000,13.975267
30616320,15.662026
30616320,15.662026
29055488,12.484801
26894336,12.275357
5883136,6.427048
23052288,4.477612
41922432,1.514111
44357760,3.818552
43314048,1.500926
43488000,1.894923
43661952,2.285780
43488000,1.894923
44357760,3.818552
44357760,3.818552
42096384,1.921077
38965248,1.103753
8523648,3.122044
33398784,1.103753
-10673280,4.827007
-10422144,2.533682
-10464000,2.923548
-10505856,3.310306
-10464000,2.923548
-10673280,4.827007
-10673280,4.827007
-10129152,2.949428
-9375744,2.140673
-2050944,4.137802
-8036352,2.140673
5091840,7.330317
17860608,7.533540
19975680,8.465975
19897344,8.105604
19113984,7.425265
9321984,11.418685
2663424,11.418685
3211776,8.177905
8616960,11.016043
19584000,6.635294
19975680,8.465975
19427328,5.882353
9713664,8.918406
25067520,5.882353
10449920,4.674180
36655104,6.313555
40995840,7.440989
40835072,7.076584
39227392,6.108385
19131392,11.620190
5466112,8.879730
6591488,5.546062
17684480,11.430225
40192000,5.589809
40995840,7.440989
39870464,4.828436
19935232,9.595233
51445760,3.184713
19319808,5.019346
21607680,5.977134
21522944,5.606966
20675584,4.908127
10083584,9.010129
2881024,9.010129
3474176,5.681232
9320960,8.596539
21184000,4.096677
21607680,5.977134
21014528,3.323263
10507264,6.441867
27115520,3.323263
-14753280,8.047892
-14695424,7.685876
-14116864,6.223705
-6884864,14.330334
-1967104,6.715252
-2372096,3.302396
-6364160,14.529364
-14464000,6.208850
-14753280,8.047892
-14348288,5.452469
-7174144,13.217242
-18513920,0.884956
-27033728,19.515532
-25969408,17.226423
-12665408,29.628038
-3618688,13.069931
-4363712,9.889562
-11707520,30.587656
-26608000,18.227781
-27140160,19.831158
-26395136,17.568327
-13197568,30.479313
-34058240,7.636801
22831104,3.552207
7372544,19.997223
12247936,27.229404
13437056,20.012955
13912704,22.747555
4043008,9.225606
23782400,3.552207
29014528,12.361256
30322560,14.844974
30322560,14.844974
22831104,3.552207
7781248,19.988157
12926912,29.023731
14181952,21.441563
14683968,24.127321
4267136,7.850137
25100800,2.090770
30622976,12.256209
32003520,15.017348
32003520,15.017348
24096768,2.090770
-2162560,15.146492
-3592640,12.439654
-3941440,6.886417
-4080960,10.069788
-1185920,11.581220
-6976000,6.055046
-8510720,7.595127
-8894400,8.633927
-8894400,8.633927
-6696960,6.055046
-6031680,17.423735
-6617280,10.866096
-6851520,13.913409
-1991040,7.836709
-11712000,2.076503
-14288640,7.351070
-14932800,9.153327
-14932800,9.153327
-11243520,2.076503
-5868768,6.197962
-6076512,9.404869
-1765824,10.927476
-10387200,5.360444
-12672384,6.911912
-13243680,7.958392
-13243680,7.958392
-9971712,5.360444
-6565888,0.187149
-13131776,0.187149
-36112384,0.187149
-22980608,0.187149
-19697664,0.187149
-15388800,4.179663
-50064896,1.823425
-52321920,2.927110
-52321920,2.927110
-13131776,0.187149
-9764864,0.671141
-19529728,0.671141
-53706752,0.671141
-34177024,0.671141
-29294592,0.671141
-22886400,4.644295
-74457088,2.299483
-77813760,3.397816
-77813760,3.397816
-19529728,0.671141
2121728,1.158301
4243456,1.158301
11669504,1.158301
7426048,1.158301
6365184,1.158301
4972800,5.111969
16178176,2.778657
16907520,3.871603
16907520,3.871603
4243456,1.158301
2283520,8.161435
6279680,8.161435
3996160,8.161435
3425280,8.161435
2676000,11.834977
8705920,9.666986
9098400,10.682493
9098400,10.682493
2283520,8.161435
10638848,5.134992
6770176,12.879074
5803008,14.169754
4533600,8.929592
14749312,10.244817
15414240,11.990783
15414240,11.990783
3868672,5.134992
7770112,5.535055
4995072,5.535055
1110016,5.535055
1179392,11.091817
8845440,8.128211
8845440,8.128211
8776064,7.401951
5550080,5.535055
5550080,5.535055
70533120,1.138211
45342720,1.138211
10076160,1.138211
10705920,6.953610
80294400,3.852065
80294400,3.852065
79664640,3.092002
50380800,1.138211
50380800,1.138211
8930304,7.533540
1984512,7.533540
2108544,12.972744
15814080,14.215989
15814080,14.215989
15690048,13.537855
9922560,7.533540
9922560,7.533540
-49913856,0.738552
-11091968,0.738552
-11785216,6.577461
-88389120,3.463376
-88389120,3.463376
-87695872,2.700241
-55459840,0.738552
-55459840,0.738552
-9368064,11.854403
-2081792,11.854403
-2211904,17.039438
-16589280,18.224588
-16589280,18.224588
-16459168,17.578142
-10408960,11.854403
-10408960,11.854403
-36896768,3.374778
-4612096,3.374778
-6918144,3.374778
-4612096,3.374778
-4612096,3.374778
-36896768,3.374778
-9368320,4.861320
-32861184,5.069957
-36752640,6.027235
-36608512,5.657263
-35167232,4.958798
-17151232,9.058615
-4900352,9.058615
20332544,7.171636
2541568,7.171636
3812352,7.171636
2541568,7.171636
2541568,7.171636
20332544,7.171636
5162560,8.599764
18108672,8.800203
20253120,9.719865
20173696,9.364432
19379456,8.693412
9451456,12.632127
2700416,12.632127
3256384,9.435742
30736384,4.477612
3842048,4.477612
5763072,4.477612
3842048,4.477612
3842048,4.477612
30736384,4.477612
7804160,5.947187
27374592,13.814386
30616320,15.662026
30496256,15.329987
29295616,13.202140
14287616,24.774685
4082176,10.096576
4922624,6.807426
13207040,25.566971
5566464,1.103753
8349696,1.103753
5566464,1.103753
5566464,1.103753
44531712,1.103753
11306880,2.625233
39661056,2.838775
44357760,3.818552
44183808,3.439885
42444288,2.725003
20700288,6.921179
5914368,6.921179
7132032,3.515856
19134720,6.498093
43488000,1.894923
-2009088,2.140673
-1339392,2.140673
-1339392,2.140673
-10715136,2.140673
-2720640,3.646201
-9543168,3.857503
-10673280,4.827007
-10631424,4.452311
-10212864,3.744924
-4980864,7.897104
-1423104,7.897104
-1716096,4.527486
-4604160,7.478454
-10464000,2.923548
-10673280,4.827007
20054016,5.882353
20054016,5.882353
15040512,5.882353
4856832,14.990513
8068608,12.278698
8851968,6.715252
9165312,9.904475
2663424,11.418685
41156608,3.184713
30867456,3.184713
9967616,13.868913
16559104,12.930554
18166784,6.927456
18809856,10.109424
5466112,8.879730
16269312,3.323263
5253632,12.679076
8727808,9.893527
9575168,4.178809
9914112,7.454747
2881024,9.010129
-11108352,0.884956
-3587072,14.130744
-5959168,16.418938
-6537728,9.781502
-6769152,12.865895
-1967104,6.715252
-11571200,0.884956
-20434944,7.636801
-6598784,24.520397
-10962496,33.044155
-12026816,25.891474
-12452544,28.425100
-3618688,13.069931
-21286400,7.636801
-25969408,17.226423
3805184,3.552207
30441472,3.552207
30441472,3.552207
3805184,3.552207
3805184,3.552207
7610368,3.552207
20928512,3.552207
13318144,19.298784
32129024,2.090770
32129024,2.090770
4016128,2.090770
4016128,2.090770
8032256,2.090770
22088704,2.090770
14056448,20.740147
12048384,23.848377
-8929280,6.055046
-1116160,6.055046
-1116160,6.055046
-2232320,6.055046
-6138880,6.055046
-3906560,6.055046
-3348480,6.055046
-14991360,2.076503
-1873920,2.076503
-1873920,2.076503
-3747840,2.076503
-10306560,2.076503
-6558720,10.070257
-5621760,11.402551
-4392000,5.993443
-13295616,5.360444
-1661952,5.360444
-1661952,5.360444
-3323904,5.360444
-9140736,5.360444
-5816832,5.360444
-4985856,5.360444
-3895200,9.146026
-12672384,6.911912
-52527104,0.187149
-6565888,0.187149
-9848832,0.187149
-13131776,0.187149
-13131776,0.187149
-45961216,0.187149
-29546496,0.187149
-6565888,0.187149
-78118912,0.671141
-9764864,0.671141
-14647296,0.671141
-19529728,0.671141
-19529728,0.671141
-68354048,0.671141
-43941888,0.671141
-9764864,0.671141
16973824,1.158301
2121728,1.158301
3182592,1.158301
4243456,1.158301
4243456,1.158301
14852096,1.158301
9547776,1.158301
2121728,1.158301
9134080,8.161435
1141760,8.161435
1712640,8.161435
2283520,8.161435
2283520,8.161435
7992320,8.161435
5137920,8.161435
1141760,8.161435
1213120,13.563703
1934336,5.134992
2901504,5.134992
3868672,5.134992
3868672,5.134992
13540352,9.007033
8704512,5.134992
1934336,5.134992
2055232,10.715286
15414240,11.990783
8880128,5.535055
1110016,5.535055
1665024,5.535055
1110016,5.535055
1665024,5.535055
1110016,5.535055
7215104,5.535055
6105088,5.535055
80609280,1.138211
10076160,1.138211
15114240,1.138211
10076160,1.138211
15114240,1.138211
10076160,1.138211
65495040,1.138211
55418880,1.138211
30228480,1.138211
15876096,7.533540
1984512,7.533540
2976768,7.533540
1984512,7.533540
2976768,7.533540
1984512,7.533540
12899328,7.533540
10914816,7.533540
5953536,16.339870
11907072,7.533540
-11091968,0.738552
-16637952,0.738552
-11091968,0.738552
-16637952,0.738552
-11091968,0.738552
-72097792,0.738552
-61005824,0.738552
-33275904,0.738552
-66551808,0.738552
-34315776,3.746475
-3122688,11.854403
-2081792,11.854403
-3122688,11.854403
-2081792,11.854403
-13531648,11.854403
-11449856,11.854403
-6245376,20.249220
-12490752,11.854403
-6440544,22.665913
-16589280,18.224588
-5909248,5.731491
-15854080,8.645245
-36032000,4.147779
-36752640,6.027235
-35743744,3.374778
-17871872,6.491721
-46120960,3.374778
-36896768,3.374778
-36896768,3.374778
8736640,12.235001
19856000,7.914263
20253120,9.719865
19697152,7.171636
9848576,10.166099
25415680,7.171636
20332544,7.171636
15249408,7.171636
30016000,13.975267
30616320,15.662026
29775872,13.281518
14887936,25.166792
38420480,4.477612
23052288,4.477612
44357760,3.818552
43140096,1.103753
21570048,4.293954
55664640,1.103753
33398784,1.103753
10785024,10.674357
-10380288,2.140673
-5190144,5.297425
-13393920,2.140673
-8036352,2.140673
-2595072,11.610930
-4311168,8.791306
15667200,5.882353
19113984,7.425265
19975680,8.465975
19975680,8.465975
15040512,5.882353
2506752,5.882353
20054016,5.882353
20054016,5.882353
2506752,5.882353
32153600,3.184713
39227392,6.108385
40995840,7.440989
40995840,7.440989
30867456,3.184713
41156608,3.184713
41156608,3.184713
5144576,3.184713
16947200,3.323263
20675584,4.908127
21607680,5.977134
21607680,5.977134
16269312,3.323263
21692416,3.323263
2711552,3.323263
-14116864,6.223705
-14753280,8.047892
-14753280,8.047892
-11108352,0.884956
-14811136,0.884956
-1851392,0.884956
-1851392,0.884956
-27140160,19.831158
-27140160,19.831158
-20434944,7.636801
-27246592,7.636801
-3405824,7.636801
-3405824,7.636801
-6811648,7.636801
11415552,21.923214
8918400,7.410119
29014528,12.361256
30322560,14.844974
30322560,14.844974
7610368,3.552207
30441472,3.552207
3805184,3.552207
5707776,3.552207
7610368,3.552207
7610368,3.552207
9412800,6.007139
30622976,12.256209
32003520,15.017348
32003520,15.017348
8032256,2.090770
32129024,2.090770
4016128,2.090770
6024192,2.090770
8032256,2.090770
8032256,2.090770
-2616000,9.812843
-8510720,7.595127
-8894400,8.633927
-8894400,8.633927
-2232320,6.055046
-8929280,6.055046
-1116160,6.055046
-1674240,6.055046
-2232320,6.055046
-2232320,6.055046
-7813120,6.055046
-14288640,7.351070
-14932800,9.153327
-14932800,9.153327
-3747840,2.076503
-14991360,2.076503
-1873920,2.076503
-2810880,2.076503
-3747840,2.076503
-3747840,2.076503
-13117440,6.073380
-13243680,7.958392
-13243680,7.958392
-3323904,5.360444
-1661952,5.360444
-2492928,5.360444
-3323904,5.360444
-3323904,5.360444
-11633664,5.360444
-6976256,6.058493
-52321920,2.927110
-52321920,2.927110
-51911552,2.159735
-32829440,0.187149
-32829440,0.187149
-52527104,0.187149
-6565888,0.187149
-9848832,0.187149
-6565888,0.187149
-10375168,6.514015
-77813760,3.397816
-77813760,3.397816
-77203456,2.634162
-48824320,0.671141
-48824320,0.671141
-78118912,0.671141
-9764864,0.671141
-14647296,0.671141
-9764864,0.671141
-14647296,0.671141
2254336,6.972518
16907520,3.871603
16907520,3.871603
16774912,3.111694
10608640,1.158301
10608640,1.158301
16973824,1.158301
2121728,1.158301
3182592,1.158301
2121728,1.158301
3182592,1.158301
2121728,1.158301
9098400,10.682493
9098400,10.682493
9027040,9.976426
5708800,8.161435
5708800,8.161435
1141760,8.161435
1712640,8.161435
1141760,8.161435
1712640,8.161435
1141760,8.161435
15414240,11.990783
15293344,11.295058
9671680,5.134992
9671680,5.134992
2901504,5.134992
1934336,5.134992
2901504,5.134992
1934336,5.134992
12573184,5.134992
3330048,5.535055
6660096,5.535055
3434112,8.397629
8845440,8.128211
8810752,7.766510
8602624,5.535055
8325120,5.535055
6660096,5.535055
8880128,5.535055
8880128,5.535055
8880128,5.535055
60456960,1.138211
31173120,4.134023
80294400,3.852065
79979520,3.473529
78090240,1.138211
75571200,1.138211
60456960,1.138211
80609280,1.138211
80609280,1.138211
80609280,1.138211
80609280,1.138211
6139584,18.875025
15814080,14.215989
15752064,13.878258
15379968,11.794667
14883840,11.056071
11907072,7.533540
15876096,7.533540
15876096,7.533540
15876096,7.533540
15876096,7.533540
-88389120,3.463376
-88042496,3.083311
-85962752,0.738552
-83189760,0.738552
-66551808,0.738552
-88735744,0.738552
-88735744,0.738552
-88735744,0.738552
-16524224,17.902637
-16133888,15.916411
-15613440,15.212330
-12490752,11.854403
-16654336,11.854403
-16654336,11.854403
-27672576,3.374778
-8935936,12.725607
-14845184,9.941541
-16286464,4.229868
-16862976,7.504061
-4900352,9.058615
-28825600,3.374778
-35167232,4.958798
-36752640,6.027235
-36752640,6.027235
-27672576,3.374778
4924288,16.155025
8180672,13.480359
8974912,7.993126
9292608,11.138659
2700416,12.632127
15884800,7.171636
19379456,8.693412
20253120,9.719865
20253120,9.719865
15249408,7.171636
7443968,20.764839
12366592,27.927628
13567232,20.780422
14047488,23.488785
4082176,10.096576
24012800,4.477612
29295616,13.202140
30616320,15.662026
30616320,15.662026
23052288,4.477612
17917056,7.824857
19656576,1.978941
20352384,5.330088
5914368,6.921179
34790400,1.103753
42444288,2.725003
44357760,3.818552
44357760,3.818552
33398784,1.103753
-4729728,3.006685
-4897152,6.322695
-1423104,7.897104
-8371200,2.140673
-10212864,3.744924
-10673280,4.827007
-10673280,4.827007
-8036352,2.140673
2506752,5.882353
5013504,5.882353
13787136,5.882353
8773632,5.882353
7520256,5.882353
5875200,9.647058
19113984,7.425265
19975680,8.465975
19975680,8.465975
5013504,5.882353
5144576,3.184713
10289152,3.184713
28295168,3.184713
18006016,6.096451
15433728,6.581741
12057600,7.057325
39227392,6.108385
40995840,7.440989
40995840,7.440989
10289152,3.184713
2711552,3.323263
5423104,3.323263
14913536,3.323263
9490432,3.323263
8134656,3.323263
6355200,7.190332
20675584,4.908127
21607680,5.977134
21607680,5.977134
5423104,3.323263
-3702784,0.884956
-10182656,0.884956
-6479872,8.975980
-5554176,10.324484
-4339200,4.849557
-14116864,6.223705
-14753280,8.047892
-14753280,8.047892
-3702784,0.884956
-18732032,7.636801
-11920384,25.229792
-10217472,28.161955
-7982400,11.331328
-25969408,17.226423
-27140160,19.831158
-27140160,19.831158
-6811648,7.636801
26636288,11.425496
17123328,3.552207
3805184,3.552207
4043008,9.225606
30322560,14.844974
30322560,14.844974
30084736,14.171812
19025920,3.552207
19025920,3.552207
28112896,11.415459
18072576,2.090770
4016128,2.090770
4267136,7.850137
32003520,15.017348
32003520,15.017348
31752512,14.345549
20080640,2.090770
20080640,2.090770
-5022720,6.055046
-1116160,6.055046
-1185920,11.581220
-8894400,8.633927
-8894400,8.633927
-8824640,7.911666
-5580800,6.055046
-5580800,6.055046
-8432640,2.076503
-1873920,2.076503
-1991040,7.836709
-14932800,9.153327
-14932800,9.153327
-14815680,8.435171
-9369600,2.076503
-9369600,2.076503
-7478784,5.360444
-1661952,5.360444
-1765824,10.927476
-13243680,7.958392
-13243680,7.958392
-13139808,7.230791
-8309760,5.360444
-8309760,5.360444
-9848832,0.187149
-6565888,0.187149
-42678272,0.187149
-36112384,0.187149
-19697664,0.187149
-39395328,0.187149
-20313216,3.211781
-52321920,2.927110
-52116736,2.544933
-50885632,0.187149
-49244160,0.187149
-39395328,0.187149
-9764864,0.671141
-63471616,0.671141
-53706752,0.671141
-29294592,0.671141
-58589184,0.671141
-30210048,3.681107
-77813760,3.397816
-77508608,3.017492
-75677696,0.671141
-73236480,0.671141
-58589184,0.671141
13791232,1.158301
11669504,1.158301
6365184,1.158301
12730368,1.158301
6564096,4.153504
16907520,3.871603
16841216,3.493144
16443392,1.158301
15912960,1.158301
12730368,1.158301
7421440,8.161435
6279680,8.161435
3425280,8.161435
6850560,8.161435
3532320,10.944422
9098400,10.682493
9062720,10.330850
8848640,8.161435
8563200,8.161435
6850560,8.161435
10638848,5.134992
5803008,14.169754
11606016,5.134992
5984352,16.770672
15414240,11.990783
15353792,11.644290
14991104,9.506652
14507520,8.748898
11606016,5.134992
8880128,5.535055
8880128,5.535055
2775040,5.535055
3330048,5.535055
6105088,5.535055
9435136,5.535055
6382592,5.535055
8567936,8.212200
8845440,8.128211
8429184,6.701289
7215104,5.535055
80609280,1.138211
25190400,1.138211
30228480,1.138211
55418880,1.138211
85647360,1.138211
57937920,1.138211
77775360,3.939962
80294400,3.852065
76515840,2.358727
65495040,1.138211
4961280,7.533540
5953536,16.339870
10914816,7.533540
16868352,7.533540
11410944,8.682192
15317952,13.576749
15814080,14.215989
15069888,12.154145
12899328,7.533540
-27729920,0.738552
-33275904,0.738552
-61005824,0.738552
-94281728,0.738552
-63778816,0.738552
-85616128,3.551630
-88389120,3.463376
-84229632,1.964002
-72097792,0.738552
-5204480,11.854403
-6245376,20.249220
-11449856,11.854403
-17695232,11.854403
-11970304,12.949379
-16068832,17.615219
-16589280,18.224588
-15808608,16.259090
-13531648,11.854403
-4612096,3.374778
-36896768,3.374778
-36896768,3.374778
-4612096,3.374778
-4612096,3.374778
-9224192,3.374778
-25366528,3.374778
-16142336,3.374778
20332544,7.171636
20332544,7.171636
2541568,7.171636
2541568,7.171636
5083136,7.171636
13978624,7.171636
8895488,7.171636
7624704,7.171636
30736384,4.477612
3842048,4.477612
3842048,4.477612
7684096,4.477612
21131264,4.477612
13447168,20.073105
11526144,22.672352
44531712,1.103753
5566464,1.103753
5566464,1.103753
11132928,1.103753
30615552,1.103753
19482624,1.103753
16699392,1.103753
13046400,5.059602
-10715136,2.140673
-1339392,2.140673
-1339392,2.140673
-2678784,2.140673
-7366656,2.140673
-4687872,2.140673
-4018176,2.140673
-3139200,6.055046
-10212864,3.744924
20054016,5.882353
2506752,5.882353
3760128,5.882353
5013504,5.882353
5013504,5.882353
17547264,5.882353
11280384,5.882353
2506752,5.882353
41156608,3.184713
5144576,3.184713
7716864,3.184713
10289152,3.184713
10289152,3.184713
36012032,4.640582
23150592,3.184713
5144576,3.184713
21692416,3.323263
2711552,3.323263
4067328,3.323263
5423104,3.323263
5423104,3.323263
18980864,3.323263
12201984,3.323263
2711552,3.323263
-14811136,0.884956
-1851392,0.884956
-2777088,0.884956
-3702784,0.884956
-3702784,0.884956
-12959744,4.930468
-8331264,0.884956
-1851392,0.884956
-1967104,6.715252
-3405824,7.636801
-5108736,7.636801
-6811648,7.636801
-6811648,7.636801
-23840768,16.433296
-15326208,7.636801
-3405824,7.636801
-3618688,13.069931
-27140160,19.831158
30441472,3.552207
3805184,3.552207
5707776,3.552207
3805184,3.552207
5707776,3.552207
3805184,3.552207
24733696,3.552207
20928512,3.552207
32129024,2.090770
4016128,2.090770
6024192,2.090770
4016128,2.090770
6024192,2.090770
4016128,2.090770
26104832,2.090770
22088704,2.090770
12048384,23.848377
-8929280,6.055046
-1116160,6.055046
-1674240,6.055046
-1116160,6.055046
-1674240,6.055046
-1116160,6.055046
-7255040,6.055046
-6138880,6.055046
-3348480,6.055046
-6696960,6.055046
-1873920,2.076503
-2810880,2.076503
-1873920,2.076503
-2810880,2.076503
-1873920,2.076503
-12180480,2.076503
-10306560,2.076503
-5621760,11.402551
-11243520,2.076503
-5797440,14.087321
-2492928,5.360444
-1661952,5.360444
-2492928,5.360444
-1661952,5.360444
-10802688,5.360444
-9140736,5.360444
-4985856,5.360444
-9971712,5.360444
-5141664,8.228309
-13243680,7.958392
-52527104,0.187149
-52527104,0.187149
-52527104,0.187149
-52527104,0.187149
-52527104,0.187149
-16414720,0.187149
-19697664,0.187149
-36112384,0.187149
-78118912,0.671141
-78118912,0.671141
-78118912,0.671141
-78118912,0.671141
-78118912,0.671141
-24412160,0.671141
-29294592,0.671141
-53706752,0.671141
16973824,1.158301
16973824,1.158301
16973824,1.158301
16973824,1.158301
5304320,1.158301
6365184,1.158301
11669504,1.158301
18034688,1.158301
9134080,8.161435
9134080,8.161435
9134080,8.161435
2854400,8.161435
3425280,8.161435
6279680,8.161435
9704960,8.161435
6565120,8.161435
15474688,5.134992
15474688,5.134992
4835840,5.134992
5803008,14.169754
10638848,5.134992
16441856,5.134992
11122432,6.313439
14930656,11.334961
1665024,5.535055
1110016,5.535055
1110016,5.535055
2220032,5.535055
2220032,5.535055
6105088,5.535055
1769088,11.091817
3260672,11.564733
2948480,11.091817
2775040,5.535055
10076160,1.138211
10076160,1.138211
20152320,1.138211
20152320,1.138211
55418880,1.138211
16058880,6.953610
29598720,7.448538
26764800,6.953610
25190400,1.138211
25190400,1.138211
1984512,7.533540
3969024,7.533540
3969024,7.533540
10914816,7.533540
3162816,12.972744
5829504,15.684078
5271360,12.972744
4961280,7.533540
4961280,7.533540
24806400,15.987617
-11091968,0.738552
-22183936,0.738552
-22183936,0.738552
-61005824,0.738552
-17677824,6.577461
-32582656,7.074389
-29463040,6.577461
-27729920,0.738552
-27729920,0.738552
-138649600,0.738552
-85269504,3.159563
-2081792,11.854403
-4163584,11.854403
-4163584,11.854403
-11449856,11.854403
-3317856,17.039438
-6115264,19.624075
-5529760,17.039438
-5204480,11.854403
-5204480,11.854403
-26022400,19.913429
-16003776,17.280323
-16003776,17.280323
-13836288,3.374778
-10809600,7.239787
-35167232,4.958798
-36752640,6.027235
-36752640,6.027235
-9224192,3.374778
-36896768,3.374778
-4612096,3.374778
-6918144,3.374778
-9224192,3.374778
-9224192,3.374778
5956800,10.884770
19379456,8.693412
20253120,9.719865
20253120,9.719865
5083136,7.171636
20332544,7.171636
2541568,7.171636
3812352,7.171636
5083136,7.171636
5083136,7.171636
9004800,8.298508
29295616,13.202140
30616320,15.662026
30616320,15.662026
7684096,4.477612
30736384,4.477612
3842048,4.477612
5763072,4.477612
7684096,4.477612
7684096,4.477612
26894336,12.275357
42444288,2.725003
44357760,3.818552
44357760,3.818552
11132928,1.103753
44531712,1.103753
5566464,1.103753
8349696,1.103753
11132928,1.103753
11132928,1.103753
38965248,1.103753
-10673280,4.827007
-10673280,4.827007
-2678784,2.140673
-1339392,2.140673
-2009088,2.140673
-2678784,2.140673
-2678784,2.140673
-9375744,2.140673
2663424,11.418685
19975680,8.465975
19975680,8.465975
19819008,7.742385
12533760,5.882353
12533760,5.882353
20054016,5.882353
2506752,5.882353
3760128,5.882353
2506752,5.882353
5466112,8.879730
40995840,7.440989
40995840,7.440989
40674304,6.709297
25722880,3.184713
25722880,3.184713
41156608,3.184713
5144576,3.184713
7716864,3.184713
5144576,3.184713
7716864,3.184713
2881024,9.010129
21607680,5.977134
21607680,5.977134
21438208,5.233871
13557760,3.323263
13557760,3.323263
21692416,3.323263
2711552,3.323263
4067328,3.323263
2711552,3.323263
4067328,3.323263
2711552,3.323263
-14753280,8.047892
-14753280,8.047892
-14637568,7.320998
-9256960,0.884956
-9256960,0.884956
-1851392,0.884956
-2777088,0.884956
-1851392,0.884956
-2777088,0.884956
-1851392,0.884956
-27140160,19.831158
-26927296,19.197412
-17029120,7.636801
-17029120,7.636801
-5108736,7.636801
-3405824,7.636801
-5108736,7.636801
-3405824,7.636801
-22137856,7.636801
11415552,21.923214
22831104,3.552207
11772288,24.289179
30322560,14.844974
30203648,14.509718
29490176,12.441404
28538880,10.900610
22831104,3.552207
30441472,3.552207
30441472,3.552207
30441472,3.552207
24096768,2.090770
12424896,26.156002
32003520,15.017348
31878016,14.682772
31124992,12.618645
30120960,10.793813
24096768,2.090770
32129024,2.090770
32129024,2.090770
32129024,2.090770
32129024,2.090770
-3453120,8.901863
-8894400,8.633927
-8859520,8.274218
-8650240,6.055046
-8371200,6.055046
-6696960,6.055046
-8929280,6.055046
-8929280,6.055046
-8929280,6.055046
-8929280,6.055046
-14932800,9.153327
-14874240,8.795663
-14522880,6.589107
-14054400,5.806922
-11243520,2.076503
-14991360,2.076503
-14991360,2.076503
-14991360,2.076503
-13191744,7.596024
-12880128,5.360444
-12464640,5.360444
-9971712,5.360444
-13295616,5.360444
-13295616,5.360444
-55810048,0.187149
-37753856,0.187149
-50680448,3.015853
-52321920,2.927110
-49859712,1.419407
-42678272,0.187149
-9848832,0.187149
-6565888,0.187149
-6565888,0.187149
-13131776,0.187149
-83001344,0.671141
-56147968,0.671141
-75372544,3.486129
-77813760,3.397816
-74151936,1.897423
-63471616,0.671141
-9764864,0.671141
-9764864,0.671141
-19529728,0.671141
-19529728,0.671141
12199936,1.158301
16377088,3.959483
16907520,3.871603
16111872,2.378569
13791232,1.158301
2121728,1.158301
4243456,1.158301
4243456,1.158301
8812960,10.764148
9098400,10.682493
8670240,9.295244
7421440,8.161435
1141760,8.161435
2283520,8.161435
2283520,8.161435
6279680,8.161435
15414240,11.990783
14688864,9.875454
12573184,5.134992
1934336,5.134992
3868672,5.134992
3868672,5.134992
10638848,5.134992
2775040,5.535055
13875200,5.535055
8533248,7.839078
8533248,7.839078
8845440,8.128211
7215104,5.535055
4995072,5.535055
2220032,5.535055
8880128,5.535055
8880128,5.535055
3885056,5.535055
8325120,5.535055
10545152,5.535055
125952000,1.138211
77460480,3.549474
77460480,3.549474
80294400,3.852065
65495040,1.138211
45342720,1.138211
80609280,1.138211
80609280,1.138211
35266560,1.138211
75571200,1.138211
95723520,1.138211
31173120,4.134023
15255936,13.225436
15255936,13.225436
15814080,14.215989
12899328,7.533540
8930304,7.533540
15876096,7.533540
6945792,15.081823
14883840,11.056071
18852864,7.533540
6139584,18.875025
6387648,22.025509
-85269504,3.159563
-88389120,3.463376
-72097792,0.738552
-49913856,0.738552
-88735744,0.738552
-38821888,0.738552
-83189760,0.738552
-105373696,0.738552
-34315776,3.746475
-35702272,7.484476
-63085568,4.010908
-16589280,18.224588
-13531648,11.854403
-9368064,11.854403
-16654336,11.854403
-7286272,19.049961
-15613440,15.212330
-19777024,11.854403
-6440544,22.665913
-6700768,25.669178
-11840192,14.760301
-12295584,15.252306
-32284672,3.374778
-20754432,3.374778
-4612096,3.374778
-4900352,9.058615
-36752640,6.027235
-36752640,6.027235
-36464384,5.284368
-23060480,3.374778
-23060480,3.374778
17790976,7.171636
11437056,7.171636
2541568,7.171636
2700416,12.632127
20253120,9.719865
20253120,9.719865
20094272,9.006188
12707840,7.171636
12707840,7.171636
17289216,4.477612
3842048,4.477612
4082176,10.096576
30616320,15.662026
30616320,15.662026
30376192,14.995323
19210240,4.477612
19210240,4.477612
25049088,1.103753
5566464,1.103753
5914368,6.921179
44357760,3.818552
44357760,3.818552
44009856,3.058224
27832320,1.103753
27832320,1.103753
-6027264,2.140673
-1339392,2.140673
-1423104,7.897104
-10673280,4.827007
-10673280,4.827007
-10589568,4.074652
-6696960,2.140673
-6696960,2.140673
3760128,5.882353
2506752,5.882353
16293888,5.882353
13787136,5.882353
7520256,5.882353
15040512,5.882353
7755264,8.734403
19975680,8.465975
19897344,8.105604
19427328,5.882353
18800640,5.882353
15040512,5.882353
5144576,3.184713
33439744,3.184713
28295168,3.184713
15433728,6.581741
30867456,3.184713
15916032,9.412597
40995840,7.440989
40835072,7.076584
39870464,4.828436
38584320,4.543524
30867456,3.184713
17625088,3.323263
14913536,3.323263
8134656,3.323263
16269312,3.323263
8388864,6.252861
21607680,5.977134
21522944,5.606966
21014528,3.323263
20336640,3.323263
16269312,3.323263
-12034048,0.884956
-10182656,0.884956
-5554176,10.324484
-11108352,0.884956
-5727744,13.041924
-14753280,8.047892
-14695424,7.685876
-14348288,5.452469
-13885440,4.660767
-11108352,0.884956
-18732032,7.636801
-10217472,28.161955
-20434944,7.636801
-10536768,30.338865
-27140160,19.831158
-27033728,19.515532
-26395136,17.568327
-25543680,15.846864
-20434944,7.636801
30441472,3.552207
30441472,3.552207
9512960,3.552207
11415552,21.923214
20928512,3.552207
32344064,3.552207
21879808,5.948425
29371264,13.425694
30322560,14.844974
28895616,12.000603
24733696,3.552207
32129024,2.090770
10040320,2.090770
12048384,23.848377
22088704,2.090770
34137088,2.090770
23092736,4.928719
30999488,13.321922
32003520,15.017348
30497472,11.895123
26104832,2.090770
-2790400,6.055046
-3348480,6.055046
-6138880,6.055046
-9487360,6.055046
-6417920,6.055046
-8615360,8.717453
-8894400,8.633927
-8475840,7.214860
-7255040,6.055046
-4684800,2.076503
-5621760,11.402551
-10306560,2.076503
-15928320,2.076503
-10775040,3.292943
-14464320,8.476361
-14932800,9.153327
-14230080,6.969799
-12180480,2.076503
-4154880,5.360444
-4985856,5.360444
-9140736,5.360444
-14126592,5.360444
-9556224,5.360444
-12828192,8.042537
-13243680,7.958392
-12620448,6.528833
-10802688,5.360444
-13131776,0.187149
-36112384,0.187149
-10464384,6.058493
-19287296,6.558182
-17440640,6.058493
-16414720,0.187149
-16414720,0.187149
-82073600,0.187149
-50475264,2.621609
-50475264,2.621609
-52321920,2.927110
-42678272,0.187149
-29546496,0.187149
-53706752,0.671141
-15562752,6.514015
-28684288,7.011281
-25937920,6.514015
-24412160,0.671141
-24412160,0.671141
-122060800,0.671141
-75067392,3.093796
-75067392,3.093796
-77813760,3.397816
-63471616,0.671141
-43941888,0.671141
11669504,1.158301
3381504,6.972518
6232576,7.467346
5635840,6.972518
5304320,1.158301
5304320,1.158301
26521600,1.158301
16310784,3.569074
16310784,3.569074
16907520,3.871603
13791232,1.158301
9547776,1.158301
1819680,13.563703
3353920,14.023471
3032800,13.563703
2854400,8.161435
2854400,8.161435
14272000,8.161435
8777280,10.401401
8777280,10.401401
9098400,10.682493
7421440,8.161435
5137920,8.161435
3082848,10.715286
5682112,13.496953
5138080,10.715286
4835840,5.134992
4835840,5.134992
24179200,13.808364
14870208,10.974534
14870208,10.974534
15414240,11.990783
12573184,5.134992
8704512,5.134992
3434112,8.397629
3572864,11.955003
6313216,8.649284
6556032,8.034128
8221056,7.527987
8776064,7.401951
8741376,7.034499
6625408,8.997122
6590720,8.518159
7874176,6.783491
8429184,6.701289
8741376,7.034499
7284480,6.434721
9990144,5.535055
3885056,5.535055
32432640,7.856974
57308160,4.397391
59512320,3.753603
74626560,3.223903
79664640,3.092002
79349760,2.707446
60142080,4.761418
59827200,4.260163
71477760,2.444755
76515840,2.358727
79349760,2.707446
66124800,2.079752
90685440,1.138211
35266560,1.138211
11286912,10.581884
11721024,11.098006
14697792,13.051430
15690048,13.537855
15628032,13.194752
11845056,12.028917
11783040,11.565912
14077632,12.479826
15069888,12.154145
15628032,13.194752
13023360,8.414172
17860608,7.533540
6945792,15.081823
-65511936,3.364517
-82149888,2.832676
-87695872,2.700241
-87349248,2.314131
-66205184,4.376407
-65858560,3.873124
-78683648,2.050378
-84229632,1.964002
-87349248,2.314131
-72791040,1.683900
-99827712,0.738552
-38821888,0.738552
-15418272,17.114447
-16459168,17.578142
-16394112,17.251072
-12425696,16.139715
-12360640,15.698345
-14767712,16.569553
-15808608,16.259090
-16394112,17.251072
-13661760,12.693885
-18736128,11.854403
-7286272,19.049961
-36896768,3.374778
-4612096,3.374778
-6918144,3.374778
-4612096,3.374778
-6918144,3.374778
-4612096,3.374778
-29978624,3.374778
-25366528,3.374778
20332544,7.171636
2541568,7.171636
3812352,7.171636
2541568,7.171636
3812352,7.171636
2541568,7.171636
16520192,7.171636
13978624,7.171636
7624704,7.171636
30736384,4.477612
3842048,4.477612
5763072,4.477612
3842048,4.477612
5763072,4.477612
3842048,4.477612
24973312,4.477612
21131264,4.477612
11526144,22.672352
23052288,4.477612
5566464,1.103753
8349696,1.103753
5566464,1.103753
8349696,1.103753
5566464,1.103753
36182016,1.103753
30615552,1.103753
16699392,1.103753
33398784,1.103753
17221248,4.100609
-2009088,2.140673
-1339392,2.140673
-2009088,2.140673
-1339392,2.140673
-8706048,2.140673
-7366656,2.140673
-4018176,2.140673
-8036352,2.140673
-4143744,5.106107
-10673280,4.827007
20054016,5.882353
20054016,5.882353
20054016,5.882353
20054016,5.882353
20054016,5.882353
6266880,5.882353
7520256,5.882353
13787136,5.882353
41156608,3.184713
41156608,3.184713
41156608,3.184713
41156608,3.184713
41156608,3.184713
12861440,3.184713
15433728,6.581741
28295168,3.184713
21692416,3.323263
21692416,3.323263
21692416,3.323263
21692416,3.323263
6778880,3.323263
8134656,3.323263
14913536,3.323263
23048192,3.323263
-14811136,0.884956
-14811136,0.884956
-14811136,0.884956
-4628480,0.884956
-5554176,10.324484
-10182656,0.884956
-15736832,0.884956
-10645504,2.116199
-27246592,7.636801
-27246592,7.636801
-8514560,7.636801
-10217472,28.161955
-18732032,7.636801
-28949504,7.636801
-19583488,10.313995
-26288704,18.231770
5707776,3.552207
3805184,3.552207
3805184,3.552207
7610368,3.552207
7610368,3.552207
20928512,3.552207
6064512,9.225606
11177728,14.398919
10107520,9.225606
9512960,3.552207
4016128,2.090770
4016128,2.090770
8032256,2.090770
8032256,2.090770
22088704,2.090770
17037312,6.911889
15406080,6.414091
14499840,0.564972
14499840,0.564972
-1057792,0.871249
-2115584,0.871249
-2115584,0.871249
-5817856,0.871249
-1685856,6.702352
-3107264,7.198616
-2809760,6.702352
-2644480,0.871249
-2644480,0.871249
-13222400,0.871249
2332672,10.096576
4665344,10.096576
4665344,10.096576
12829696,10.096576
3717696,15.385013
6852224,15.835093
6196160,15.385013
5831680,10.096576
5831680,10.096576
29158400,10.096576
17932416,12.289342
-7356416,0.222717
-14712832,0.222717
-14712832,0.222717
-40460288,0.222717
-11724288,6.091969
-21609472,9.017675
-19540480,6.091969
-18391040,0.222717
-18391040,0.222717
-91955200,9.345212
-56552448,6.364641
-12776256,7.668725
-13131776,0.187149
-52527104,0.187149
-52527104,0.187149
-22980608,0.187149
-49244160,0.187149
-62375936,0.187149
-20313216,3.211781
-21133952,6.970546
-37343488,3.477683
-38779776,2.827701
-48628608,2.292905
-51911552,2.159735
-51706368,1.771480
-39190144,3.845212
-78118912,0.671141
-78118912,0.671141
-34177024,0.671141
-73236480,0.671141
-92766208,0.671141
-30210048,3.681107
-31430656,7.421646
-55537664,3.945719
-57673728,3.298888
-72321024,2.766686
-77203456,2.634162
-76898304,2.247789
-58284032,4.311465
-57978880,3.807842
16973824,1.158301
7426048,1.158301
15912960,1.158301
20156416,1.158301
6564096,4.153504
6829312,7.875698
12067328,4.416819
12531456,3.773161
15714048,3.243569
16774912,3.111694
16708608,2.727217
12664064,4.780772
12597760,4.279618
15051008,2.464579
9134080,8.161435
3996160,8.161435
8563200,8.161435
10846720,8.161435
3532320,10.944422
3675040,14.402890
6493760,11.189080
6743520,10.591026
8456160,10.098957
9027040,9.976426
8991360,9.619190
6814880,11.527246
6779200,11.061600
8099360,9.375160
8670240,9.295244
15474688,5.134992
6770176,12.879074
14507520,8.748898
18376192,5.134992
5984352,16.770672
6226144,20.002878
11001536,8.262410
11424672,8.791920
14326176,10.796014
15293344,11.295058
15232896,10.943053
11545568,9.746979
11485120,9.271962
13721696,10.209583
14688864,9.875454
15232896,10.943053
2220032,5.535055
1110016,5.535055
3780992,9.868310
6417280,6.045677
8567936,8.212200
8845440,8.128211
8394496,6.315757
8845440,8.128211
8463872,7.083661
8845440,8.128211
8845440,8.128211
8394496,6.315757
8706688,6.664118
20152320,1.138211
10076160,1.138211
34321920,5.673156
58252800,1.672599
77775360,3.939962
80294400,3.852065
76200960,1.955251
80294400,3.852065
76830720,2.758896
80294400,3.852065
80294400,3.852065
76200960,1.955251
79034880,2.319826
80294400,3.852065
1984512,7.533540
6759744,19.531153
11472960,9.175801
15317952,13.576749
15814080,14.215989
15007872,11.791145
15814080,14.215989
15131904,12.514168
15814080,14.215989
15814080,14.215989
15007872,11.791145
15566016,12.848913
15814080,14.215989
14883840,11.056071
-11091968,0.738552
-37782016,5.291830
-64125440,1.275101
-85616128,3.551630
-88389120,3.463376
-83883008,1.558895
-88389120,3.463376
-84576256,2.365789
-88389120,3.463376
-88389120,3.463376
-83883008,1.558895
-87002624,1.924944
-88389120,3.463376
-83189760,0.738552
-88389120,3.463376
-2081792,11.854403
-7091104,23.291380
-12035360,13.419923
-16068832,17.615219
-16589280,18.224588
-15743552,15.913054
-16589280,18.224588
-15873664,16.602291
-16589280,18.224588
-16589280,18.224588
-15743552,15.913054
-16329056,16.921394
-16589280,18.224588
-15613440,15.212330
-16589280,18.224588
-16589280,18.224588
-13836288,3.374778
-27672576,3.374778
-14268672,6.302815
-36752640,6.027235
-36608512,5.657263
-35743744,3.374778
-34590720,3.374778
-27672576,3.374778
-36896768,3.374778
-36896768,3.374778
-36896768,3.374778
15249408,7.171636
7862976,9.984616
20253120,9.719865
20173696,9.364432
19697152,7.171636
19061760,7.171636
15249408,7.171636
20332544,7.171636
20332544,7.171636
20332544,7.171636
20332544,7.171636
11886336,25.015614
30616320,15.662026
30496256,15.329987
29775872,13.281518
28815360,11.755508
23052288,4.477612
30736384,4.477612
30736384,4.477612
30736384,4.477612
30736384,4.477612
44357760,3.818552
44183808,3.439885
43140096,1.103753
41748480,1.103753
33398784,1.103753
44531712,1.103753
44531712,1.103753
44531712,1.103753
-10631424,4.452311
-10380288,2.140673
-10045440,2.140673
-8036352,2.140673
-10715136,2.140673
-10715136,2.140673
21307392,5.882353
14413824,5.882353
19348992,8.549654
19975680,8.465975
19035648,7.044299
16293888,5.882353
3760128,5.882353
2506752,5.882353
2506752,5.882353
5013504,5.882353
43728896,3.184713
29581312,3.627804
39709696,7.248769
40995840,7.440989
39066624,5.721999
33439744,3.184713
5144576,3.184713
5144576,3.184713
10289152,3.184713
10289152,3.184713
15591424,3.323263
20929792,6.063089
21607680,5.977134
20590848,4.516803
17625088,3.323263
2711552,3.323263
5423104,3.323263
5423104,3.323263
-14290432,7.362689
-14753280,8.047892
-14059008,5.837794
-12034048,0.884956
-1851392,0.884956
-3702784,0.884956
-3702784,0.884956
-10182656,0.884956
-27140160,19.831158
-25862976,16.885790
-22137856,7.636801
-3405824,7.636801
-6811648,7.636801
-6811648,7.636801
-18732032,7.636801
9512960,3.552207
47564800,21.188374
29252352,13.073767
29252352,13.073767
30322560,14.844974
24733696,3.552207
17123328,3.552207
7610368,3.552207
30441472,3.552207
30441472,3.552207
13318144,19.298784
28538880,10.900610
36149248,3.552207
50201600,22.978071
30873984,12.969573
30873984,12.969573
32003520,15.017348
26104832,2.090770
18072576,2.090770
32129024,2.090770
32129024,2.090770
14056448,20.740147
30120960,10.793813
38153216,2.090770
12424896,26.156002
-8580480,8.346386
-8580480,8.346386
-8894400,8.633927
-7255040,6.055046
-5022720,6.055046
-8929280,6.055046
-3906560,6.055046
-8371200,6.055046
-10603520,6.055046
-3453120,8.901863
-3592640,12.439654
-14405760,8.104314
-14932800,9.153327
-12180480,2.076503
-8432640,2.076503
-14991360,2.076503
-6558720,10.070257
-14054400,5.806922
-17802240,2.076503
-5797440,14.087321
-6031680,17.423735
-10657920,5.304750
-13243680,7.958392
-10802688,5.360444
-7478784,5.360444
-13295616,5.360444
-5816832,5.360444
-12464640,5.360444
-15788544,5.360444
-5141664,8.228309
-5349408,11.792258
-9452352,8.480429
-9815904,7.864136
-38984960,3.339134
-46576768,1.506262
-49859712,1.419407
-51706368,1.771480
-43088640,1.137748
-59092992,0.187149
-22980608,0.187149
-13131776,0.187149
-6565888,0.187149
-22365056,4.765720
-37959040,0.726678
-50680448,3.015853
-69269504,1.983857
-74151936,1.897423
-76898304,2.247789
-64081920,1.617130
-87883776,0.671141
-34177024,0.671141
-19529728,0.671141
-9764864,0.671141
-33261568,5.227510
-56453120,1.208054
-75372544,3.486129
-77813760,3.397816
16111872,2.378569
16708608,2.727217
13923840,2.099651
19095552,1.158301
7426048,1.158301
2121728,1.158301
7227136,5.692324
12266240,1.692581
16377088,3.959483
16907520,3.871603
16045568,1.975175
8991360,9.619190
7492800,9.036088
10275840,8.161435
3996160,8.161435
1141760,8.161435
3889120,12.374213
6600800,8.657860
8812960,10.764148
9098400,10.682493
8634560,8.920431
9098400,10.682493
12694080,6.038468
17409024,5.134992
6770176,12.879074
1934336,5.134992
6588832,17.443819
11182880,6.819853
14930656,11.334961
15414240,11.990783
14628416,9.503038
15414240,11.990783
14749312,10.244817
8845440,8.128211
8325120,5.535055
8845440,8.128211
8845440,8.128211
7561984,6.401707
4301312,8.582312
4995072,5.535055
1110016,5.535055
4405376,10.741784
8845440,8.128211
8151680,6.740991
8845440,8.128211
75571200,1.138211
80294400,3.852065
80294400,3.852065
68643840,2.045200
39045120,4.327302
45342720,1.138211
39989760,6.587286
80294400,3.852065
73996800,2.400277
80294400,3.852065
80294400,3.852065
15814080,14.215989
15814080,14.215989
13519488,9.351360
7689984,19.038584
8930304,7.533540
7876032,20.951057
15814080,14.215989
14573760,12.311442
15814080,14.215989
15814080,14.215989
15317952,13.576749
-88389120,3.463376
-75564032,1.649208
-42981376,3.940535
-49913856,0.738552
-44021248,6.209656
-88389120,3.463376
-81456640,2.005720
-88389120,3.463376
-88389120,3.463376
-85616128,3.551630
-79376896,2.905833
-14182208,13.587278
-8066944,22.821827
-9368064,11.854403
-8262112,24.644934
-16589280,18.224588
-15288160,16.409039
-16589280,18.224588
-16589280,18.224588
-16068832,17.615219
-14897824,17.298204
-13791872,13.517528
-36896768,3.374778
-36896768,3.374778
-11530240,3.374778
-13836288,3.374778
-25366528,3.374778
-39202816,3.374778
-26519552,3.374778
-35599616,6.113145
-36752640,6.027235
-35023104,4.567682
-29978624,3.374778
20332544,7.171636
6353920,7.171636
7624704,7.171636
13978624,7.171636
21603328,7.171636
14614016,7.171636
19617728,9.802399
20253120,9.719865
19300032,8.317665
16520192,7.171636
9605120,4.477612
11526144,22.672352
21131264,4.477612
32657408,4.477612
22091776,6.850839
29655808,14.256364
30616320,15.662026
29175552,12.844947
24973312,4.477612
13916160,1.103753
16699392,1.103753
30615552,1.103753
47314944,1.103753
32007168,1.103753
42966144,3.906481
44357760,3.818552
42270336,2.324694
36182016,1.103753
-3348480,2.140673
-4018176,2.140673
-7366656,2.140673
-11384832,2.140673
-7701504,2.140673
-10338432,4.914014
-10673280,4.827007
-10171008,3.348813
-8706048,2.140673
5013504,5.882353
13787136,5.882353
3995136,11.418685
7363584,11.889862
6658560,11.418685
6266880,5.882353
6266880,5.882353
31334400,5.882353
19270656,8.177905
19270656,8.177905
19975680,8.465975
16293888,5.882353
11280384,5.882353
28295168,3.184713
8199168,8.879730
15112192,10.231738
13665280,8.879730
12861440,3.184713
12861440,3.184713
64307200,6.445860
39548928,6.871731
39548928,6.871731
40995840,7.440989
33439744,3.184713
23150592,3.184713
14913536,3.323263
4321536,9.010129
7965184,9.494119
7202560,9.010129
6778880,3.323263
6778880,3.323263
33894400,3.323263
20845056,5.681232
20845056,5.681232
21607680,5.977134
17625088,3.323263
12201984,3.323263
-2950656,6.715252
-5438464,9.621540
-4917760,6.715252
-4628480,0.884956
-4628480,0.884956
-23142400,9.946903
-14232576,6.986115
-14232576,6.986115
-14753280,8.047892
-12034048,0.884956
-8331264,0.884956
-5428032,13.069931
-10004608,18.772789
-9046720,13.069931
-8514560,7.636801
-8514560,7.636801
-42572800,27.340952
-26182272,17.899380
-26182272,17.899380
-27140160,19.831158
-22137856,7.636801
-15326208,7.636801
11772288,24.289179
12247936,27.229404
21641984,6.731804
22474368,8.436563
28182144,13.028391
30084736,14.171812
29965824,13.831223
22712192,9.395342
22593280,8.918474
26993024,12.596085
28895616,12.000603
29965824,13.831223
24971520,4.470757
34246656,3.552207
13318144,19.298784
12926912,29.023731
22841728,5.318547
23720256,7.443832
29744448,12.969573
31752512,14.345549
31627008,14.005651
23971264,8.413007
23845760,7.930969
28489408,12.586180
30497472,11.895123
31627008,14.005651
26355840,3.023239
36145152,2.090770
14056448,20.740147
-6348160,9.152132
-6592320,8.540362
-8266560,8.037006
-8824640,7.911666
-8789760,7.546236
-6662080,9.498055
-6627200,9.021729
-7917760,7.296609
-8475840,7.214860
-8789760,7.546236
-7324800,6.949760
-10045440,6.055046
-3906560,6.055046
-11067840,5.851331
-13878720,7.920039
-14815680,8.435171
-14757120,8.071819
-11184960,6.837181
-11126400,6.346851
-13293120,7.314702
-14230080,6.969799
-14757120,8.071819
-12297600,3.009108
-16865280,2.076503
-6558720,10.070257
-12308832,7.357059
-13139808,7.230791
-13087872,6.862659
-9919776,8.828909
-9867840,8.349061
-11789472,6.611187
-12620448,6.528833
-13087872,6.862659
-10906560,6.261773
-14957568,5.360444
-5816832,5.360444
-52321920,2.927110
-49654528,1.012049
-52321920,2.927110
-50064896,1.823425
-52321920,2.927110
-52321920,2.927110
-49654528,1.012049
-51501184,1.380131
-52321920,2.927110
-49244160,0.187149
-52321920,2.927110
-52321920,2.927110
-44730112,1.102863
-25442816,3.406919
-29546496,0.187149
-73846784,1.492041
-77813760,3.397816
-74457088,2.299483
-77813760,3.397816
-77813760,3.397816
-73846784,1.492041
-76593152,1.858338
-77813760,3.397816
-73236480,0.671141
-77813760,3.397816
-77813760,3.397816
-66523136,1.582415
-37838848,3.875298
-43941888,0.671141
16907520,3.871603
16178176,2.778657
16907520,3.871603
16907520,3.871603
16045568,1.975175
16642304,2.339676
16907520,3.871603
15912960,1.158301
16907520,3.871603
16907520,3.871603
14454272,2.065106
8221696,4.346743
9547776,1.158301
8705920,9.666986
9098400,10.682493
9098400,10.682493
8634560,8.920431
8955680,9.259107
9098400,10.682493
8563200,8.161435
9098400,10.682493
9098400,10.682493
7778240,9.003991
4424320,11.123969
5137920,8.161435
15414240,11.990783
15414240,11.990783
14628416,9.503038
15172448,10.588245
15414240,11.990783
14507520,8.748898
15414240,11.990783
15414240,11.990783
13177664,6.999966
7495552,16.938473
8704512,5.134992
8845440,8.128211
8567936,8.212200
7943552,7.597609
7353856,7.317413
8394496,6.315757
8672000,6.290775
8845440,8.128211
8845440,8.128211
8602624,5.535055
8845440,8.128211
8776064,7.401951
8637312,5.914433
8845440,8.128211
8429184,6.701289
5896960,6.646408
6660096,5.535055
77775360,3.939962
72107520,3.296766
66754560,3.003528
76200960,1.955251
78720000,1.929106
80294400,3.852065
80294400,3.852065
78090240,1.138211
80294400,3.852065
79664640,3.092002
78405120,1.535247
80294400,3.852065
76515840,2.358727
53529600,2.301291
60456960,1.138211
14201664,13.244194
13147392,9.278191
15007872,11.791145
15504000,12.500310
15814080,14.215989
15814080,14.215989
15379968,11.794667
15814080,14.215989
15690048,13.537855
15441984,12.148906
15814080,14.215989
15069888,12.154145
10542720,8.621381
11907072,7.533540
-73484288,2.611410
-83883008,1.558895
-86656000,1.532644
-88389120,3.463376
-88389120,3.463376
-85962752,0.738552
-88389120,3.463376
-87695872,2.700241
-86309376,1.137193
-88389120,3.463376
-84229632,1.964002
-58926080,1.906334
-66551808,0.738552
-15743552,15.913054
-16264000,16.589079
-16589280,18.224588
-16589280,18.224588
-16133888,15.916411
-16589280,18.224588
-16459168,17.578142
-16198944,16.254097
-16589280,18.224588
-15808608,16.259090
-11059520,12.891409
-12490752,11.854403
-6918144,3.374778
-4612096,3.374778
-4612096,3.374778
-9224192,3.374778
-9224192,3.374778
-25366528,3.374778
-7350528,9.058615
-13548032,9.542345
-12250880,9.058615
-11530240,3.374778
2541568,7.171636
2541568,7.171636
5083136,7.171636
5083136,7.171636
13978624,7.171636
4050624,12.632127
7465856,13.096851
6751040,12.632127
6353920,7.171636
6353920,7.171636
3842048,4.477612
7684096,4.477612
7684096,4.477612
21131264,4.477612
6123264,10.096576
11286016,15.220252
10205440,10.096576
9605120,4.477612
9605120,4.477612
48025600,21.944563
5566464,1.103753
11132928,1.103753
11132928,1.103753
30615552,1.103753
8871552,6.921179
16351488,7.416279
14785920,6.921179
13916160,1.103753
13916160,1.103753
69580800,1.103753
42792192,3.515856
-1339392,2.140673
-2678784,2.140673
-2678784,2.140673
-7366656,2.140673
-2134656,7.897104
-3934464,8.387012
-3557760,7.897104
-3348480,2.140673
-3348480,2.140673
-16742400,2.140673
-10296576,4.527486
-10296576,4.527486
5013504,5.882353
20054016,5.882353
20054016,5.882353
8773632,5.882353
18800640,5.882353
23814144,5.882353
7755264,8.734403
8068608,12.278698
14257152,8.985133
14805504,8.372237
18565632,7.867958
19819008,7.742385
19740672,7.376284
14962176,9.331691
41156608,3.184713
41156608,3.184713
18006016,6.096451
38584320,4.543524
48873472,3.184713
15916032,9.412597
16559104,12.930554
29259776,6.376426
30385152,6.177333
38102016,6.603241
40674304,6.709297
40513536,6.339096
30706688,7.159770
30545920,6.671137
21692416,3.323263
9490432,3.323263
20336640,3.323263
25759744,3.323263
8388864,6.252861
8727808,9.893527
15421952,6.510408
16015104,5.880848
20082432,5.362856
21438208,5.233871
21353472,4.857814
16184576,6.866389
16099840,6.376212
19235072,4.600929
-14811136,0.884956
-6479872,8.975980
-13885440,4.660767
-17588224,0.884956
-5727744,13.041924
-5959168,16.418938
-10529792,4.152484
-10934784,4.705717
-13711872,6.799597
-14637568,7.320998
-14579712,6.953224
-11050496,5.703563
-10992640,5.207266
-13133312,6.186893
-14059008,5.837794
-27246592,7.636801
-11920384,25.229792
-25543680,15.846864
-32355328,7.636801
-10536768,30.338865
-10962496,33.044155
-19370624,10.681742
-20115648,12.686640
-25224384,17.899380
-26927296,19.197412
-26820864,18.876766
-20328512,13.600917
-20222080,13.146184
-24160064,17.537703
-25862976,16.885790
-26820864,18.876766
7610368,3.552207
3805184,3.552207
12961408,24.156389
21998720,6.456812
29371264,13.425694
30322560,14.844974
28776704,11.636969
30322560,14.844974
29014528,12.361256
30322560,14.844974
30322560,14.844974
28776704,11.636969
29846912,13.487922
8032256,2.090770
4016128,2.090770
13679936,25.744682
23218240,5.442617
30999488,13.321922
32003520,15.017348
30371968,11.531054
32003520,15.017348
30622976,12.256209
32003520,15.017348
32003520,15.017348
30371968,11.531054
31501504,13.663043
32003520,15.017348
-1116160,6.055046
-3801920,10.364448
-6452800,6.562857
-8615360,8.717453
-8894400,8.633927
-8440960,6.831451
-8894400,8.633927
-8510720,7.595127
-8894400,8.633927
-8894400,8.633927
-8440960,6.831451
-8754880,7.177894
-8894400,8.633927
-8371200,6.055046
-1873920,2.076503
-6383040,14.782172
-10833600,3.815685
-14464320,8.476361
-14932800,9.153327
-14171520,6.585377
-14932800,9.153327
-14288640,7.351070
-14932800,9.153327
-14932800,9.153327
-14171520,6.585377
-14698560,7.705572
-14932800,9.153327
-14054400,5.806922
-14932800,9.153327
-1661952,5.360444
-5661024,9.701708
-9608160,5.872009
-12828192,8.042537
-13243680,7.958392
-12568512,6.142589
-13243680,7.958392
-12672384,6.911912
-13243680,7.958392
-13243680,7.958392
-12568512,6.142589
-13035936,6.491594
-13243680,7.958392
-12464640,5.360444
-13243680,7.958392
-13243680,7.958392
-6565888,0.187149
-26058368,5.688645
-52321920,2.927110
-48218240,1.461356
-52321920,2.927110
-52321920,2.927110
-50680448,3.015853
-46987136,2.366469
-43499008,2.070410
-49654528,1.012049
-51296000,0.985652
-52321920,2.927110
-52321920,2.927110
-38754304,6.145960
-77813760,3.397816
-71710720,1.939169
-77813760,3.397816
-77813760,3.397816
-75372544,3.486129
-69879808,2.839893
-64692224,2.545270
-73846784,1.492041
-76288000,1.465772
-77813760,3.397816
-77813760,3.397816
-75677696,0.671141
8420608,6.606269
16907520,3.871603
15581440,2.420110
16907520,3.871603
16907520,3.871603
16377088,3.959483
15183616,3.316417
14056448,3.023239
16045568,1.975175
16576000,1.949035
16907520,3.871603
16907520,3.871603
16443392,1.158301
16907520,3.871603
4531360,13.223404
9098400,10.682493
8384800,9.333842
9098400,10.682493
9098400,10.682493
8812960,10.764148
8170720,10.166643
7564160,9.894238
8634560,8.920431
8920000,8.896144
9098400,10.682493
9098400,10.682493
8848640,8.161435
9098400,10.682493
9027040,9.976426
7676896,18.900555
15414240,11.990783
14205280,10.036831
15414240,11.990783
15414240,11.990783
14930656,11.334961
13842592,10.993779
12814976,6.924898
14628416,9.503038
15112000,10.230597
15414240,11.990783
15414240,11.990783
14991104,9.506652
15414240,11.990783
15293344,11.295058
15051552,9.870078
6105088,5.535055
4995072,5.535055
8776064,7.401951
8845440,8.128211
8845440,8.128211
8082304,5.940484
7006976,6.470352
2948480,11.091817
1838464,14.446842
6798848,7.462911
8255744,7.916524
8845440,8.128211
7874176,6.783491
55418880,1.138211
45342720,1.138211
79664640,3.092002
80294400,3.852065
80294400,3.852065
73367040,1.562511
63605760,2.117041
26764800,6.953610
16688640,10.464795
61716480,3.155799
74941440,3.630525
80294400,3.852065
71477760,2.444755
74941440,3.630525
8930304,7.533540
15690048,13.537855
15814080,14.215989
15814080,14.215989
14449728,11.558750
12527232,8.449049
5271360,12.972744
3286848,16.256792
12155136,9.420610
14759808,13.416759
15814080,14.215989
14077632,12.479826
14759808,13.416759
8806272,11.440574
-49913856,0.738552
-87695872,2.700241
-88389120,3.463376
-88389120,3.463376
-80763392,1.164567
-70018048,1.721339
-29463040,6.577461
-18371072,10.102839
-67938304,2.764296
-82496512,3.240942
-88389120,3.463376
-78683648,2.050378
-82496512,3.240942
-49220608,4.932698
-37782016,5.291830
-16459168,17.578142
-16589280,18.224588
-16589280,18.224588
-15158048,15.691519
-13141312,12.727131
-5529760,17.039438
-3447968,20.170025
-12750976,13.653292
-15483328,17.462706
-16589280,18.224588
-14767712,16.569553
-15483328,17.462706
-9237952,15.578864
-7091104,23.291380
-12555808,12.311115
-11530240,3.374778
-57651200,3.374778
-35455488,5.731491
