-1245184
-233472
-311296
-155648
180224
33792
45056
22528
123904
-1638400
-307200
-409600
-204800
-1126400
-983040
-184320
-245760
-122880
-675840
-1507328
-282624
-376832
-188416
-1036288
-1318912
798720
2563072
1064960
665600
755712
965120
1007616
629760
1204224
2799616
1605632
1003520
200704
897024
3144704
1196032
747520
149504
149504
-589824
-344064
-786432
-491520
-98304
-98304
-786432
-11231232
-851968
-851968
-851968
674816
172032
172032
172032
824320
942080
942080
942080
2237440
9056256
163840
163840
163840
389120
408576
466944
466944
466944
-846336
-98304
-98304
-524288
-524288
196608
196608
745472
745472
794624
794624
546304
399360
460800
307200
798720
130816
522240
311680
745472
860160
573440
1490944
744448
974848
1832448
2205184
971776
1645568
747520
4040704
273536
1270784
646464
1132352
946304
-532480
-368640
-245760
-638976
-199680
-417792
-486912
-646656
-420864
-274944
-1411072
-1628160
-1085440
-2822144
-296192
-1845248
-686208
-1391744
-1273088
-335744
-434176
-856064
-9478144
-1245184
-1478656
157696
180224
214016
-4055040
-1638400
-1945600
-1228800
-860160
-983040
-1167360
-737280
-1507328
-1333248
-57344
-57344
-458752
-86016
-86016
-196608
-196608
-1572864
-294912
-294912
-688128
233472
1867776
350208
350208
817152
933888
1089536
204288
204288
476672
544768
116736
116736
272384
311296
311296
-1789952
-1507328
-1978368
-376832
-369664
-311296
-408576
-77824
-709632
-135168
-311296
-408576
-77824
-311296
-712704
-935424
-178176
-712704
-67584
-61440
-18432
-360448
-327680
-98304
-425984
135168
122880
36864
159744
512512
465920
139776
605696
698880
496640
148992
645632
1269248
496640
511360
407296
165504
122880
1260544
-16384
-234752
-114688
159744
1013376
961920
1288064
638976
2469888
851968
532480
106496
106496
851968
159744
159744
1130496
9572352
1507328
942080
188416
188416
1507328
282624
282624
-1273344
-1712128
-1070080
-214016
-214016
-1712128
-321024
-321024
240128
548864
343040
-36864
-36864
-294912
-55296
-55296
-850432
-745472
-465920
-93184
-93184
-745472
-139776
-139776
-175616
-200704
-200704
-200704
-476672
-401408
-526848
-100352
98304
98304
98304
233472
196608
258048
49152
-98304
-98304
-233472
-196608
-258048
-49152
638976
638976
-131072
-172032
-32768
-1040384
-2470912
-2080768
-2731008
-520192
1081344
1081344
743424
675840
202752
671744
671744
461824
419840
125952
-540672
-540672
-371712
-337920
-101376
-311296
-214016
-194560
-58368
-712704
-489984
-445440
-133632
-79872
-92160
-61440
-159744
-422656
-759808
-1398784
-1208320
-387072
-393216
3788800
778240
12509184
411136
1323008
988928
1494784
1111552
538880
311296
-860160
-573440
-1490944
-646144
-974848
-1586688
-1959424
-1162240
-911872
-229376
153600
399360
163712
261120
401600
501440
301952
230208
61440
11423744
461056
844288
525728
848544
667200
280672
198656
484608
684288
545536
580224
564864
614912
614912
718976
250240
184320
153600
276480
2405376
2778112
1518592
1833472
1804800
2148352
2148352
3092992
1717760
344064
286720
516096
1044864
2186112
1938048
2000064
1831616
2062080
-1336320
-1513728
-367360
-696320
-143360
-258048
3894400
3458432
3567424
3023168
3676416
3676416
4003392
644800
2336768
199680
359424
947840
1032896
1007808
1117952
1117952
1373120
550720
301056
250880
451584
2469888
425984
425984
425984
9572352
753664
753664
753664
-1273344
-856064
688128
688128
1634304
215040
245760
245760
245760
583680
-100352
-114688
-114688
-114688
-272384
1179648
1179648
1310720
1310720
720896
720896
-131072
-131072
-2080768
-2080768
-1430528
878592
3110912
675840
10145792
372992
1148928
898688
545792
3251200
419840
11577344
334976
979968
1086464
-59904
-69120
-46080
-119808
-75328
-78336
-186016
-215968
-116800
1530880
1766400
1177600
3061760
381312
2001920
894400
1659840
1441152
454208
-106496
-2220032
-81920
-8601600
-476160
-139264
-1186304
-1239552
-549888
-706048
-32768
-1265664
-2560000
-2306048
-2369536
-707712
-915968
-2125824
-2338816
-1118208
-1423360
-1406976
-1728512
-1728512
508416
588288
323072
389376
383232
455680
455680
654592
633408
936256
793536
829216
805920
864896
864896
971936
294880
809664
1787840
1546048
1606496
1450592
1666944
1666944
1848288
426400
822272
215040
138240
557440
718976
653568
564864
718976
684288
401408
258048
2291200
3092992
2720768
1804800
3092992
2778112
1833472
1047552
336384
1244480
2248128
1980288
1831616
2248128
2186112
2000064
1814016
-286720
-184320
-2245120
-3061248
-2673664
-1654272
-3061248
-2714624
-1674752
-634880
-1285376
225792
145152
659040
858144
774720
637344
858144
806976
653472
499968
454368
694080
719872
606208
795648
151552
-2480640
-2088960
-2741760
-522240
-458752
-602112
-114688
-294912
-387072
-73728
-294912
-745472
-978432
-186368
-745472
-275968
-250880
-75264
135168
245760
1064960
495616
450560
135168
585728
-90112
-81920
-24576
-106496
-647168
-1300480
-390144
-1690624
-4047872
-1300480
1337984
981248
491904
270336
712832
460480
167936
-172224
-135168
-77824
-526464
-712512
-1002048
-915968
-1531520
-1041280
-36864
-30720
-55296
-2643968
3088384
389120
700416
3166208
-1472000
-344064
-286720
-516096
-401408
-258048
92160
76800
138240
107520
69120
524480
583680
1050624
2914304
525312
2028160
5227392
1803136
1174528
1156736
2166528
474752
1439744
-10549248
-444672
-2409984
-2504960
-77824
-417536
-698880
-290560
1420288
1264256
-2571264
-489984
-778240
-1246208
-3061248
-628000
-2344448
-1926976
-3023328
-2440224
-1245184
-1245184
-856064
-778240
-233472
1458176
1458176
1002496
911360
273408
1376256
1376256
946176
860160
258048
491520
337920
307200
92160
-229376
-157696
-143360
-43008
958464
1105920
737280
1916928
304128
1253376
723456
1202688
967680
382464
294912
1753088
819200
4227072
485376
1392640
1172480
1704960
1222656
646144
327680
675840
450560
1171456
259584
765952
626432
919296
665088
344320
180224
-81920
-2310144
-132096
-139264
-326144
-379392
-205824
151552
44892160
1101824
557056
2738176
2951168
1396736
1619968
131072
-479616
-539520
-275072
-341184
-336576
-407296
-407296
-605632
-353600
-55296
-46080
-82944
1234944
1341440
616448
797696
789504
978944
978944
1522688
947200
98304
81920
147456
-239808
-269760
-137536
-628416
-611520
-663296
-663296
-767936
-258880
-202752
-168960
-304128
-1308288
-1074048
-1132608
-991808
-1191168
-1191168
-1366848
-341440
-641024
-97280
-175104
-794304
-846240
-823968
-898176
-898176
-1053984
-371040
-267264
-222720
-400896
-43008
-27648
-1102720
-1531520
-1320192
-707712
-1531520
-1326336
-710784
-95232
-281984
-1304832
-226688
-116736
-147456
-1935360
-2643968
-2306048
-1406976
-2643968
-2338816
-1423360
-507904
-714752
-2224128
-419840
-622592
485120
654592
576000
383232
654592
588288
389376
190464
219904
545280
109312
233472
971936
889664
805920
971936
936256
829216
722176
618080
773184
198752
885248
1607104
1450592
1848288
1787840
1606496
1425152
681248
958656
365344
943616
484096
718976
495488
718976
510848
545536
580224
545536
718976
718976
530176
430080
126848
368640
1403904
3092992
1175040
3092992
1203712
1518592
1833472
1518592
3092992
3092992
1489920
802816
486912
688128
2248128
1707584
2248128
1876032
1938048
2000064
1938048
2248128
2248128
1769600
1570816
286272
897024
-961024
-3061248
-981504
-1328128
-1674752
-1328128
-3061248
-3061248
-1307648
-573440
-469504
-491520
-3023328
-2632992
-2698048
-2763104
-2698048
-3023328
-3023328
-2505280
-2251776
-435232
-1480704
-1011712
-1167360
-778240
-2023424
-443904
-1323008
-1070848
1184768
1367040
911360
2369536
341120
1549312
807232
1399616
1118208
3387392
860160
10625024
412160
1462272
987392
1546496
1186304
399360
460800
307200
798720
409344
522240
1008000
1207680
685824
583296
-186368
-215040
-143360
-372736
-112384
-243712
-273792
-366976
-241408
-154240
-57344
1133568
1612800
1299456
1377792
1340928
1456128
1701888
2889728
2246656
2407424
2235392
2568192
2568192
913920
1206784
867840
952576
930048
1037312
1037312
1291520
-420864
-1129472
-898048
-955904
-820736
-1013760
-1013760
-1187328
-309760
-1809024
-5275776
-4850048
-4956480
-4367168
-5062912
-5062912
-5382208
-857280
-2877440
2570240
304128
1439360
4501376
3790592
3467648
4501376
4382464
2915328
188928
1152320
4806080
3983232
3627712
4806080
4680576
4304064
-236544
-152064
-596800
-767936
-699264
-611520
-767936
-733056
-628416
-523776
-660480
-87552
-536000
-1366848
-1157760
-991808
-1366848
-1308288
-1132608
-956928
-301760
-311808
-200448
-816480
-1053984
-957504
-823968
-1053984
-1002048
-846240
-690432
-608736
-846144
-493312
-1531520
-297344
-1531520
-300416
-505600
-710784
-1052672
-2643968
-796672
-2643968
-813056
-1118208
-1423360
-1118208
298496
654592
250624
654592
256768
323072
389376
323072
654592
700352
971936
734560
971936
757856
793536
829216
793536
971936
971936
922432
1848288
1329696
1848288
1485600
1546048
1606496
1546048
1848288
1848288
1390144
491520
61440
92160
61440
61440
491520
157568
568832
718976
684288
599552
457856
130816
917504
114688
172032
114688
114688
917504
544256
2062336
3092992
2778112
2119680
2605568
744448
458240
1196032
149504
224256
149504
149504
1196032
361024
1818880
2248128
2186112
1893632
1481664
273536
248896
1382272
-81920
-122880
-81920
-81920
-655360
-510464
-1959936
-3061248
-2714624
-2000896
-2713088
-775168
-449024
-2345984
-1328128
-370176
-246784
-246784
-1974272
-558624
-2512000
-3023328
-2958272
-2635392
-1843424
-376896
-373536
-1716672
-2698048
-3023328
-1576704
-1144320
-588032
-311296
1161344
420544
364544
532224
344064
122880
1320192
-380160
-473344
1456128
1691136
576000
442368
368640
663552
3050496
1008640
1015808
409600
737280
1097728
536320
270336
225280
405504
315392
202752
-573440
-40960
-73728
-581632
-36864
-391680
-650240
-1170432
-3007488
-585216
-2157760
-5382208
4025728
3668992
963712
1524480
879744
1284096
3927552
650304
1256832
927808
797696
-457280
-614784
-153152
-642048
-525952
-584832
-257728
-369664
-510848
-1366848
-207840
-846336
-705216
-1053984
-720096
-505600
-1531520
-1531520
-502528
-86016
-223616
-73728
-98304
-12288
-18432
-12288
-12288
-98304
-2643968
-2643968
-1101824
-458752
-403456
-393216
-524288
-65536
-98304
-65536
-65536
-524288
654592
316928
172032
103168
147456
196608
24576
36864
24576
24576
196608
115456
770240
652288
175456
559104
93184
139776
93184
93184
745472
222048
795008
1219584
209440
595968
148992
99328
99328
794624
259104
1461376
1848288
111488
407808
545536
718976
476160
369152
614400
491520
491520
2262016
1518592
3092992
888832
1689600
1146880
917504
688128
1938048
2248128
1814016
1464064
1495040
897024
-3061248
-634880
-1693696
-819200
-491520
-2223104
-2567936
-1841024
-2467840
-1480704
-953280
-1720032
-1565184
-2071040
-1494528
-1638656
-1599744
-1782784
-1782784
-2215168
-915200
-466944
-389120
-700416
1296768
1889152
1571456
1650880
1605312
1730304
1730304
1968576
624960
546816
455680
820224
1494528
4675072
4194816
4314880
3747584
4434944
4434944
4795136
815360
2613248
430080
774144
1519872
824064
998016
982656
1171968
1171968
1693824
946560
184320
153600
276480
-305920
-347776
-340608
-389632
-389632
-515200
-245120
-86016
-71680
-129024
516096
331776
1313280
1691136
1539072
1340928
1691136
1612800
1377792
1142784
999936
1354752
336384
1400832
368640
1827840
3050496
2676736
2235392
3050496
2889728
2407424
1925120
1184768
1947648
578560
1556480
986880
1291520
1161728
930048
1291520
1206784
952576
698368
647936
1049088
242432
856064
-1187328
-990208
-820736
-1187328
-1129472
-955904
-782336
-160256
-445440
-217600
-155648
-4621440
-4367168
-5382208
-5275776
-4956480
-4637184
-1732032
-2199168
-1085888
-2470912
1674496
4501376
3229824
4501376
3787904
3906816
4025728
3906816
4501376
4501376
3348736
3043328
321664
811008
1473152
4806080
3376704
4806080
4053056
4178560
4304064
4178560
4806080
4806080
3502208
3209216
251456
503808
-767936
-541760
-767936
-558656
-593536
-628416
-593536
-767936
-767936
-576640
-473088
-136256
-405504
-874688
-1366848
-1015488
-1074048
-1132608
-1074048
-1366848
-1366848
-933248
-796672
-116928
-233472
-1053984
-742368
-794304
-846240
-794304
-1053984
-1053984
-772032
-623616
-185568
-534528
-229760
-906752
-1531520
-1326336
-912896
-1479296
-422656
-220544
-1271040
-505600
-1531520
-95232
-866816
-122880
-436224
-1679360
-2643968
-2338816
-1712128
-2365440
-675840
-387072
-2043904
-1118208
-2643968
-507904
-1466368
-655360
437248
654592
588288
449536
550144
157184
97024
477696
323072
654592
190464
357376
245760
971936
936256
841600
575904
164544
152160
516928
793536
971936
722176
492160
931840
1787840
1511040
1295072
220224
184608
1209792
1546048
1848288
1425152
1269632
993280
368640
315648
427136
249728
388480
130816
384000
599552
718976
718976
368640
2089984
2548224
716288
1975808
744448
716800
2119680
3092992
3092992
688128
764800
1406912
1109568
1357632
273536
934400
1893632
2248128
2248128
897024
-2672128
-633344
-2019840
-775168
-512000
-2000896
-3061248
-3061248
-491520
-1453088
-1713312
-376896
-1542400
-2635392
-3023328
-3023328
-1480704
-544768
-350208
-1693440
-2215168
-1993216
-1599744
-2215168
-2071040
637952
410112
1536320
1968576
1798016
1605312
1968576
1889152
1650880
2699264
387072
1675520
4795136
4064768
3747584
4795136
4675072
4314880
3954688
215040
138240
1253760
1693824
1489152
982656
1693824
1519872
998016
476160
557952
-100352
-64512
-388480
-515200
-459008
-340608
-515200
-473344
-347776
-222208
-221056
-423168
1152000
1691136
1184256
1691136
1221120
1299456
1377792
1558528
3050496
1913856
3050496
2085888
2246656
2407424
2246656
777728
1291520
760576
1291520
783104
867840
952576
867840
1291520
-357376
-1187328
-705024
-1187328
-840192
-898048
-955904
-898048
-1187328
-1187328
-2492800
-5382208
-4154304
-5382208
-4743616
-4850048
-4956480
-4850048
-5382208
-5382208
-4260736
1081344
135168
202752
135168
135168
1081344
389248
3518976
4501376
4382464
3586560
3402624
372992
671744
83968
125952
83968
83968
671744
293440
3711232
4806080
4680576
3753216
3793856
334976
230464
-540672
-67584
-101376
-67584
-67584
-540672
-170048
-612608
-767936
-733056
-646400
-480704
-137344
-119360
-428928
-38912
-58368
-38912
-38912
-311296
-136384
-1030912
-1366848
-1308288
-1050368
-1070400
-156032
-107200
-1002112
-1074048
-133632
-89088
-89088
-712704
-230112
-831360
-1053984
-1002048
-875904
-675360
-192960
-163296
-601152
-794304
-1053984
-98304
-98304
-73728
-1252608
-1473152
-248192
-1068928
-422656
-524288
-393216
-1945600
-2332672
-534528
-1755136
-675840
147456
440832
537856
152320
417536
157184
559104
377152
529312
361824
504544
164544
582400
595968
667584
1245408
932384
1174176
220224
620800
1511040
61440
491520
491520
61440
61440
122880
337920
215040
917504
917504
114688
114688
229376
630784
401408
344064
1196032
149504
149504
299008
822272
1047552
972800
-655360
-81920
-81920
-163840
-450560
-286720
-245760
-1224192
-1974272
-246784
-246784
-493568
-1357312
-1388032
-1264640
-750432
-2635392
-1638656
-1206272
-1116928
-1798656
-416512
-1478656
1412608
1218624
1570176
398400
1731584
1195264
1752576
945408
1634304
1925632
1412352
281472
583680
762624
1693824
-92032
-272384
-277248
-515200
-256896
1299456
1691136
1691136
1262592
1032192
299520
884736
1179648
147456
221184
147456
147456
1179648
3050496
3050496
2074624
1671168
406528
983040
1310720
163840
245760
163840
163840
1310720
1291520
845312
630784
219904
540672
720896
90112
135168
90112
90112
720896
264960
-762880
-638976
-82432
-98304
-16384
-24576
-16384
-16384
-131072
-90624
-870400
-3917824
-496576
-1560576
-390144
-260096
-260096
-2080768
-626624
-4343552
-5382208
287872
3249920
3906816
4501376
3668992
3603968
1351680
1081344
1081344
3647360
4178560
4806080
3927552
4093696
839680
671744
503808
-593536
-767936
-523776
-392960
-675840
-405504
-1366848
-956928
-1035520
-389120
-233472
-550528
-690432
-541824
-890880
-534528
-467520
-630816
-76800
-912896
-1531520
-1531520
-73728
-12288
-98304
-98304
-12288
-409600
-1712128
-2643968
-2643968
-393216
-524288
-524288
-65536
153600
449536
654592
654592
147456
196608
24576
841600
971936
971936
559104
745472
93184
93184
1848288
1848288
595968
794624
99328
99328
198656
184320
242304
599552
718976
718976
122880
491520
61440
92160
122880
122880
1202688
2119680
3092992
3092992
229376
917504
114688
172032
229376
229376
522432
1893632
2248128
2248128
299008
1196032
149504
224256
299008
299008
1570816
-2000896
-3061248
-3061248
-163840
-655360
-81920
-122880
-163840
-163840
-573440
-3023328
-3023328
-493568
-246784
-370176
-493568
-493568
-2251776
-1338880
-2215168
-1311488
-2215168
-1350400
-1494528
-1638656
-1494528
-2215168
-2215168
-1455616
-1089536
-377600
-933888
1389184
1968576
1446464
1968576
1492032
1571456
1650880
1571456
1968576
1968576
1525888
1275904
352832
1093632
4795136
3507456
4795136
4074752
4194816
4314880
4194816
4795136
4795136
3627520
3301376
378112
1032192
634752
1693824
650112
824064
998016
824064
1693824
1693824
808704
430080
266112
368640
-515200
-264064
-305920
-347776
-305920
-515200
-515200
-298752
-200704
-84864
-172032
373248
1345536
1691136
1612800
1419264
1064448
304128
262656
949248
1299456
1691136
1142784
866304
1474560
488448
2314240
3050496
2889728
2396160
2223104
485376
365568
2021376
2246656
3050496
1925120
1912832
1638400
969728
1291520
1206784
1014784
908544
259584
197376
801280
867840
1291520
698368
676864
901120
-1187328
-1129472
-878592
-986624
-132096
-78336
-924672
-898048
-1187328
-782336
-948224
-163840
-5275776
-4473600
-3752512
-472960
-431552
-3581056
-4850048
-5382208
-4637184
-4022528
-2600960
811008
1474304
3335040
2689152
3164800
372992
844800
3586560
4501376
4501376
811008
1555328
3751872
3040832
3542848
334976
524800
3753216
4806080
4806080
503808
-327552
-446912
-271424
-410944
-137344
-422400
-646400
-767936
-767936
-405504
-1050944
-719040
-953280
-156032
-243200
-1050368
-1366848
-1366848
-233472
-363744
-571488
-192960
-556800
-875904
-1053984
-1053984
-534528
-12288
-24576
-67584
-43008
-36864
-643200
-912896
-1531520
-1531520
-24576
-65536
-131072
-360448
-229376
-196608
-1062912
-1712128
-2643968
-2643968
-131072
24576
49152
135168
86016
73728
254208
449536
654592
654592
49152
186368
512512
326144
279552
316704
841600
971936
971936
186368
546304
871936
822272
404832
1511040
1848288
1848288
198656
430080
276480
61440
130816
718976
718976
649600
307200
307200
802816
516096
114688
744448
3092992
3092992
2463232
573440
573440
672768
149504
273536
2248128
2248128
2124096
747520
747520
-368640
-81920
-775168
-3061248
-3061248
-2368000
-409600
-409600
-1110528
-246784
-376896
-3023328
-3023328
-2893216
-1233920
-1233920
-1245184
-155648
-233472
-155648
-155648
-1245184
-455424
-1666048
-2215168
-2071040
-1743872
-1553664
-443904
1458176
182272
273408
182272
182272
1458176
443968
1593600
1968576
1889152
1684736
1193920
341120
307264
1376256
172032
258048
172032
172032
1376256
464128
3781632
4795136
4675072
3867648
3539712
412160
335104
3376640
61440
92160
61440
61440
491520
296832
1125888
1693824
1519872
1156608
1432704
409344
250752
1243392
824064
-43008
-28672
-28672
-229376
-99200
-368128
-515200
-473344
-382464
-393344
-112384
-77696
-344320
-305920
-515200
1179648
1179648
884736
728064
990720
594432
907776
304128
1310720
983040
1382400
2141184
1258496
1901568
485376
540672
666112
863488
400128
739072
259584
-98304
-506880
-978432
-639488
-870912
-132096
-102400
-1560576
-1618048
-3622464
-3113920
-3539648
-472960
-1625600
-4473600
135168
1081344
1081344
135168
135168
270336
743424
2570240
671744
671744
83968
83968
167936
461824
2915328
2873344
-540672
-67584
-67584
-135168
-371712
-236544
-202752
-311296
-38912
-38912
-77824
-214016
-660480
-641024
-263232
-712704
-89088
-89088
-178176
-489984
-311808
-267264
-356256
-875904
-98304
-12288
-18432
-24576
-24576
-86016
-55296
-12288
-524288
-65536
-98304
-131072
-131072
-458752
-294912
-65536
196608
24576
36864
49152
49152
172032
110592
24576
745472
93184
139776
186368
186368
652288
419328
93184
164544
99328
148992
198656
198656
1219584
446976
99328
220224
1848288
491520
61440
92160
61440
92160
61440
399360
337920
917504
114688
172032
114688
172032
114688
745472
630784
344064
1196032
149504
224256
149504
224256
149504
971776
822272
972800
897024
-81920
-122880
-81920
-122880
-81920
-532480
-450560
-245760
-491520
-1285632
-370176
-246784
-370176
-246784
-1604096
-1357312
-1264640
-1480704
-1459808
-3023328
-338688
-1370624
-1494528
-2215168
-1206272
-1160192
-1556480
-1245184
-1245184
1068928
1571456
1968576
1412608
1001216
1822720
1458176
1093632
4194816
4795136
3954688
3746816
1720320
1032192
1693824
476160
926208
614400
368640
1151232
-222208
-274944
-286720
-172032
-301312
-379008
921600
1419264
1691136
1691136
884736
147456
1179648
1179648
147456
1024000
2396160
3050496
3050496
983040
1310720
1310720
163840
563200
1014784
1291520
1291520
540672
720896
90112
-878592
-1187328
-1187328
-98304
-131072
-16384
-16384
-5382208
-5382208
-1560576
-2080768
-260096
-260096
-520192
2502656
660864
3586560
4501376
4501376
270336
1081344
135168
202752
270336
270336
565440
3753216
4806080
4806080
167936
671744
83968
125952
167936
167936
-256704
-646400
-767936
-767936
-135168
-540672
-67584
-101376
-135168
-135168
-473088
-1050368
-1366848
-1366848
-77824
-311296
-38912
-58368
-77824
-77824
-796672
-1053984
-1053984
-178176
-89088
-133632
-178176
-178176
-623616
-422656
-1531520
-1531520
-1121152
-61440
-61440
-98304
-12288
-18432
-12288
-675840
-2643968
-2643968
-2033664
-327680
-327680
-524288
-65536
-98304
-65536
-98304
157184
654592
654592
521984
122880
122880
196608
24576
36864
24576
36864
24576
971936
971936
900576
465920
465920
93184
139776
93184
139776
93184
1848288
1727392
496640
496640
148992
99328
148992
99328
645632
184320
368640
288384
718976
684288
476160
460800
368640
491520
491520
491520
688128
1288704
3092992
2778112
888832
860160
688128
917504
917504
917504
917504
1158848
2248128
2186112
1814016
1645568
897024
1196032
1196032
1196032
1196032
-3061248
-2714624
-634880
-614400
-491520
-655360
-655360
-655360
-2958272
-2567936
-2375168
-1480704
-1974272
-1974272
-933888
-1137152
-1475840
-688896
-1265408
-443904
-972800
-1743872
-2215168
-2215168
-933888
795520
1102784
717376
1035072
341120
1139200
1684736
1968576
1968576
1093632
1545728
3453696
2819328
3299584
412160
1075200
3867648
4795136
4795136
1032192
1401984
388992
1084800
409344
384000
1156608
1693824
1693824
368640
-142208
-309632
-112384
-179200
-382464
-515200
-515200
-172032
147456
294912
811008
516096
442368
566784
1419264
1691136
1691136
294912
163840
327680
901120
1097728
1015808
850944
2396160
3050496
3050496
327680
90112
180224
495616
315392
270336
456960
1014784
1291520
1291520
180224
-32768
-90112
-581632
-573440
-210432
-878592
-1187328
-1187328
-32768
-1430528
-3007488
-2877440
-904512
-4473600
-5382208
-5382208
-520192
3043328
608256
135168
372992
4501376
4501376
4263552
675840
675840
3209216
377856
83968
334976
4806080
4806080
4555072
419840
419840
-304128
-67584
-137344
-767936
-767936
-698176
-337920
-337920
-175104
-38912
-156032
-1366848
-1366848
-1249728
-194560
-194560
-400896
-89088
-192960
-1053984
-1053984
-950112
-445440
-445440
-18432
-12288
-79872
-67584
-36864
-73728
-652416
-1531520
-1326336
-95232
-92160
-73728
-65536
-425984
-360448
-196608
-393216
-1112064
-2643968
-2338816
-507904
-491520
-393216
159744
135168
73728
147456
272640
654592
588288
190464
184320
147456
605696
512512
279552
559104
386592
971936
936256
722176
698880
559104
546304
822272
595968
1003616
1848288
1787840
1425152
1269248
595968
491520
491520
153600
184320
337920
522240
353280
703616
718976
564864
399360
917504
286720
344064
630784
974848
659456
3064320
3092992
1804800
745472
373760
972800
822272
1270784
990720
2079680
2248128
1831616
971776
-204800
-245760
-450560
-696320
-471040
-3040768
-3061248
-1654272
-532480
-616960
-1264640
-1357312
-2097664
-1550080
-2830560
-3023328
-2570336
-1604096
-155648
-1245184
-1245184
-155648
-155648
-311296
-856064
-544768
1458176
1458176
182272
182272
364544
1002496
637952
546816
1376256
172032
172032
344064
946176
2699264
2613248
491520
61440
61440
122880
337920
215040
184320
660096
-229376
-28672
-28672
-57344
-157696
-100352
-86016
-190080
-382464
1179648
147456
221184
294912
294912
1032192
663552
147456
1310720
163840
245760
327680
327680
1671168
737280
163840
720896
90112
135168
180224
180224
630784
405504
90112
-131072
-16384
-24576
-32768
-32768
-638976
-73728
-16384
-132096
-260096
-390144
-520192
-520192
-3917824
-1170432
-260096
-472960
-5382208
1081344
135168
202752
135168
202752
135168
878592
743424
671744
83968
125952
83968
125952
83968
545792
461824
2873344
-540672
-67584
-101376
-67584
-101376
-67584
-439296
-371712
-202752
-405504
-38912
-58368
-38912
-58368
-38912
-252928
-214016
-641024
-233472
-816704
-133632
-89088
-133632
-89088
-579072
-489984
-267264
-534528
-423072
-1053984
-98304
-98304
-98304
-98304
-98304
-30720
-36864
-67584
-524288
-524288
-524288
-524288
-524288
-163840
-196608
-360448
196608
196608
196608
196608
61440
73728
135168
208896
745472
745472
745472
232960
279552
512512
792064
535808
794624
794624
248320
822272
546304
844288
702208
1692384
92160
61440
61440
122880
122880
337920
196224
377088
327040
153600
114688
114688
229376
229376
630784
1116672
2204672
1861120
286720
286720
149504
299008
299008
822272
410304
914304
683840
373760
373760
3965952
-81920
-163840
-163840
-450560
-1162752
-2305024
-1937920
-204800
-204800
-1024000
-2694144
-246784
-493568
-493568
-1357312
-565344
-1200064
-942240
-616960
-616960
-5181952
-2765504
-2765504
-466944
-782592
-1743872
-2215168
-2215168
-311296
-1245184
-155648
-233472
-311296
-311296
648384
1684736
1968576
1968576
364544
1458176
182272
273408
364544
364544
747264
3867648
4795136
4795136
344064
1376256
172032
258048
344064
344064
3301376
1156608
1693824
1693824
122880
491520
61440
92160
122880
122880
430080
-515200
-515200
-57344
-28672
-43008
-57344
-57344
-200704
304128
1691136
1691136
1534464
737280
737280
1179648
147456
221184
147456
485376
3050496
3050496
2728960
819200
819200
1310720
163840
245760
163840
245760
259584
1291520
1291520
1122048
450560
450560
720896
90112
135168
90112
135168
90112
-1187328
-1187328
-1071616
-81920
-81920
-16384
-24576
-16384
-24576
-16384
-5382208
-5169344
-1300480
-1300480
-390144
-260096
-390144
-260096
-1690624
2502656
811008
2859392
4501376
4382464
3668992
3110912
811008
1081344
1081344
1081344
503808
3249856
4806080
4680576
3927552
3251200
503808
671744
671744
671744
671744
-307392
-767936
-733056
-523776
-506880
-405504
-540672
-540672
-540672
-540672
-1366848
-1308288
-956928
-816128
-233472
-311296
-311296
-311296
-1002048
-690432
-668160
-534528
-712704
-712704
-104448
-70656
-1528448
-1531520
-707712
-79872
-18432
-12288
-12288
-24576
-557056
-376832
-2627584
-2643968
-1406976
-425984
-65536
-65536
-131072
-131072
141312
648448
654592
383232
159744
24576
49152
49152
948640
971936
805920
605696
93184
186368
186368
512512
1848288
1450592
645632
99328
198656
198656
546304
153600
768000
668928
668928
718976
399360
276480
122880
491520
491520
215040
460800
583680
1433600
2749440
2749440
3092992
745472
516096
917504
917504
401408
860160
1089536
1288704
2017664
2017664
2248128
971776
672768
1196032
1047552
1645568
1420288
1158848
1406912
-2694144
-3061248
-532480
-368640
-655360
-286720
-614400
-778240
-1285632
-2672128
-2530304
-3023328
-1604096
-1110528
-1974272
-1388032
-2375168
-2344448
-1459808
-1720032
-1747648
-1875360
-1089536
-700416
-155648
-443904
-2215168
-2215168
-1926912
-778240
-778240
1275904
820224
182272
341120
1968576
1968576
1809728
911360
911360
774144
172032
412160
4795136
4795136
4555008
860160
860160
276480
61440
409344
1693824
1693824
1345920
307200
307200
-129024
-28672
-112384
-515200
-515200
-431488
-143360
-143360
221184
147456
958464
811008
442368
884736
677376
1691136
1612800
1142784
1105920
884736
163840
1064960
901120
1015808
983040
1498112
3050496
2889728
1925120
1753088
983040
585728
495616
270336
540672
524544
1291520
1206784
698368
675840
540672
-106496
-90112
-573440
-98304
-747008
-1187328
-1129472
-782336
-647168
-98304
-1430528
-2877440
-1560576
-3196736
-5382208
-5275776
-4637184
-4047872
-1560576
1081344
1081344
337920
2502656
743424
1148928
1301504
3943296
4501376
3467648
878592
671744
209920
2873344
461824
713728
1138176
4129728
4806080
3627712
545792
-168960
-202752
-371712
-574464
-388608
-751040
-767936
-611520
-439296
-97280
-641024
-214016
-330752
-354816
-1226048
-1366848
-991808
-252928
-222720
-267264
-489984
-757248
-512256
-1031712
-1053984
-823968
-579072
-24576
-67584
-633984
-1264896
-1056640
-30720
-30720
-153600
-1323264
-1323264
-1531520
-79872
-55296
-360448
-1013760
-2011136
-1689600
-163840
-163840
-819200
-2322432
-2322432
-2643968
-425984
-294912
135168
235776
465408
392960
61440
61440
307200
582144
582144
654592
159744
110592
246816
470336
411360
232960
232960
1164800
912960
912960
971936
605696
419328
330336
766912
550560
248320
248320
3338752
1631936
1631936
1848288
645632
446976
288384
427136
546048
526720
618880
649600
614912
596096
561408
534144
564864
614912
468736
552960
215040
2548224
2520064
2233856
2405888
2463232
2148352
2863616
2548736
1747456
1804800
2148352
1375232
1032192
401408
1194368
1300800
1918272
2124096
2062080
1424832
1362816
1756864
1831616
2062080
1095808
1345536
1047552
-2204160
-2327040
-2368000
-2021376
-2897408
-2550784
-1613312
-1654272
-2021376
-1225728
-737280
-286720
-2638752
-2893216
-2828160
-2005472
-1940416
-2446944
-2570336
-2828160
-1734208
-2221056
-1388032
-1245184
-155648
-233472
-155648
-233472
-155648
-1011712
-856064
1458176
182272
273408
182272
273408
182272
1184768
1002496
546816
1376256
172032
258048
172032
258048
172032
1118208
946176
2613248
1032192
61440
92160
61440
92160
61440
399360
337920
184320
368640
706176
-43008
-28672
-43008
-28672
-186368
-157696
-86016
-172032
-211584
-515200
1179648
1179648
1179648
1179648
1179648
368640
442368
811008
1310720
1310720
1310720
1310720
1310720
409600
1015808
901120
720896
720896
720896
720896
225280
270336
495616
765952
-131072
-131072
-131072
-40960
-573440
-90112
-139264
-225280
-2080768
-2080768
-650240
-2877440
-1430528
-2210816
-2019840
-4792896
202752
135168
135168
270336
270336
743424
559488
1609472
932480
337920
83968
83968
167936
167936
461824
1177600
988160
81920
81920
-9216
-18432
-18432
-50688
-112992
-223680
-188320
-23040
-23040
-115200
235520
471040
471040
1295360
571968
1085056
953280
588800
588800
2944000
2203776
-16384
-32768
-32768
-90112
-714240
-1948672
-1190400
-40960
-40960
-8593408
-3599360
-979776
-24576
-98304
-98304
-43008
-92160
-116736
-652416
-1473152
-1298688
-1096576
-1115008
-1121152
-915968
-1506944
-524288
-524288
-229376
-491520
-622592
-1112064
-2332672
-2191360
-1902592
-2000896
-2033664
-1728512
-2512896
-2207744
196608
86016
184320
233472
272640
537856
532992
472832
509696
521984
455680
605440
539136
370944
745472
326144
698880
885248
386592
529312
726592
714208
853984
900576
864896
785568
749888
759328
805920
794624
871936
1269248
943616
1003616
1245408
908992
1004448
1546656
1727392
1666944
1125344
1064896
1400928
1450592
1666944
122880
61440
373120
387968
703616
718976
530176
718976
599552
718976
718976
530176
580224
229376
114688
1947136
974336
3064320
3092992
1489920
3092992
2119680
3092992
3092992
1489920
1833472
3092992
149504
1320256
1052736
2079680
2248128
1769600
2248128
1893632
2248128
2248128
1769600
2000064
2248128
1645568
-81920
-1999360
-817664
-3040768
-3061248
-1307648
-3061248
-2000896
-3061248
-3061248
-1307648
-1674752
-3061248
-614400
-3061248
-246784
-1651616
-1615136
-2830560
-3023328
-2505280
-3023328
-2635392
-3023328
-3023328
-2505280
-2763104
-3023328
-2375168
-3023328
-3023328
-466944
-933888
-899328
-2215168
-2071040
-1206272
-1167360
-933888
-1245184
-1245184
-1245184
1093632
785088
1968576
1889152
1412608
1367040
1093632
1458176
1458176
1458176
1458176
2973440
4795136
4675072
3954688
3387392
1032192
1376256
1376256
1376256
1376256
1693824
1519872
476160
460800
368640
491520
491520
491520
-473344
-222208
-215040
-172032
-229376
-229376
1253376
847872
1654272
1691136
1340928
958464
221184
147456
147456
294912
1392640
1073152
2878464
3050496
2235392
1064960
163840
163840
327680
327680
518144
1268992
1291520
930048
585728
90112
180224
180224
-1052160
-1187328
-820736
-106496
-16384
-32768
-32768
-90112
-5382208
-4367168
-1690624
-260096
-520192
-520192
-1430528
337920
10078208
3824384
3824384
4501376
878592
608256
270336
1081344
1081344
2570240
3110912
1284096
11535360
4004224
4004224
4806080
545792
377856
671744
671744
2915328
3251200
797696
3249856
-716160
-716160
-767936
-439296
-304128
-540672
-236544
-506880
-642048
-307392
-446912
-1167488
-1366848
-252928
-175104
-311296
-660480
-816128
-369664
-816704
-1050944
-565376
-1053984
-579072
-400896
-712704
-311808
-668160
-846336
-423072
-630816
-801600
-771936
-1301760
-701568
-707712
-915968
-490240
-110592
-43008
-24576
-12288
-1065856
-275840
-1528448
-1374208
-1406976
-1728512
-1036288
-589824
-229376
-131072
-65536
-1738752
-681984
-2627584
-2643968
383232
455680
292352
221184
86016
24576
411392
207616
648448
654592
316928
864896
677056
838656
326144
93184
481248
571488
948640
971936
770240
971936
766528
893952
871936
99328
1149344
762656
1692384
1848288
1390144
1848288
1511040
718976
460800
718976
718976
484096
369152
276480
61440
473216
718976
549504
718976
860160
3092992
3092992
1403904
1689600
516096
2634240
3092992
1776128
3092992
3092992
2248128
2248128
1264256
1464064
672768
1650112
2248128
1794240
2248128
2248128
2079680
-3061248
-1246208
-1693696
-368640
-2733568
-3061248
-1633792
-3061248
-3061248
-3040768
-2306560
-1926976
-1841024
-1110528
-2036192
-3023328
-2508640
-3023328
-3023328
-2830560
-2577056
-1864320
-1245184
-1245184
-389120
-466944
-856064
-1323008
-894976
-2176256
-2215168
-1599744
-1011712
1458176
455680
546816
1002496
1549312
1048064
1923008
1968576
1605312
1184768
430080
2613248
946176
1462272
1513472
4227840
4795136
3747584
1118208
153600
184320
337920
522240
353280
1678464
1693824
982656
399360
-71680
-86016
-157696
-243712
-164864
-508032
-515200
-340608
-186368
294912
811008
456192
875520
760320
368640
368640
1843200
1575936
1575936
1691136
958464
663552
901120
728064
1546240
1213440
409600
409600
4145152
2717696
2717696
3050496
1064960
737280
495616
389376
756224
648960
225280
225280
1126400
1184256
1184256
1291520
585728
405504
-198144
-523264
-330240
-40960
-40960
-2301952
-994304
-994304
-1187328
-106496
-73728
-709440
-1878144
-1182400
-650240
-650240
-11639808
-4686464
-4686464
-5382208
-1690624
-1170432
2859392
3335040
1456896
1896064
3671680
4263552
4144640
2133888
2014976
3400064
3467648
4144640
1116416
1216512
2570240
3751872
1214848
1765696
3857728
4555072
4429568
2016704
1891200
3585728
3627712
4429568
796800
755712
2915328
-580992
-563008
-664384
-698176
-663296
-632768
-597888
-577728
-611520
-663296
-509056
-608256
-236544
-647616
-1099200
-1249728
-1191168
-764736
-706176
-972352
-991808
-1191168
-370048
-350208
-660480
-905568
-950112
-898176
-875808
-823872
-779424
-823968
-898176
-682944
-801792
-311808
-1531520
-502528
-1531520
-912896
-1531520
-1531520
-502528
-710784
-1531520
-92160
-1531520
-1531520
-493312
-866816
-55296
-1101824
-2643968
-1712128
-2643968
-2643968
-1101824
-1423360
-2643968
-491520
-2643968
-2643968
-1052672
-1466368
-294912
654592
449536
654592
654592
316928
389376
654592
184320
654592
654592
298496
357376
110592
841600
971936
971936
770240
829216
971936
698880
971936
971936
700352
492160
419328
1848288
1848288
1390144
1606496
1848288
1269248
1848288
1848288
922432
1269632
446976
718976
703616
603520
538112
530176
545536
718976
718976
476160
718976
649600
510848
718976
564864
391936
368640
3064320
2377216
2004992
1489920
1518592
3092992
3092992
888832
3092992
2463232
1203712
3092992
1804800
1231872
688128
1880896
1219840
1769600
1938048
2248128
2248128
1814016
2248128
2124096
1876032
2248128
1831616
908928
897024
-1918976
-1307648
-1328128
-3061248
-3061248
-634880
-3061248
-2368000
-981504
-3061248
-1654272
-1123328
-491520
-2505280
-2698048
-3023328
-3023328
-2567936
-3023328
-2893216
-2632992
-3023328
-2570336
-1425728
-1480704
-233472
-155648
-155648
-311296
-311296
-856064
-665856
-1292800
-1109760
-389120
182272
182272
364544
364544
1002496
511680
977792
852800
455680
455680
172032
344064
344064
946176
618240
1717760
1030400
430080
430080
10539008
61440
122880
122880
337920
614016
1212672
1023360
153600
153600
768000
1504512
-28672
-57344
-57344
-157696
-168576
-329984
-280960
-71680
-71680
-358400
-466176
-466176
294912
1179648
1179648
516096
1105920
1400832
677376
990720
1281024
1239552
1460736
1534464
1456128
1396224
1310720
1310720
1097728
1753088
1556480
1498112
2141184
1865728
1876992
2515968
2728960
2568192
2198528
2037760
720896
315392
675840
856064
524544
863488
1004032
941824
1076992
1122048
1037312
1111296
1026560
884992
-131072
-581632
-647168
-155648
-747008
-978432
-437248
-514560
-932352
-1071616
-1013760
-630272
-572416
-812544
-820736
-2080768
-3007488
-4047872
-2470912
-3196736
-3622464
-2069120
-2552000
-4515008
-5169344
-5062912
-2764864
-2658432
-4237120
-4367168
-5062912
270336
135168
3131008
1420416
3943296
4501376
3348736
4501376
3586560
4501376
4501376
3348736
4025728
167936
83968
3521856
1263680
4129728
4806080
3502208
4806080
3753216
4806080
4806080
3502208
4304064
4806080
-67584
-394048
-423488
-751040
-767936
-576640
-767936
-646400
-767936
-767936
-576640
-628416
-767936
-506880
-38912
-943552
-413376
-1226048
-1366848
-933248
-1366848
-1050368
-1366848
-1366848
-933248
-1132608
-1366848
-816128
-1366848
-89088
-549216
-564192
-1031712
-1053984
-772032
-1053984
-875904
-1053984
-1053984
-772032
-846240
-1053984
-668160
-1053984
-1053984
-12288
-1482368
-1531520
-704640
-1531520
-1531520
-1528448
-1111936
-900608
-502528
-505600
-1531520
-1531520
-2381824
-2643968
-1390592
-2643968
-2643968
-2627584
-1984512
-1646592
-1101824
-1118208
-2643968
-2643968
-507904
556288
654592
377088
654592
654592
648448
503552
424960
316928
323072
654592
654592
190464
654592
599200
971936
782624
971936
971936
948640
830688
748416
770240
793536
971936
971936
722176
971936
900576
1450976
1848288
1425760
1848288
1848288
1692384
1521824
887424
1390144
1546048
1848288
1848288
1425152
1848288
1727392
1485600
337920
276480
649600
718976
718976
480128
453376
327040
265600
507392
653568
718976
534144
630784
516096
2463232
3092992
3092992
1146368
1346560
1861120
1746432
1947648
2720768
3092992
1747456
2720768
672768
2124096
2248128
2248128
1670208
1058432
683840
534336
1145088
1980288
2248128
1756864
1980288
1007488
-368640
-2368000
-3061248
-3061248
-940544
-1205248
-1937920
-1856000
-1878016
-2673664
-3061248
-1613312
-2673664
-2427904
-1999360
-2893216
-3023328
-3023328
-2378528
-1672512
-942240
-695456
-1740928
-2703808
-3023328
-2446944
-2703808
-1439168
-1651616
-1545760
-389120
-1945600
-2032128
