-1769472
-331776
-442368
-221184
458752
86016
114688
57344
315392
-1662976
-311808
-415744
-207872
-1143296
983040
184320
245760
122880
675840
950272
178176
237568
118784
653312
1355776
890880
1043968
1187840
742400
1253376
731136
1671168
1044480
1069056
623616
1425408
890880
178176
737280
2527232
983040
614400
122880
122880
356352
207872
475136
296960
59392
59392
475136
-9191424
-917504
-917504
-917504
2713600
704512
704512
704512
1069056
622592
622592
622592
1478656
868352
393216
393216
393216
933888
972288
512000
512000
512000
1466368
1466368
-688128
-688128
1835008
1835008
-1146880
-1146880
-262144
-262144
-180224
-605696
-1223168
-465920
-3308544
-213696
-792064
-510944
-1224704
-4034560
-942080
-12935168
-708096
-1601536
-1723136
-2335488
851968
983040
655360
1703936
827392
1114112
2035712
2461696
1417216
-1198080
-276480
-184320
-479232
-203008
-313344
-498304
-618112
-368896
-286080
-153088
-700928
-117760
-2403328
-139712
-200192
-343392
-419936
-245696
-197792
-47104
-1216512
-12558336
-1769472
-2101248
2498560
458752
544768
-1455104
-1662976
-1974784
-1247232
860160
983040
1167360
737280
950272
-485376
49152
49152
393216
73728
73728
-212992
-212992
-1703936
-319488
-319488
-1269760
110592
884736
165888
165888
911360
442368
-1654784
-310272
-310272
-723968
-827392
-297984
-297984
-1219584
-794624
-794624
875520
737280
967680
184320
272384
229376
301056
57344
860160
163840
180224
236544
45056
180224
1032192
1354752
258048
1032192
-1115136
-1013760
-304128
-765952
-696320
-208896
-905216
1188352
1080320
324096
1404416
236544
215040
64512
279552
322560
81920
24576
106496
8511488
81920
-1150144
-939904
-355648
-290816
-1563136
-1097472
-344064
261504
73728
278528
1046016
1093632
1306624
829440
483840
1105920
691200
138240
138240
1105920
207360
207360
43008
549376
57344
35840
7168
7168
57344
10752
10752
637952
1458176
911360
182272
182272
1458176
273408
273408
2498560
917504
573440
114688
114688
917504
172032
172032
-1126400
-1376256
-860160
-172032
-172032
-1376256
-258048
-258048
28672
32768
32768
32768
77824
65536
86016
16384
-163840
-163840
-163840
-389120
-327680
-430080
-81920
-32768
-32768
-77824
-65536
-86016
-16384
352256
352256
836608
1966080
2580480
491520
8192
19456
16384
21504
4096
-1769472
-1769472
-1216512
-1105920
-331776
196608
196608
135168
122880
36864
196608
196608
135168
122880
36864
-557056
-382976
-348160
-104448
-614400
-422400
-384000
-115200
1191424
1374720
916480
2382848
276672
-856512
-1515456
-1275264
-442944
-405504
-1044480
-696320
-1810432
-229888
-1183744
-539904
-992512
-856576
-275200
-278528
1620480
1080320
2808832
295104
1836544
683744
1385952
1267392
334624
432128
215040
559104
209536
365568
513088
652864
403072
292800
86016
33767424
902144
139264
2251264
2304512
975872
1345024
32768
-1074816
-1547392
-1267072
-1337152
-1300800
-1407232
-1407232
-1617472
-532160
-436224
-363520
-654336
-2625024
-3184128
-1950208
-2258688
-2215680
-2567168
-2567168
-3492608
-1757440
-516096
-430080
-774144
615168
734976
435456
510336
501120
585216
585216
809856
420480
110592
92160
165888
1498624
1219072
1288960
1254144
1358848
1358848
1568512
523520
417792
348160
626688
774144
907264
890880
1040384
1040384
1439744
747520
196608
163840
294912
483840
552960
552960
552960
549376
28672
28672
28672
637952
729088
729088
729088
1731584
2498560
458752
458752
458752
1089536
-1126400
-688128
-688128
-688128
-1634304
65536
65536
-327680
-327680
-65536
-65536
704512
704512
1409024
1409024
968704
-53248
-2158592
-40960
-8495104
-205312
-69632
-511232
-1224704
-1413120
-942080
-2449408
-282112
-1601536
-658176
-1270528
532480
614400
409600
1064960
168960
696320
401920
668160
537600
146432
168960
112640
292864
187776
191488
463808
537024
289152
270400
838656
967680
645120
1677312
284544
1096704
679104
1098432
865152
362304
258048
-1392768
-2051712
-1731456
-1811520
-1760832
-1891584
-898560
-1351168
-1169920
-1215232
-1180416
-1260544
-1260544
1209408
1911616
1753536
1793056
1739040
1832576
1832576
1951136
693120
832896
499840
583104
572352
666368
666368
916160
470080
2731008
13270016
11498496
11941376
9840128
12384256
12384256
13712896
2234880
8437760
-508928
-327168
-1259200
-1617472
-1474688
-1300800
-1617472
-1547392
-602112
-387072
-2617600
-3492608
-3098112
-2215680
-3492608
-3184128
-2258688
129024
82944
604800
809856
716544
501120
809856
734976
510336
285696
487424
313344
1219840
1568512
1428992
1254144
1568512
1498624
1288960
1079296
940288
229376
147456
1075200
1439744
1273856
890880
1439744
1306624
907264
507904
542720
1191936
1313280
1105920
1451520
276480
68096
57344
75264
14336
1458176
1913856
364544
917504
1204224
229376
917504
-1376256
-1806336
-344064
-1376256
45056
40960
12288
-225280
-204800
-61440
-266240
-45056
-40960
-12288
-53248
484352
440320
132096
572416
660480
880640
264192
1144832
1320960
880640
-537856
-242176
-303872
-16384
-1129984
-328960
-376832
212480
163840
45056
597120
1047168
1466496
-1891584
-2131776
-653760
-608256
-506880
-912384
-1396480
-400640
-417792
-348160
-626688
-487424
467680
648192
540160
972288
756224
486144
129024
107520
193536
150528
96768
685120
40960
73728
8445952
36864
2316800
13712896
-1337152
-1126912
-978880
-1292928
-324544
-1381376
-1333248
-1383680
-2883072
-609536
-1634304
305280
670464
139392
350208
398592
1254912
313600
1323008
1079808
1568512
247808
622592
708608
1439744
624640
1105920
1105920
760320
691200
207360
57344
57344
39424
35840
10752
1458176
1458176
1002496
911360
273408
917504
630784
573440
172032
-1376256
-946176
-860160
-258048
53248
61440
40960
106496
664064
69632
1658112
1684736
700928
992000
16384
-307200
-204800
-532480
-109056
-348160
-262400
-395520
-293376
-143104
-81920
-8450048
-40960
-33660928
-877056
-69632
-2190592
-2217216
-913920
-1311488
-16384
440320
1144832
224640
748544
539584
825792
620928
292928
176128
2289664
350976
1497088
833408
1405824
1143552
438400
352256
-628224
-3276288
-2882048
-2980608
-2454272
-3079168
-3079168
-3374848
-503040
-2121728
-20480
-36864
-1128960
-1741312
-1553920
-1600768
-1553664
-1647616
-1647616
-1788160
-469760
-565248
-471040
-847872
629760
896000
721920
765440
744960
808960
808960
939520
320000
245760
204800
368640
670336
339840
422464
416832
505088
505088
752960
441280
67584
56320
101376
1155456
1233216
1200960
1310976
1310976
1544256
550080
387072
322560
580608
-709632
-456192
-1667520
-2131776
-1950336
-1760832
-2131776
-2051712
-1811520
-1571328
-1347264
-1696896
-434880
-1926144
-313344
-1096960
-1396480
-1281536
-1180416
-1396480
-1351168
-1215232
-1079296
-915712
-1107456
-289024
-1323008
1548000
1951136
1803584
1739040
1951136
1911616
1793056
1674496
1389920
1533504
417632
2052608
916160
811392
572352
916160
832896
583104
333312
352064
757632
158528
408576
11164672
9840128
13712896
13270016
11941376
10612736
545280
2755584
2568704
155648
-1121664
-1617472
-1160640
-1617472
-1196992
-1267072
-1337152
-1267072
-1617472
-1617472
-1230720
-1017856
-288192
-872448
-1778176
-3492608
-1598720
-3492608
-1641728
-1950208
-2258688
-1950208
-3492608
-3492608
-1907200
-1204224
-566528
-1032192
809856
351360
809856
360576
435456
510336
435456
809856
809856
426240
258048
130176
221184
1114368
1568512
1149184
1219072
1288960
1219072
1568512
1568512
1184256
974848
278784
835584
1439744
641024
774144
907264
774144
1439744
1439744
757760
458752
231424
393216
898560
1036800
691200
1797120
228800
1175040
537440
46592
578048
35840
2190336
122304
60928
303968
327264
1184768
1367040
911360
2369536
357504
1549312
848192
1440576
1177728
745472
2957312
573440
9879552
859136
974848
2119168
2491904
1375232
1231360
-1118208
-1814528
-860160
-4333568
-887296
-1462272
-2175232
-2734336
-1661440
-1244928
-344064
2004480
2031104
719360
1047296
1045248
1375232
-388608
-521728
-385536
-419584
-409344
-453632
-453632
-2643456
-13155840
-11418112
-11852544
-9753344
-12286976
-12286976
-13590272
806016
1092224
819072
887360
865344
955648
955648
1160512
451520
1317120
1889536
1539840
1627264
1583232
1714688
1714688
1976960
657280
528384
-2125824
-18432
-544000
-3374848
-2747904
-2454272
-3374848
-3276288
-659456
-423936
-1411840
-1788160
-1647104
-1553664
-1788160
-1741312
-1600768
286720
184320
729600
939520
855040
744960
939520
896000
765440
634880
78848
50688
553920
752960
659072
416832
752960
670336
422464
174592
223424
451584
290304
1195200
1544256
1401984
1200960
1544256
1466496
1233216
999936
884160
1240704
-1528704
-2131776
-1600704
-2131776
-1651392
-1731456
-1811520
-1030656
-1396480
-1089792
-1396480
-1124608
-1169920
-1215232
-1169920
1537472
1951136
1660000
1951136
1714016
1753536
1793056
1753536
1951136
456832
916160
405824
916160
416576
499840
583104
499840
916160
916160
3093504
13712896
8954368
13712896
11055616
11498496
11941376
11498496
13712896
13712896
9397248
-1163264
-145408
-218112
-145408
-145408
-1163264
-360896
-1298176
-1617472
-1547392
-1370880
-999488
-285568
-1376256
-172032
-258048
-172032
-172032
-1376256
-652544
-2438144
-3492608
-3184128
-2524160
-2761472
-788992
-523520
294912
36864
55296
36864
36864
294912
148608
557568
809856
734976
576000
653184
186624
120960
569088
139264
208896
139264
139264
1114112
348416
1254400
1568512
1498624
1324032
976640
279040
243968
871936
1219072
98304
65536
65536
524288
264192
991232
1439744
1306624
1024000
1161216
331776
215040
1011712
774144
1439744
986720
850880
274080
276480
154560
179872
14336
445120
364544
229376
2749440
-2919936
-4134400
1375232
2359040
1649920
24576
20480
36864
-555776
-221440
-122880
-102400
-184320
-143360
-2182400
-8413184
-20480
-36864
-8417280
-18432
264192
220160
396288
308224
198144
891840
440320
792576
616448
396288
1537920
1976960
-2980608
-2684928
-149760
-640512
-637184
-77824
-1460224
-1224448
-1411584
-376576
-1789952
555520
752640
186880
778240
640000
630912
122048
214016
317312
752960
303552
1225728
1026432
1544256
1045440
-1731456
-2131776
-2131776
-1680768
-1419264
-384192
-1216512
-1622016
-202752
-304128
-202752
-202752
-1622016
-1396480
-1396480
-1135104
-974848
-254208
-835584
-1114112
-139264
-208896
-139264
-139264
-1114112
1951136
1699520
1512448
363616
1296384
1728512
216064
324096
216064
216064
1728512
471648
489088
301056
147776
258048
43008
64512
43008
43008
344064
169280
634112
8503296
467456
98304
24576
16384
16384
131072
475648
10274816
13712896
-251840
-893056
-1267072
-1617472
-1126912
-825600
-1454080
-1163264
-1163264
-2409984
-1950208
-3492608
-1333248
-1879040
-1720320
-1376256
-1032192
435456
809856
285696
437760
368640
221184
1568512
1079296
801792
1392640
835584
663040
507904
778240
655360
393216
913408
1128448
893760
1343040
1161920
1207200
1172640
1252480
1252480
1388320
399200
414720
345600
622080
377664
1056320
826048
883616
750752
941184
941184
1113888
296800
545792
17920
32256
1345920
1938304
1587840
1675456
1629888
1763072
1763072
2025920
665920
546816
455680
820224
5743616
4254720
4626944
4073984
4999168
4999168
6115840
2004480
2441216
286720
516096
-2703872
-3061504
-2887424
-3419136
-3419136
-4492032
-2003200
-1040384
-430080
-774144
28672
18432
1690880
2359040
2027008
1045248
2359040
2031104
1047296
63488
379136
2016768
342272
77824
-92160
-426240
-555776
-501248
-409344
-555776
-521728
-419584
-317440
-290048
-450048
-105728
-389120
-2223360
-13590272
-11054592
-9753344
-13590272
-13155840
-11852544
-10549248
-485632
-2655744
-2545920
-77824
1160512
1048192
865344
1160512
1092224
887360
682496
618688
938112
222400
836608
1801472
1583232
1976960
1889536
1627264
1364992
1188224
1581312
395648
1673216
-776704
-3374848
-2257152
-3374848
-2783488
-2882048
-2980608
-2882048
-3374848
-3374848
-2355712
-2154496
-110848
-49152
-1365504
-1788160
-1459968
-1788160
-1507072
-1553920
-1600768
-1553920
-1788160
-1788160
-1506816
-1318912
-329472
-1130496
939520
657920
939520
678400
721920
765440
721920
939520
939520
701440
573440
166400
491520
251584
752960
257216
339840
422464
339840
752960
752960
334208
157696
116416
135168
1544256
1077696
1155456
1233216
1155456
1544256
1544256
1123200
903168
271296
774144
-485568
-1739520
-2131776
-2051712
-1840896
-1270080
-362880
-333504
-1139328
-1731456
-2131776
-1571328
-1080576
-2027520
-323840
-1156096
-1396480
-1351168
-1225728
-804608
-229888
-219392
-724480
-1169920
-1396480
-1079296
-703488
-1392640
1670528
1951136
1911616
1778560
1032864
295104
309600
939328
1753536
1951136
1674496
968320
2160640
916160
832896
655616
733376
209536
137024
639360
499840
916160
333312
494336
430080
13270016
10283008
11546112
902144
463360
11099136
11498496
13712896
10612736
12318720
163840
-872448
-674944
-926784
-579008
-859328
-285568
-908800
-1370880
-1617472
-1617472
-872448
-2151936
-2675456
-910592
-2144512
-788992
-1075200
-2524160
-3492608
-3492608
-1032192
513792
634752
203904
503424
186624
230400
576000
809856
809856
221184
907008
557312
836864
279040
870400
1324032
1568512
1568512
835584
362496
894976
331776
409600
1024000
1439744
1439744
393216
483840
311040
1090400
1388320
1273920
1172640
1388320
1343040
549376
16128
332640
1113888
921664
750752
1113888
1056320
883616
637952
410112
1577280
2025920
1847168
1629888
2025920
1938304
1675456
1412608
2498560
258048
2577920
6115840
5161984
4073984
6115840
5743616
4626944
3510272
1089024
-1126400
-387072
-2863360
-4492032
-3917312
-2887424
-4492032
-4134400
-3061504
-1988608
-1432832
-3177984
711168
2359040
389376
2359040
391424
719360
1047296
-344576
-555776
-341248
-555776
-351488
-385536
-419584
-385536
-3021312
-13590272
-8884480
-13590272
-10983680
-11418112
-11852544
-11418112
-13590272
731008
1160512
728768
1160512
750784
819072
887360
819072
1160512
1160512
1363712
1976960
1408384
1976960
1452416
1539840
1627264
1539840
1976960
1976960
1495808
-65536
-8192
-12288
-8192
-8192
-65536
-114944
-2548736
-3374848
-3276288
-2552832
-2815744
-205312
-1507328
-188416
-282624
-188416
-188416
-1507328
-423680
-1506304
-1788160
-1741312
-1600512
-987392
-282112
-282368
655360
81920
122880
81920
81920
655360
207360
747520
939520
896000
788480
591360
168960
145920
527360
22528
33792
22528
22528
180224
127680
488192
752960
670336
499456
657216
187776
110784
568960
339840
193536
129024
129024
1032192
335808
1214208
1544256
1466496
1278720
995904
284544
239040
885888
1155456
1544256
-1622016
-1622016
-1216512
-835200
-1168704
-789696
-1109952
-362880
-1114112
-835584
-515584
-734976
-532736
-713984
-229888
1296384
615232
924832
795744
953824
295104
258048
574848
711872
233792
566848
209536
268800
98304
4783104
11537920
8888832
10660352
902144
102400
10283008
-145408
-1163264
-1163264
-145408
-145408
-290816
-799744
-508928
-1376256
-1376256
-172032
-172032
-344064
-946176
-602112
-516096
294912
36864
36864
73728
202752
129024
110592
1114112
139264
139264
278528
765952
487424
417792
523008
524288
65536
65536
131072
360448
229376
196608
546816
1024000
1207200
1071360
909280
1101120
287200
1313280
710912
102368
388416
201184
68096
1226816
1619328
406592
1731584
1405568
2921472
1097216
1089536
2042880
6115840
-789760
-1634304
-2007552
-4492032
-2172160
719360
2359040
2359040
717312
57344
340224
49152
65536
8192
12288
8192
8192
65536
-555776
-555776
-375296
-286720
-95488
-245760
-327680
-40960
-61440
-40960
-40960
-327680
-13590272
-9318912
-8445952
-446720
-49152
-65536
-8192
-12288
-8192
-8192
-65536
-450816
797056
616448
200384
528384
88064
132096
88064
88064
704512
244416
889600
1232896
351616
1056768
264192
176128
176128
1409024
439680
1582592
1976960
-108800
-2715136
-2882048
-3374848
-2684928
-3046400
-81920
-65536
-65536
-893440
-1553920
-1788160
-1460224
-893952
-1884160
-1507328
-1130496
721920
939520
634880
481280
819200
491520
752960
174592
414976
225280
135168
535168
999936
794880
1290240
774144
692352
931392
-1267200
-1840896
-2131776
-2131776
-1216512
-202752
-1622016
-1622016
-202752
-870400
-1225728
-1396480
-1396480
-835584
-1114112
-1114112
-139264
1350400
1778560
1951136
1951136
1296384
1728512
216064
655616
916160
916160
258048
344064
43008
43008
13712896
13712896
98304
131072
16384
16384
32768
-436224
-537408
-1370880
-1617472
-1617472
-290816
-1163264
-145408
-218112
-290816
-290816
-1312512
-2524160
-3492608
-3492608
-344064
-1376256
-172032
-258048
-344064
-344064
307584
576000
809856
809856
73728
294912
36864
55296
73728
73728
258048
1324032
1568512
1568512
278528
1114112
139264
208896
278528
278528
974848
1439744
1439744
131072
65536
98304
131072
131072
458752
1023680
1388320
1082080
1388320
1116640
1161920
1207200
1161920
1388320
1388320
1127360
967680
252640
829440
294592
1113888
635616
1113888
768480
826048
883616
826048
1113888
1113888
693184
574464
68320
43008
2025920
1454656
2025920
1500224
1587840
1675456
1587840
2025920
2025920
1542272
1275904
361024
1093632
3329536
6115840
3882496
4254720
4626944
4254720
6115840
6115840
3701760
2899968
544256
688128
-4492032
-2346240
-2703872
-3061504
-2703872
-4492032
-4492032
-2529792
-1728512
-615680
-1032192
344320
1369088
2359040
2031104
1373184
2324224
664064
338176
1994240
719360
2359040
63488
1342464
81920
-115968
-422912
-555776
-521728
-443392
-381696
-109056
-85248
-337408
-385536
-555776
-317440
-289792
-409600
-10183680
-13590272
-13155840
-10187776
-11458304
-877056
-444672
-11021824
-11418112
-13590272
-10549248
-12254208
-81920
1160512
1092224
933632
786240
224640
178368
695936
819072
1160512
682496
603392
880640
1889536
1670656
1228416
350976
307584
1096960
1539840
1976960
1364992
1010176
1761280
-49152
-1129984
-2811648
-2224384
-2618624
-205312
-51200
-2552832
-3374848
-3374848
-49152
-610816
-893184
-706304
-893696
-282112
-1177600
-1600512
-1788160
-1788160
-1130496
404480
550400
330240
504320
168960
512000
788480
939520
939520
491520
645952
161472
491968
187776
140800
499456
752960
752960
135168
529344
840384
284544
806400
1278720
1544256
1544256
774144
-202752
-405504
-1115136
-709632
-608256
-696384
-1840896
-2131776
-2131776
-405504
-139264
-278528
-765952
-487424
-417792
-449280
-1225728
-1396480
-1396480
-278528
216064
432128
1188352
756224
648192
604704
1778560
1951136
1951136
432128
86016
236544
150528
129024
346560
655616
916160
916160
86016
90112
8445952
8437760
1365504
10283008
13712896
13712896
32768
-1017856
-654336
-145408
-285568
-1617472
-1617472
-1477312
-727040
-727040
-1204224
-774144
-172032
-788992
-3492608
-3492608
-2875648
-860160
-860160
165888
36864
186624
809856
809856
660096
184320
184320
626688
139264
279040
1568512
1568512
1428736
696320
696320
294912
65536
331776
1439744
1439744
1173504
327680
327680
1105920
138240
207360
138240
138240
1105920
321760
1148800
1388320
1343040
1217920
800800
228800
57344
7168
10752
7168
7168
57344
71904
804736
1113888
1056320
808320
952352
122304
66528
1458176
182272
273408
182272
182272
1458176
452160
1626368
2025920
1938304
1717504
1251264
357504
315456
1118080
114688
172032
114688
114688
917504
601600
4388864
6115840
5743616
4446208
5104128
859136
515584
4703232
4254720
-258048
-172032
-172032
-1376256
-701696
-3159040
-4492032
-4134400
-3245056
-3629824
-887296
-572672
-3229184
-2703872
-4492032
65536
65536
49152
1981952
2320128
356608
1668352
664064
-327680
-245760
-275968
-361216
-177408
-313600
-109056
-49152
-4718080
-11454208
-8851712
-10589440
-877056
528384
563840
742208
376512
649664
224640
550400
1056768
832768
1140352
703872
1053568
350976
1100800
1670656
-8192
-65536
-65536
-8192
-8192
-16384
-45056
-2125824
-1507328
-1507328
-188416
-188416
-376832
-1036288
-659456
-565248
655360
81920
81920
163840
450560
286720
245760
180224
22528
22528
45056
123904
78848
67584
298560
1032192
129024
129024
258048
709632
451584
387072
523584
1278720
-1622016
-202752
-304128
-405504
-405504
-1419264
-912384
-202752
-1114112
-139264
-208896
-278528
-278528
-974848
-626688
-139264
1728512
216064
324096
432128
432128
1512448
972288
216064
344064
43008
64512
86016
86016
301056
193536
43008
209536
16384
24576
32768
32768
8503296
73728
16384
902144
13712896
-1163264
-145408
-218112
-145408
-218112
-145408
-945152
-799744
-1376256
-172032
-258048
-172032
-258048
-172032
-1118208
-946176
-516096
294912
36864
55296
36864
55296
36864
239616
202752
110592
221184
139264
208896
139264
208896
139264
905216
765952
417792
835584
627456
98304
65536
98304
65536
425984
360448
196608
393216
595968
1439744
218080
720960
1161920
1388320
1071360
699520
1382400
1105920
1105920
892992
826048
1113888
710912
912512
71680
57344
43008
1587840
2025920
1412608
1033984
1822720
1093632
6115840
3510272
4540416
1146880
688128
2958336
-1988608
-2731008
-1720320
-1032192
-2577920
-3543808
51200
1373184
2359040
2359040
49152
8192
65536
65536
8192
-256000
-443392
-555776
-555776
-245760
-327680
-327680
-40960
-51200
-10187776
-13590272
-13590272
-49152
-65536
-8192
933632
1160512
1160512
528384
704512
88064
88064
1976960
1976960
1056768
1409024
176128
176128
352256
-2121728
-314112
-2552832
-3374848
-3374848
-16384
-65536
-8192
-12288
-16384
-16384
-564480
-1600512
-1788160
-1788160
-376832
-1507328
-188416
-282624
-376832
-376832
314880
788480
939520
939520
163840
655360
81920
122880
163840
163840
573440
499456
752960
752960
45056
180224
22528
33792
45056
45056
157696
1544256
1544256
258048
129024
193536
258048
258048
903168
-362880
-2131776
-2131776
-1971648
-1013760
-1013760
-1622016
-202752
-304128
-202752
-229888
-1396480
-1396480
-1305856
-696320
-696320
-1114112
-139264
-208896
-139264
-208896
295104
1951136
1951136
1872096
1080320
1080320
1728512
216064
324096
216064
324096
216064
916160
916160
749632
215040
215040
43008
64512
43008
64512
43008
13712896
12827136
81920
81920
24576
16384
24576
16384
106496
-436224
-872448
-646464
-1617472
-1547392
-1126912
-1090560
-872448
-1163264
-1163264
-1163264
-1032192
-1441536
-3492608
-3184128
-1333248
-1290240
-1032192
-1376256
-1376256
-1376256
-1376256
335232
809856
734976
285696
276480
221184
294912
294912
294912
294912
1568512
1498624
1079296
1044480
835584
1114112
1114112
1114112
1306624
507904
491520
393216
524288
524288
829440
513600
731680
529120
710240
228800
864000
1217920
1388320
1388320
829440
489024
948768
606944
837216
122304
44800
808320
1113888
1113888
43008
844672
1160128
725568
1076032
357504
1139200
1717504
2025920
2025920
1093632
5046784
2870784
4359680
859136
716800
4446208
6115840
6115840
688128
-1484032
-2914560
-887296
-1075200
-3245056
-4492032
-4492032
-1032192
8192
16384
45056
28672
24576
1002240
1373184
2359040
2359040
16384
-40960
-81920
-225280
-143360
-122880
-194304
-443392
-555776
-555776
-81920
-8192
-16384
-45056
-8417280
-8413184
-1321728
-10187776
-13590272
-13590272
-16384
176128
484352
308224
264192
403008
933632
1160512
1160512
176128
968704
616448
528384
658560
1670656
1976960
1976960
352256
-2154496
-36864
-8192
-205312
-3374848
-3374848
-3177728
-40960
-40960
-1318912
-847872
-188416
-282112
-1788160
-1788160
-1694464
-942080
-942080
368640
81920
168960
939520
939520
852480
409600
409600
101376
22528
187776
752960
752960
587712
112640
112640
580608
129024
284544
1544256
1544256
1388736
645120
645120
-304128
-202752
-1317888
-1115136
-608256
-1216512
-848448
-2131776
-2051712
-1571328
-1520640
-1216512
-139264
-905216
-765952
-417792
-835584
-553728
-1396480
-1351168
-1079296
-1044480
-835584
1404416
1188352
648192
1296384
766752
1951136
1911616
1674496
1620480
1296384
279552
236544
129024
258048
378816
916160
832896
333312
322560
258048
90112
8437760
98304
9766400
13712896
13270016
10612736
8511488
98304
-1163264
-1163264
-363520
-436224
-799744
-1235968
-836096
-1581120
-1617472
-1300800
-945152
-1376256
-430080
-516096
-946176
-1462272
-989184
-3449600
-3492608
-2215680
-1118208
92160
110592
202752
313344
211968
800640
809856
501120
239616
348160
417792
765952
1183744
800768
1533696
1568512
1254144
905216
163840
196608
360448
557056
376832
1423360
1439744
890880
425984
138240
1105920
1105920
138240
138240
276480
760320
483840
57344
57344
7168
7168
14336
39424
549376
545792
1458176
182272
182272
364544
1002496
637952
546816
917504
114688
114688
229376
630784
2498560
2441216
1374720
-1376256
-172032
-172032
-344064
-946176
-1126400
-1040384
-1459968
-3245056
65536
8192
12288
16384
16384
57344
36864
8192
-327680
-40960
-61440
-81920
-81920
-286720
-184320
-40960
-65536
-8192
-12288
-16384
-16384
-8445952
-36864
-8192
704512
88064
132096
176128
176128
616448
396288
88064
224640
176128
264192
352256
352256
1232896
792576
176128
350976
1976960
-65536
-8192
-12288
-8192
-12288
-8192
-53248
-45056
-1507328
-188416
-282624
-188416
-282624
-188416
-1224704
-1036288
-565248
655360
81920
122880
81920
122880
81920
532480
450560
245760
491520
22528
33792
22528
33792
22528
146432
123904
67584
135168
315456
193536
129024
193536
129024
838656
709632
387072
774144
620352
1544256
-1622016
-1622016
-1622016
-1622016
-1622016
-506880
-608256
-1115136
-1114112
-1114112
-1114112
-1114112
-1114112
-348160
-417792
-765952
1728512
1728512
1728512
1728512
540160
648192
1188352
1836544
344064
344064
344064
107520
129024
236544
365568
247296
131072
131072
40960
8437760
90112
139264
2191360
11611648
-218112
-145408
-145408
-290816
-290816
-799744
-428352
-820352
-713920
-363520
-172032
-172032
-344064
-344064
-946176
-1183488
-2323968
-1972480
-430080
-430080
36864
73728
73728
202752
279936
550656
466560
92160
92160
460800
139264
278528
278528
765952
418560
802304
697600
348160
348160
1740800
1463808
65536
131072
131072
360448
497664
978944
829440
163840
163840
819200
1290240
1290240
414720
446880
1217920
1388320
1388320
276480
1105920
138240
207360
276480
276480
188832
808320
1113888
1113888
14336
57344
7168
10752
14336
14336
672960
1717504
2025920
2025920
364544
1458176
182272
273408
364544
364544
1275904
4446208
6115840
6115840
229376
917504
114688
172032
229376
229376
2899968
-4492032
-4492032
-344064
-172032
-258048
-344064
-344064
-1728512
664064
2359040
2359040
1703168
40960
40960
65536
8192
12288
8192
-109056
-555776
-555776
-487680
-204800
-204800
-327680
-40960
-61440
-40960
-61440
-877056
-13590272
-13590272
-12721408
-40960
-40960
-65536
-8192
-12288
-8192
-12288
-8192
1160512
1160512
1023936
440320
440320
88064
132096
88064
132096
88064
1976960
1802112
880640
880640
264192
176128
264192
176128
1144832
-2121728
-49152
-2417408
-3374848
-3276288
-2684928
-2158592
-49152
-65536
-65536
-65536
-1130496
-705792
-1788160
-1741312
-1460224
-1413120
-1130496
-1507328
-1507328
-1507328
-1507328
376320
939520
896000
634880
614400
491520
655360
655360
655360
655360
752960
670336
174592
168960
135168
180224
180224
180224
1466496
999936
967680
774144
1032192
1032192
-1723392
-1165824
-2081088
-2131776
-1760832
-1317888
-304128
-202752
-202752
-405504
-1183744
-800768
-1361664
-1396480
-1180416
-905216
-139264
-139264
-278528
-278528
1242368
1897120
1951136
1739040
1404416
216064
432128
432128
905408
916160
572352
279552
43008
86016
86016
236544
13712896
9840128
106496
16384
32768
32768
90112
-363520
-1817600
-1511040
-1511040
-1617472
-945152
-654336
-290816
-1163264
-1163264
-508928
-1090560
-1381376
-2150400
-3141120
-3141120
-3492608
-1118208
-774144
-1376256
-1376256
-602112
-1290240
-1634304
-1441536
725760
725760
809856
239616
165888
294912
129024
276480
350208
335232
634752
1463808
1568512
905216
626688
1114112
487424
1044480
1323008
627456
907008
1185280
1439744
425984
294912
524288
229376
491520
622592
595968
1128448
1159168
1042432
967680
622080
138240
228800
1388320
1388320
1297760
691200
691200
574464
32256
7168
122304
1113888
1113888
998752
35840
35840
820224
182272
357504
2025920
2025920
1850688
911360
911360
516096
114688
859136
6115840
6115840
5371392
573440
573440
-774144
-172032
-887296
-4492032
-4492032
-3776768
-860160
-860160
12288
8192
53248
45056
24576
49152
1008384
2359040
2031104
63488
61440
49152
-40960
-266240
-225280
-122880
-245760
-225024
-555776
-521728
-317440
-307200
-245760
-53248
-45056
-8413184
-49152
-9716480
-13590272
-13155840
-10549248
-8450048
-49152
572416
484352
264192
528384
469056
1160512
1092224
682496
660480
528384
968704
528384
1056768
790656
1976960
1889536
1364992
1320960
1056768
-65536
-65536
-20480
-2121728
-45056
-69632
-571392
-2848512
-3374848
-2454272
-53248
-1507328
-471040
-565248
-1036288
-1601536
-1083392
-1741056
-1788160
-1553664
-1224704
204800
245760
450560
696320
471040
919040
939520
744960
532480
56320
67584
123904
191488
129536
747328
752960
416832
146432
322560
387072
709632
1096704
741888
1512000
1544256
1200960
838656
-405504
-1115136
-544320
-1037952
-907200
-506880
-506880
-2534400
-2001024
-2001024
-2131776
-1317888
-912384
-765952
-344832
-654848
-574720
-348160
-348160
-1740800
-1316352
-1316352
-1396480
-905216
-626688
1188352
442656
831296
737760
540160
540160
2700800
1857600
1857600
1951136
1404416
972288
314304
617856
523840
107520
107520
537600
822144
822144
916160
279552
193536
1353216
4799488
2255360
40960
40960
33759232
11168768
11168768
13712896
106496
73728
-646464
-926784
-1220224
-1186496
-1404608
-1477312
-1407232
-1326656
-1256576
-1228096
-1300800
-1407232
-1085312
-1308672
-508928
-2675456
-2797056
-2531584
-2789632
-2875648
-2567168
-3148544
-2840064
-2129664
-2215680
-2567168
-1735168
-1548288
-602112
652032
586368
641664
660096
585216
736128
661248
482688
501120
585216
389376
331776
129024
1150208
1359104
1428736
1358848
1289984
1220096
1184512
1254144
1358848
1044992
1253376
487424
1140736
1173504
1040384
1308672
1175552
858112
890880
1040384
692224
589824
229376
1105920
138240
207360
138240
207360
138240
898560
760320
57344
7168
10752
7168
10752
7168
46592
39424
545792
1458176
182272
273408
182272
273408
182272
1184768
1002496
546816
1093632
114688
172032
114688
172032
114688
745472
630784
2441216
688128
3557888
-258048
-172032
-258048
-172032
-1118208
-946176
-1040384
-1032192
-2113280
-4492032
65536
65536
65536
65536
65536
20480
24576
45056
-327680
-327680
-327680
-327680
-327680
-102400
-122880
-225280
-65536
-65536
-65536
-65536
-20480
-8413184
-45056
-69632
704512
704512
704512
220160
264192
484352
748544
506368
1409024
1409024
440320
528384
968704
1497088
1012736
1932928
-12288
-8192
-8192
-16384
-16384
-45056
-307968
-1138176
-513280
-20480
-188416
-188416
-376832
-376832
-1036288
-423168
-799232
-705280
-471040
-471040
81920
163840
163840
450560
253440
486400
422400
204800
204800
1024000
22528
45056
45056
123904
281664
557696
469440
56320
56320
281600
664704
129024
258048
258048
709632
426816
821376
711360
322560
322560
1612800
1434240
1434240
-405504
-1622016
-1622016
-709632
-1520640
-1926144
-848448
-1168704
-1595520
-1566144
-1870272
-1971648
-1891584
-1726272
-1114112
-1114112
-487424
-1044480
-1323008
-553728
-734976
-1037824
-1027328
-1236224
-1305856
-1260544
-1117952
-1072640
1728512
756224
1620480
2052608
766752
924832
1425472
1439968
1764064
1872096
1832576
1519008
1479488
1631008
344064
150528
322560
408576
378816
711872
736128
663616
728128
749632
666368
830144
746880
550848
572352
131072
8445952
8511488
155648
9766400
11537920
2747392
4405760
10721792
12827136
12384256
5291520
4848640
9831936
9840128
12384256
-290816
-145408
-822976
-906176
-1581120
-1617472
-1230720
-1617472
-1370880
-1617472
-1617472
-1230720
-1337152
-344064
-172032
-2101504
-1297664
-3449600
-3492608
-1907200
-3492608
-2524160
-3492608
-3492608
-1907200
-2258688
-3492608
36864
494208
286848
800640
809856
426240
809856
576000
809856
809856
426240
510336
809856
276480
139264
802048
870656
1533696
1568512
1184256
1568512
1324032
1568512
1568512
1184256
1288960
1568512
1044480
1568512
65536
878592
509952
1423360
1439744
757760
1439744
1024000
1439744
1439744
757760
907264
1439744
491520
1439744
1439744
414720
829440
550560
1388320
1343040
1071360
1036800
829440
1105920
1105920
1105920
43008
718496
1113888
1056320
710912
578048
43008
57344
57344
57344
57344
809664
2025920
1938304
1412608
1367040
1093632
1458176
1458176
1458176
1458176
6115840
5743616
3510272
2957312
688128
917504
917504
917504
-4134400
-1988608
-1814528
-1032192
-1376256
-1376256
69632
47104
2356992
2359040
1045248
53248
12288
8192
8192
16384
-348160
-235520
-545536
-555776
-409344
-266240
-40960
-40960
-81920
-81920
-2144256
-11491072
-13590272
-9753344
-53248
-8192
-16384
-16384
1138496
1160512
865344
572416
88064
176128
176128
484352
1976960
1583232
1144832
176128
352256
352256
968704
-20480
-8491008
-2749952
-2749952
-3374848
-53248
-36864
-16384
-65536
-65536
-2125824
-2158592
-77824
-2355200
-1694208
-1694208
-1788160
-1224704
-847872
-1507328
-1507328
-659456
-1413120
-1789952
-705792
875520
875520
939520
532480
368640
655360
286720
614400
778240
376320
550400
664704
752960
146432
101376
180224
78848
168960
214016
315456
645952
619648
1544256
838656
580608
1032192
451584
967680
1225728
620352
931392
1176192
1130688
-1646208
-1659456
-1760832
-1891584
-1478016
-1824768
-709632
-405504
-202752
-1059264
-1245888
-2081088
-1110784
-1180416
-1260544
-995840
-1253376
-487424
-278528
-139264
-679168
-846080
-1361664
-1396480
1739040
1832576
1483456
1944576
756224
216064
899808
1281888
1897120
1951136
1699520
666368
446080
387072
150528
43008
556096
330560
905408
916160
489088
916160
992256
147456
8445952
16384
10656256
2634240
11611648
13712896
9397248
13712896
10283008
-1617472
-1090560
-1617472
-1617472
-1121664
-825600
-654336
-145408
-1035840
-1617472
-1264448
-1617472
-1290240
-3492608
-3492608
-1778176
-1879040
-774144
-2804480
-3492608
-2172672
-3492608
-3492608
809856
809856
398592
437760
165888
662400
809856
491904
809856
809856
800640
1568512
1079808
801792
626688
1011456
1568512
1219328
1568512
1568512
1533696
1324288
708608
778240
294912
1177600
1439744
874496
1439744
1439744
1423360
1124352
958464
1105920
1105920
345600
414720
760320
1175040
794880
1353760
1388320
1172640
898560
57344
17920
545792
39424
60928
172288
981024
1113888
750752
46592
455680
546816
1002496
1549312
1048064
1980352
2025920
1629888
1184768
286720
2441216
630784
974848
1183744
5562880
6115840
4073984
745472
-430080
-1040384
-946176
-1462272
-1120256
-4317952
-4492032
-2887424
-1118208
16384
45056
996096
1990144
1660160
20480
20480
102400
2029056
2029056
2359040
53248
36864
-225280
-163584
-316928
-272640
-102400
-102400
-512000
-511488
-511488
-555776
-266240
-184320
-45056
-1315584
-4726272
-2192640
-20480
-20480
-33656832
-11056640
-11056640
-13590272
-53248
-36864
336960
651904
561600
220160
220160
1100800
1070208
1070208
1160512
572416
396288
526464
1008896
877440
440320
440320
2201600
1845504
1845504
1976960
1144832
792576
-2417408
-2811648
-636416
-1064192
-2649344
-3177728
-3079168
-1261312
-1162752
-2450176
-2454272
-3079168
-250368
-73728
-2125824
-893184
-1317376
-1317632
-1600256
-1694464
-1647616
-1411328
-1364480
-1459456
-1553664
-1647616
-1318400
-1695744
-659456
711680
688640
811520
852480
808960
775680
732160
704000
744960
808960
619520
737280
286720
542656
576448
587712
505088
707904
625280
405568
416832
505088
311680
202752
78848
1324224
1388736
1310976
1286208
1208448
1136448
1200960
1310976
994176
1161216
451584
-2131776
-1680768
-2131776
-1840896
-2131776
-2131776
-1680768
-1811520
-2131776
-1520640
-2131776
-2131776
-1528704
-1080576
-912384
-1135104
-1396480
-1225728
-1396480
-1396480
-1135104
-1215232
-1396480
-1044480
-1396480
-1396480
-1030656
-703488
-626688
1951136
1778560
1951136
1951136
1699520
1793056
1951136
1620480
1951136
1951136
1537472
968320
972288
655616
916160
916160
489088
583104
916160
322560
916160
916160
456832
494336
193536
13712896
13712896
9397248
11941376
13712896
8511488
13712896
13712896
3093504
12318720
73728
-1617472
-1581120
-1368256
-1225472
-1230720
-1267072
-1617472
-1617472
-1126912
-1617472
-1477312
-1196992
-1617472
-1300800
-903552
-872448
-3449600
-2746624
-2352128
-1907200
-1950208
-3492608
-3492608
-1333248
-3492608
-2875648
-1641728
-3492608
-2215680
-1520128
-1032192
632448
539136
426240
435456
809856
809856
285696
809856
660096
360576
809856
501120
343296
221184
1184768
1184256
1219072
1568512
1568512
1079296
1568512
1428736
1149184
1568512
1254144
870912
835584
757760
774144
1439744
1439744
507904
1439744
1173504
641024
1439744
890880
610304
393216
207360
138240
138240
276480
276480
760320
343200
651840
572000
345600
7168
7168
14336
14336
39424
183456
496192
305760
17920
17920
182272
364544
364544
1002496
536256
1026944
893760
455680
455680
2278400
114688
229376
229376
630784
1288704
3073024
2147840
286720
286720
9822208
5190656
-172032
-344064
-344064
-946176
-1330944
-2749952
-2218240
-430080
-430080
-4247552
-3960320
-3960320
16384
65536
65536
28672
61440
77824
1008384
2320128
2012672
1686784
1699072
1703168
1375232
2342656
-327680
-327680
-143360
-307200
-389120
-225024
-361216
-429568
-405760
-467200
-487680
-453632
-473856
-439808
-65536
-8417280
-8450048
-77824
-9716480
-11454208
-2651648
-4316416
-10620160
-12721408
-12286976
-5185280
-4750848
-9749248
704512
308224
660480
836608
469056
742208
894080
847808
979904
1023936
955648
984384
916096
821312
865344
1409024
616448
1320960
1673216
790656
1140352
1493248
1449856
1714048
1802112
1714688
1624704
1537280
1495168
1583232
1714688
-16384
-8192
-2616576
-669952
-2848512
-3374848
-2355712
-3374848
-2552832
-3374848
-3374848
-2355712
-2980608
-376832
-188416
-846592
-1130240
-1741056
-1788160
-1506816
-1788160
-1600512
-1788160
-1788160
-1506816
-1600768
-1788160
81920
483840
514560
919040
939520
701440
939520
788480
939520
939520
701440
765440
939520
614400
22528
486336
212160
747328
752960
334208
752960
499456
752960
752960
334208
422464
752960
168960
752960
129024
808128
819648
1512000
1544256
1123200
1544256
1278720
1544256
1544256
1123200
1233216
1544256
967680
1544256
1544256
-202752
-1320768
-2131776
-1710144
-2131776
-2131776
-2081088
-1819584
-1638144
-1680768
-1731456
-2131776
-2131776
-839424
-1396480
-1145600
-1396480
-1396480
-1361664
-1201408
-1086464
-1135104
-1169920
-1396480
-1396480
-1079296
1086880
1951136
1685024
1951136
1951136
1897120
1710048
1562496
1699520
1753536
1951136
1951136
1674496
1951136
744128
916160
561600
916160
916160
905408
717376
612608
489088
499840
916160
916160
333312
916160
749632
13647360
13712896
9836032
13712896
13712896
11611648
10717696
1878016
9397248
11498496
13712896
13712896
10612736
13712896
12827136
11055616
-799744
-654336
-1477312
-1617472
-1617472
-1124288
-1048960
-713920
-568512
-1152768
-1474688
-1617472
-1228096
-946176
-774144
-2875648
-3492608
-3492608
-1555712
-1692160
-1972480
-1800448
-2266112
-3098112
-3492608
-2129664
-3098112
165888
660096
809856
809856
342144
380160
466560
429696
520704
716544
809856
482688
716544
605952
626688
1428736
1568512
1568512
1079552
1010176
697600
558336
1115136
1428992
1568512
1184512
1428992
1011200
802048
1173504
1439744
1439744
608256
675840
829440
763904
925696
1273856
1439744
858112
