-133890048,1.321586
-25104384,1.321586
-33472512,1.321586
-16736256,1.321586
92733440,0.494700
17387520,0.494700
23183360,0.494700
11591680,0.494700
63754240,0.494700
-14245888,11.673375
-2671104,11.673375
-3561472,11.673375
-1780736,11.673375
-9794048,11.673375
17760256,5.535055
3330048,5.535055
4440064,5.535055
2220032,5.535055
12210176,5.535055
15630336,6.079664
2930688,6.079664
3907584,6.079664
1953792,6.079664
10745856,6.079664
13676544,9.913148
11900928,7.485803
6942208,15.037982
15867904,7.485803
9917440,7.485803
7544832,16.612377
4401152,16.612377
10059776,16.612377
6287360,16.612377
8933376,11.966988
5211136,11.966988
11911168,11.966988
7444480,11.966988
1488896,11.966988
22757376,3.239741
13275136,19.037334
30343168,3.239741
18964480,3.239741
3792896,3.239741
3792896,3.239741
16084992,2.215432
9382912,2.215432
21446656,2.215432
13404160,2.215432
2680832,2.215432
2680832,2.215432
21446656,2.215432
-48513024,18.946302
-55443456,1.654846
-55443456,1.654846
-55443456,1.654846
12544000,21.632654
14336000,4.914286
14336000,4.914286
14336000,4.914286
10637312,10.050057
12156928,5.121294
12156928,5.121294
12156928,5.121294
28872704,5.121294
10436608,8.320251
11927552,3.296704
11927552,3.296704
11927552,3.296704
28327936,3.296704
6870528,14.151576
7852032,6.520605
7852032,6.520605
7852032,6.520605
11952128,12.268678
11952128,12.268678
-42631168,1.614143
-42631168,1.614143
100401152,1.827676
100401152,1.827676
-22118400,5.185185
-22118400,5.185185
-17039360,1.538462
-17039360,1.538462
-11714560,1.538462
-12533248,4.832714
-14461440,8.458135
-9640960,4.832714
-25066496,13.199069
-2048704,10.430790
-16389632,4.832714
-4639712,11.012407
-54046720,2.266010
-62361600,6.469622
-41574400,2.266010
-108093440,11.966654
-8834560,8.015068
-70676480,2.266010
-20007680,8.612372
-47031040,4.965844
72417280,1.176471
83558400,1.176471
55705600,1.176471
144834560,1.176471
11837440,6.989619
94699520,1.176471
26808320,7.593583
63016960,3.906402
61972480,2.286847
-35276800,3.396226
-19937280,1.386749
-13291520,1.386749
-34557952,1.386749
-2824448,7.187528
-22595584,1.386749
-6396544,7.790206
-15036032,4.110872
-14786816,2.494763
-2907520,9.839314
-12080640,1.267218
-13939200,5.028467
-9292800,1.267218
-24161280,9.947022
-1974720,7.075028
-15797760,1.267218
-4472160,7.678437
-10512480,3.994642
-10338240,2.376575
-2032800,9.730027
-3717120,1.267218
-92049408,1.321586
-117153792,10.719530
-133890048,1.321586
-158994432,1.321586
81141760,3.079253
92733440,0.494700
110120960,0.494700
-12465152,11.673375
-14245888,11.673375
-16916992,11.673375
-10684416,11.673375
15540224,5.535055
17760256,5.535055
21090304,5.535055
13320192,5.535055
15630336,6.079664
-8349696,5.813098
6340608,0.775194
6340608,0.775194
50724864,0.775194
9510912,0.775194
9510912,0.775194
-9388032,2.268761
-9388032,2.268761
-75104256,2.268761
-14082048,2.268761
-14082048,2.268761
-32858112,3.864373
1945600,5.684210
15564800,5.684210
2918400,5.684210
2918400,5.684210
6809600,13.383458
7782400,5.684210
-12140544,13.630229
-2276352,13.630229
-2276352,13.630229
-5311488,13.630229
-6070272,13.630229
-3050496,9.768379
-3050496,9.768379
-7117824,17.134226
-8134656,9.768379
-8134656,9.768379
10836992,8.078995
9125888,8.078995
11977728,8.078995
2281472,8.078995
20195328,1.348748
17006592,1.348748
22321152,1.348748
4251648,1.348748
14622720,5.882353
2785280,5.882353
21151744,0.852053
27761664,0.852053
5287936,0.852053
21151744,0.852053
19906560,5.185185
26127360,5.185185
4976640,5.185185
19906560,5.185185
-14091264,7.913669
-12810240,7.913669
-3843072,7.913669
-7974912,9.604520
-7249920,9.604520
-2174976,9.604520
-9424896,9.604520
6955520,17.085020
6323200,17.085020
1896960,17.085020
8220160,17.085020
14654464,1.614143
13322240,1.614143
3996672,1.614143
17318912,1.614143
19983360,1.614143
70860800,0.115607
21258240,0.115607
92119040,0.115607
106291200,8.007708
70860800,0.115607
-12684480,9.067333
-12474240,7.534760
-2452800,14.499673
-4485120,6.484018
-54909440,2.846753
-10796800,10.164790
-19742720,1.742739
2620800,9.978022
4792320,1.538462
4472832,6.227106
10483200,9.978022
19968000,5.476923
33812480,3.864325
8693760,9.540636
5071360,9.540636
11591680,9.540636
7244800,9.540636
1448960,9.540636
1448960,9.540636
11591680,9.540636
2173440,9.540636
2173440,9.540636
11053056,0.389105
6447616,8.520607
14737408,0.389105
9210880,0.389105
1842176,0.389105
1842176,0.389105
14737408,0.389105
2763264,0.389105
2763264,0.389105
9812992,6.501096
22429696,6.501096
14018560,6.501096
2803712,6.501096
2803712,6.501096
22429696,6.501096
4205568,6.501096
4205568,6.501096
41689088,5.993319
95289344,0.962861
59555840,0.962861
11911168,0.962861
11911168,0.962861
95289344,0.962861
17866752,0.962861
17866752,0.962861
-40054784,2.812148
-91553792,1.503221
-57221120,1.503221
-11444224,1.503221
-11444224,1.503221
-91553792,1.503221
-17166336,1.503221
-17166336,1.503221
36728832,0.078064
41975808,0.078064
41975808,0.078064
41975808,0.078064
99692544,0.078064
83951616,0.078064
110186496,0.078064
20987904,0.078064
-4358144,3.759398
-4358144,3.759398
-4358144,3.759398
-10350592,3.759398
-8716288,3.759398
-11440128,3.759398
-2179072,3.759398
-55607296,0.058928
-55607296,0.058928
-132067328,0.058928
-111214592,0.058928
-145969152,0.058928
-27803648,0.058928
8740864,4.029991
8740864,4.029991
20759552,4.029991
52297728,3.759398
68640768,3.759398
13074432,3.759398
6299648,0.130039
14961664,0.130039
12599296,0.130039
16536576,0.130039
3149824,0.130039
-18546688,9.540636
-18546688,9.540636
-12750848,9.540636
-11591680,9.540636
-3477504,9.540636
16973824,1.158301
16973824,1.158301
11669504,1.158301
10608640,1.158301
3182592,1.158301
19070976,1.030928
19070976,1.030928
13111296,1.030928
11919360,1.030928
3575808,1.030928
-13139968,4.239402
-9033728,4.239402
-8212480,4.239402
-2463744,4.239402
-11100160,5.535055
-7631360,5.535055
-6937600,5.535055
-2081280,5.535055
9711104,12.268678
11205120,12.268678
7470080,12.268678
19422208,12.268678
1587392,17.429342
-6164928,13.893300
-14491584,10.457490
-14251392,8.948347
-2802240,15.806784
-5124096,7.913669
-10874880,9.604520
-7249920,9.604520
-18849792,9.604520
-1540608,14.921901
-12324864,9.604520
-3489024,15.474357
-8201472,12.101632
-8065536,10.620199
-1585920,17.352703
-2899968,9.604520
9484800,17.085020
6323200,17.085020
16440320,17.085020
1343680,21.962372
10749440,17.085020
3043040,22.469109
7153120,19.375490
7034560,18.016649
1383200,24.192019
2529280,17.085020
13322240,1.614143
34637824,1.614143
2830976,7.401546
22647808,1.614143
6411328,8.002834
15070784,4.331985
14820992,2.719602
2914240,10.047216
5328896,1.614143
184238080,18.328146
15057920,5.991159
120463360,0.115607
34101760,6.601606
80161280,2.874844
78832640,1.237903
15500800,8.677127
28344320,0.115607
-10512000,10.224657
-17800320,8.693057
-17520000,7.232146
-17590080,7.601739
-17029440,7.638536
-17660160,7.968399
-17660160,7.968399
-17870400,9.051124
-3153600,16.874683
-6727680,6.484018
-5606400,6.484018
-10091520,6.484018
-46272000,5.673029
-78353920,4.063776
-77120000,2.528797
-77428480,2.917128
-74960640,2.955791
-77736960,3.302378
-77736960,3.302378
-78662400,4.439997
-13881600,12.660213
-29614080,1.742739
-24678400,1.742739
-44421120,1.742739
11232000,5.476923
19019520,3.864325
18720000,2.326154
18794880,2.715293
18195840,2.754036
18869760,3.101343
18869760,3.101343
19094400,4.241327
3369600,12.478633
7188480,1.538462
5990400,1.538462
10782720,1.538462
17751552,8.442214
17472000,6.977289
17541888,7.347898
16982784,7.384797
17611776,7.715565
17611776,7.715565
17821440,8.801265
3144960,16.646317
6709248,6.227106
5591040,6.227106
10063872,6.227106
33280000,2.326154
33413120,2.715293
32348160,2.754036
33546240,3.101343
33546240,3.101343
33945600,4.241327
5990400,12.478633
12779520,1.538462
10649600,1.538462
19169280,1.538462
5071360,9.540636
5795840,9.540636
5795840,9.540636
5795840,9.540636
6447616,8.520607
7368704,0.389105
7368704,0.389105
7368704,0.389105
9812992,6.501096
11214848,6.501096
11214848,6.501096
11214848,6.501096
26635264,6.501096
41689088,5.993319
47644672,0.962861
47644672,0.962861
47644672,0.962861
113156096,0.962861
-40054784,2.812148
-45776896,1.503221
-45776896,1.503221
-45776896,1.503221
-108720128,1.503221
83951616,0.078064
83951616,0.078064
-8716288,3.759398
-8716288,3.759398
-111214592,0.058928
-111214592,0.058928
17481728,4.029991
17481728,4.029991
22380544,6.295754
22380544,6.295754
15386624,6.295754
-20500480,0.259740
-23654400,9.125541
-15769600,0.259740
-41000960,20.719280
-3351040,6.126814
-26808320,0.259740
-7589120,6.736381
-9744384,12.568305
-11243520,12.568305
-7495680,12.568305
-19488768,12.568305
-1592832,17.711348
-12742656,12.568305
-3607296,18.245687
-8479488,14.983547
9052160,5.882353
10444800,5.882353
6963200,5.882353
18104320,5.882353
1479680,11.418685
11837440,5.882353
3351040,11.993889
7877120,8.482287
7746560,6.939855
17185792,0.852053
19829760,0.852053
13219840,0.852053
34371584,0.852053
2809216,6.684285
22473728,0.852053
6362048,7.290231
14954944,3.590946
14707072,1.966074
2891840,9.350448
16174080,5.185185
18662400,5.185185
12441600,5.185185
32348160,5.185185
2643840,10.762527
21150720,5.185185
5987520,11.341991
14074560,7.804379
13841280,6.250520
2721600,13.312170
4976640,5.185185
-12009600,11.597122
-20336256,10.088937
-20016000,8.650359
-20096064,9.014302
-19455552,9.050538
-20176128,9.375357
-6796800,13.220339
-11509248,11.739846
-11328000,10.327683
-11373312,10.684944
-11010816,10.720513
-11418624,11.039369
-11418624,11.039369
5928000,20.401619
10038080,19.043642
9880000,17.748339
9919520,18.076035
9603360,18.108662
9959040,18.401131
9959040,18.401131
10077600,19.361118
12489600,5.549577
21149056,3.938218
20816000,2.401230
20899264,2.790070
20233152,2.828783
20982528,3.175823
20982528,3.175823
21232320,4.314931
3746880,12.545904
66432000,4.110982
112491520,11.796459
110720000,10.385202
111162880,10.742233
107619840,9.143414
111605760,11.096431
111605760,11.096431
112934400,12.142355
19929600,11.213873
42516480,19.845858
-7848960,6.484018
-5045760,6.484018
-14366400,8.764895
-17870400,9.051124
-16679040,8.841564
-17029440,7.638536
-17870400,9.051124
-17800320,8.693057
-34549760,1.742739
-22210560,1.742739
-63238400,4.139257
-78662400,4.439997
-73418240,4.219812
-74960640,2.955791
-78662400,4.439997
-78353920,4.063776
-77428480,2.917128
8386560,1.538462
5391360,1.538462
15350400,3.939962
19094400,4.241327
17821440,4.020685
18195840,2.754036
19094400,4.241327
19019520,3.864325
18794880,2.715293
18570240,1.538462
7827456,6.227106
5031936,6.227106
14327040,8.514250
17821440,8.801265
16633344,8.591129
16982784,7.384797
17821440,8.801265
17751552,8.442214
17541888,7.347898
17332224,6.227106
14047488,6.693638
14909440,1.538462
9584640,1.538462
27289600,3.939962
33945600,4.241327
31682560,4.020685
32348160,2.754036
33945600,4.241327
33812480,3.864325
33413120,2.715293
33013760,1.538462
26757120,2.028320
26357760,4.522144
13765120,9.540636
11591680,9.540636
15214080,9.540636
2897920,9.540636
17500672,0.389105
14737408,0.389105
19342848,0.389105
3684352,0.389105
22429696,6.501096
29438976,6.501096
5607424,6.501096
95289344,0.962861
125067264,0.962861
23822336,0.962861
95289344,0.962861
-91553792,1.503221
-120164352,1.503221
-22888448,1.503221
-91553792,1.503221
57716736,0.078064
52469760,0.078064
15740928,0.078064
-5992448,3.759398
-5447680,3.759398
-1634304,3.759398
-7081984,3.759398
-76460032,0.058928
-69509120,0.058928
-20852736,0.058928
-90361856,0.058928
12018688,4.029991
10926080,4.029991
3277824,4.029991
14203904,4.029991
16389120,4.029991
13987840,6.295754
4196352,6.295754
18184192,6.295754
20981760,6.295754
13987840,6.295754
-17839360,3.014996
-17543680,1.380417
-3449600,8.808906
-6307840,0.259740
-8338944,13.550684
-1639680,20.062450
-2998272,12.568305
1523200,13.949580
2785280,5.882353
5287936,0.852053
12393600,4.817970
11664000,8.977777
19751040,7.424905
-20176128,9.375357
-20416320,10.441529
-3602880,18.145483
-7686144,7.913669
-6405120,7.913669
-11529216,7.913669
-11554560,12.085964
-2039040,19.648462
-4349952,9.604520
-3624960,9.604520
-6524928,9.604520
-5074944,9.604520
1778400,26.297796
3793920,17.085020
3161600,17.085020
5690880,17.085020
4426240,17.085020
2845440,17.085020
7993344,1.614143
6661120,1.614143
11990016,1.614143
9325568,1.614143
5995008,1.614143
17069120,4.013798
35430400,0.115607
63774720,0.115607
49602560,17.027250
31887360,0.115607
90790400,2.551811
112934400,12.142355
-17590080,7.601739
-17379840,6.484018
-14086080,6.949272
-13875840,9.317836
-3994560,8.124649
-21304320,6.484018
-76503040,1.742739
-62004480,2.231581
-61079040,4.720232
-17583360,3.466550
-93777920,1.742739
15050880,2.028320
14826240,4.522144
4268160,3.265857
22763520,1.538462
16323840,2.441778
13837824,9.068708
3983616,7.872245
21245952,6.227106
15235584,7.087408
17821440,8.801265
7587840,3.265857
40468480,1.538462
29020160,2.441778
33945600,4.241327
32081920,1.947016
11591680,9.540636
11591680,9.540636
7969280,9.540636
7244800,9.540636
2173440,9.540636
14737408,0.389105
14737408,0.389105
10131968,0.389105
9210880,0.389105
2763264,0.389105
22429696,6.501096
22429696,6.501096
15420416,6.501096
14018560,6.501096
4205568,6.501096
95289344,0.962861
65511424,0.962861
59555840,0.962861
17866752,0.962861
-91553792,1.503221
-62943232,1.503221
-57221120,1.503221
-17166336,1.503221
68210688,0.078064
78704640,0.078064
52469760,0.078064
136421376,0.078064
11149824,5.955825
89198592,0.078064
25251072,6.566502
59356416,2.838339
58372608,1.200782
11477760,8.642801
20987904,0.078064
-8171520,3.759398
-5447680,3.759398
-14163968,3.759398
-1157632,9.420610
-9261056,3.759398
-2621696,10.008788
-6162688,6.417979
-6060544,4.840754
-1191680,12.008594
-2179072,3.759398
-104263680,8.104498
-69509120,0.058928
-180723712,18.625629
-14770688,5.937814
-118165504,0.058928
-33451264,6.548607
-78632192,2.819731
-77328896,1.181861
-15205120,8.625305
-27803648,0.058928
10926080,4.029991
28407808,4.029991
2321792,9.675285
18574336,4.029991
5258176,10.261809
12360128,6.681096
12155264,5.108305
2390080,12.255991
4370432,4.029991
36368384,6.295754
2972416,11.807769
23779328,6.295754
6731648,12.380445
15823744,8.884269
15561472,7.348610
3059840,14.327547
5595136,6.295754
-14784000,4.249351
-25034240,13.087228
-24640000,11.696623
-24738560,12.048430
-23950080,10.247448
-24837120,12.397444
-24837120,12.397444
-25132800,13.428062
-4435200,11.341991
-9461760,22.424242
-7884800,0.259740
-14192640,0.259740
-7027200,16.065575
-11899392,14.633621
-11712000,13.267760
-11758848,13.613306
-11384064,13.647710
-11805696,13.956110
-11805696,13.956110
-11946240,14.968392
-2108160,22.282938
-4497408,12.568305
-3747840,12.568305
-6746112,12.568305
6528000,9.647058
11054080,8.105604
10880000,6.635294
10923520,7.007265
10575360,7.044299
10967040,7.376284
10967040,7.376284
11097600,8.465975
1958400,16.339870
4177920,5.882353
3481600,5.882353
6266880,5.882353
20986496,3.194130
20656000,1.645236
20738624,2.037088
20077632,2.076102
20821248,2.425830
20821248,2.425830
21069120,3.573761
3718080,11.868491
7931904,0.852053
6609920,0.852053
11897856,0.852053
19440000,5.943704
19517760,6.318430
18895680,6.355739
19595520,6.690183
19595520,6.690183
19828800,7.787945
3499200,15.720165
7464960,5.185185
6220800,5.185185
11197440,5.185185
-8967168,7.913669
-5764608,7.913669
-16413120,10.159678
-20416320,10.441529
-19055232,10.235173
-19455552,9.050538
-20416320,10.441529
-20336256,10.088937
-20096064,9.014302
-19855872,7.913669
-16092864,8.371810
-15852672,10.704165
-4563648,9.529219
-24339456,7.913669
-3262464,9.604520
-9288960,11.809287
-11554560,12.085964
-10784256,11.883397
-11010816,10.720513
-11554560,12.085964
-11509248,11.739846
-11373312,10.684944
-11237376,9.604520
-9107712,10.054249
-8971776,12.343777
-2582784,11.190406
-13774848,9.604520
8101600,19.107338
10077600,19.361118
9405760,19.175314
9603360,18.108662
10077600,19.361118
10038080,19.043642
9919520,18.076035
9800960,17.085020
7943520,17.497532
7824960,19.597595
2252640,18.539669
12014080,17.085020
21232320,4.314931
19816832,4.094459
20233152,2.828783
21232320,4.314931
21149056,3.938218
20899264,2.790070
20649472,1.614143
16736064,2.103625
16486272,4.595532
4746048,3.340211
25312256,1.614143
105405440,10.592121
107619840,9.143414
112934400,12.142355
112491520,11.796459
111162880,10.742233
109834240,9.662502
89018880,0.612544
87690240,3.142407
25244160,10.175438
134635520,0.115607
-15277440,7.341963
-17870400,9.051124
-16889280,6.872051
-17870400,9.051124
-17449920,6.859584
-17520000,7.232146
-17590080,7.601739
-17520000,7.232146
-17870400,9.051124
-17870400,9.051124
-16959360,7.256877
-15697920,6.484018
-3433920,8.392508
-13455360,6.484018
-67248640,2.644181
-78662400,4.439997
-74343680,2.150445
-78662400,4.439997
-76811520,2.137346
-77120000,2.528797
-77428480,2.917128
-77120000,2.528797
-78662400,4.439997
-78662400,4.439997
-74652160,2.554782
-69099520,1.742739
-15115520,3.747989
-59228160,1.742739
19094400,4.241327
18046080,1.947016
19094400,4.241327
18645120,1.933890
18720000,2.326154
18794880,2.715293
18720000,2.326154
19094400,4.241327
19094400,4.241327
18120960,2.352193
16773120,1.538462
3669120,3.547881
14376960,1.538462
16843008,6.616206
17821440,8.801265
17402112,6.603704
17472000,6.977289
17541888,7.347898
17472000,6.977289
17821440,8.801265
17821440,8.801265
16912896,7.002089
15654912,6.227106
3424512,8.140839
13418496,6.227106
33945600,4.241327
33146880,1.933890
33280000,2.326154
33413120,2.715293
33280000,2.326154
33945600,4.241327
33945600,4.241327
32215040,2.352193
29818880,1.538462
6522880,3.547881
25559040,1.538462
9418240,9.540636
10867200,9.540636
7244800,9.540636
18836480,9.540636
1539520,14.861774
12316160,9.540636
3486560,15.414621
11974144,0.389105
13816320,4.183806
9210880,0.389105
23948288,9.146107
1957312,6.248569
15658496,0.389105
4432736,6.857345
10419808,3.140787
18224128,6.501096
21027840,6.501096
14018560,6.501096
36448256,6.501096
2978944,12.001031
23831552,6.501096
6746432,12.572453
15858496,9.083939
15595648,7.551645
77422592,0.962861
89333760,3.310408
59555840,0.962861
154845184,6.380277
12655616,6.788575
101244928,0.962861
28661248,7.393845
67372544,3.698694
66255872,2.075638
13027840,9.451759
-74387456,1.503221
-85831680,2.114054
-57221120,1.503221
-148774912,2.912835
-12159488,7.297149
-97275904,1.503221
-27537664,7.899116
-64731392,4.224127
-63658496,2.609927
-12517120,9.945803
-22888448,1.503221
49190400,4.074942
83295744,2.438425
81984000,0.877439
82311936,1.272350
79688448,1.311668
82639872,1.664127
-5107200,7.609023
-8648192,6.032798
-8512000,4.529324
-8546048,4.909685
-8273664,4.947554
-8580096,5.287027
-8580096,5.287027
-65164800,4.056571
-110345728,11.922382
-108608000,10.513141
-109042432,10.869662
-105566976,9.239011
-109476864,11.223354
-109476864,11.223354
-110780160,12.267785
10243200,7.868792
17345152,6.296999
17072000,4.797750
17140288,5.177042
16593984,5.214806
17208576,5.553324
17208576,5.553324
17413440,6.664462
3072960,14.693324
13113600,10.043923
22205696,8.509240
21856000,7.045388
21943424,7.415725
21244032,7.452597
22030848,7.783123
22030848,7.783123
22293120,8.868028
3934080,16.707336
8392704,6.295754
-11038720,19.257885
-7096320,0.259740
-20204800,2.692430
-25132800,13.428062
-23457280,11.714504
-23950080,10.247448
-25132800,13.428062
-25034240,13.087228
-5246976,12.568305
-3373056,12.568305
-9603840,14.700787
-11946240,14.968392
-11149824,14.772466
-11384064,13.647710
-11946240,14.968392
-11899392,14.633621
-11758848,13.613306
4874240,5.882353
3133440,5.882353
8921600,8.177905
11097600,8.465975
10357760,8.255067
10575360,7.044299
11097600,8.465975
11054080,8.105604
10923520,7.007265
10792960,5.882353
9253888,0.852053
5948928,0.852053
16937920,3.270295
21069120,3.573761
19664512,3.351581
20077632,2.076102
21069120,3.573761
20986496,3.194130
20738624,2.037088
20490752,0.852053
16607424,1.345326
8709120,5.185185
5598720,5.185185
15940800,7.497741
19828800,7.787945
18506880,7.575475
18895680,6.355739
19828800,7.787945
19751040,7.424905
19517760,6.318430
19284480,5.185185
15629760,5.656900
15396480,8.058362
-17453952,8.758498
-20416320,10.441529
-19295424,8.295770
-20416320,10.441529
-19935936,8.283494
-20016000,8.650359
-20096064,9.014302
-9878016,10.433836
-11554560,12.085964
-10920192,9.979605
-11554560,12.085964
-11282688,9.967554
-11328000,10.327683
-11373312,10.684944
-11328000,10.327683
8615360,17.845709
10077600,19.361118
9524320,17.429066
10077600,19.361118
9840480,17.418013
9880000,17.748339
9919520,18.076035
9880000,17.748339
10077600,19.361118
18151552,2.516766
21232320,4.314931
20066624,2.022383
21232320,4.314931
20732736,2.009267
20816000,2.401230
20899264,2.790070
20816000,2.401230
21232320,4.314931
21232320,4.314931
96547840,3.204115
112934400,12.142355
106734080,8.389418
112934400,12.142355
110277120,10.025304
110720000,10.385202
111162880,10.742233
110720000,10.385202
112934400,12.142355
112934400,12.142355
107176960,8.767975
-17940480,6.484018
-2242560,6.484018
-3363840,6.484018
-2242560,6.484018
-2242560,6.484018
-17940480,6.484018
-4555200,7.922725
-15978240,8.124649
-17870400,9.051124
-17800320,8.693057
-17099520,8.017067
-8339520,11.984959
-2382720,11.984959
-78970880,1.742739
-9871360,1.742739
-14807040,1.742739
-9871360,1.742739
-9871360,1.742739
-78970880,1.742739
-20051200,3.254389
-70333440,3.466550
-78662400,4.439997
-78353920,4.063776
-75269120,3.353513
-36709120,7.522578
-10488320,7.522578
-12647680,4.139257
19169280,1.538462
2396160,1.538462
3594240,1.538462
2396160,1.538462
2396160,1.538462
19169280,1.538462
4867200,3.053254
17072640,3.265857
19094400,4.241327
19019520,3.864325
18270720,3.152585
8910720,7.330317
2545920,7.330317
3070080,3.939962
8236800,6.909091
2236416,6.227106
3354624,6.227106
2236416,6.227106
2236416,6.227106
17891328,6.227106
4542720,7.669766
15934464,7.872245
17821440,8.801265
17751552,8.442214
17052672,7.764367
8316672,11.743159
2376192,11.743159
2865408,8.514250
7687680,11.341991
17472000,6.977289
6389760,1.538462
4259840,1.538462
4259840,1.538462
34078720,1.538462
8652800,3.053254
30351360,3.265857
33945600,4.241327
33812480,3.864325
32481280,3.152585
15841280,7.330317
4526080,7.330317
5457920,3.939962
14643200,6.909091
33280000,2.326154
33945600,4.241327
8195680,12.039514
8059840,10.557034
1584800,17.294294
2897920,9.540636
10247104,1.508329
2014880,8.927182
3684352,0.389105
3066560,14.515288
5607424,6.501096
23822336,0.962861
55833600,4.924346
-53644800,5.443092
-90838528,4.551373
82639872,1.664127
83623680,2.821019
14757120,11.180501
31481856,0.078064
26234880,0.078064
47222784,0.078064
-8682240,6.401298
-1532160,14.452799
-3268608,3.759398
-2723840,3.759398
-4902912,3.759398
-3813376,3.759398
-19549440,11.163491
-41705472,20.172853
-34754560,0.058928
-62558208,0.058928
-48656384,17.299437
-31279104,0.058928
6555648,4.029991
5463040,4.029991
9833472,4.029991
7648256,4.029991
4916736,4.029991
13999040,6.370722
6993920,6.295754
12589056,6.295754
9791488,6.295754
6294528,6.295754
17921920,8.581223
22293120,8.868028
-24738560,12.048430
-24442880,10.984499
-19810560,0.755960
-19514880,3.282172
-5617920,11.341991
-29962240,0.259740
-11618304,12.568305
-9416448,13.003290
-9275904,15.217752
-2670336,14.102195
-14241792,12.568305
8747520,6.350600
8616960,8.734403
2480640,7.533540
13230080,5.882353
9487360,6.745818
16359552,3.856536
4709568,2.591490
25117696,0.852053
18012032,1.761667
21069120,3.573761
4432320,6.848603
23639040,5.185185
16951680,6.055046
19828800,7.787945
18740160,5.578608
-20016000,8.650359
-20416320,10.441529
-20416320,10.441529
-19375488,8.674713
-17934336,7.913669
-3923136,9.792982
-15372288,7.913669
-20496384,7.913669
-2562048,7.913669
-3843072,7.913669
-2562048,7.913669
-2562048,7.913669
-20496384,7.913669
-11554560,12.085964
-11554560,12.085964
-10965504,10.351590
-10149888,9.604520
-2220288,11.449326
-8699904,9.604520
-11599872,9.604520
-1449984,9.604520
-2174976,9.604520
-1449984,9.604520
-1449984,9.604520
-11599872,9.604520
10077600,19.361118
9563840,17.770267
8852480,17.085020
1936480,18.777163
7587840,17.085020
10117120,17.085020
1264640,17.085020
1896960,17.085020
1264640,17.085020
1264640,17.085020
10117120,17.085020
2568800,18.360636
20149888,2.427249
18651136,1.614143
4079936,3.622017
15986688,1.614143
2664448,1.614143
3996672,1.614143
2664448,1.614143
2664448,1.614143
21315584,1.614143
5412160,3.127772
18984192,3.340211
99205120,8.571429
21701120,2.154064
85032960,0.115607
21258240,0.115607
14172160,0.115607
14172160,0.115607
113377280,0.115607
28787200,1.652290
100976640,10.175438
112934400,12.142355
-2873280,8.764895
-7708800,11.584890
-17520000,7.232146
-17870400,9.051124
-17379840,6.484018
-8689920,9.500663
-22425600,6.484018
-17940480,6.484018
-17940480,6.484018
-33932800,7.102226
-77120000,2.528797
-78662400,4.439997
-76503040,1.742739
-38251520,4.912328
-98713600,1.742739
-78970880,1.742739
-59228160,1.742739
18720000,2.326154
19094400,4.241327
18570240,1.538462
9285120,4.714640
23961600,1.538462
14376960,1.538462
17821440,8.801265
17332224,6.227106
8666112,9.252039
22364160,6.227106
13418496,6.227106
4333056,15.301903
33013760,1.538462
16506880,4.714640
42598400,1.538462
25559040,1.538462
8253440,11.066998
13711360,8.230022
6792000,13.159011
11501120,11.677471
11320000,10.264311
11365280,10.621823
11003040,10.657418
11410560,10.976500
11410560,10.976500
11546400,12.023834
2037600,19.591677
4346880,9.540636
3622400,9.540636
6520320,9.540636
8635200,4.373541
14622272,7.224049
14392000,5.739633
14449568,6.115172
13989024,5.366722
14507136,6.487731
14507136,6.487731
14679840,7.587875
2590560,11.456982
5526528,9.875857
4605440,0.389105
8289792,0.389105
13142400,10.241052
22254464,8.709731
21904000,7.249087
21991616,7.618613
21290688,7.655403
22079232,7.985205
22079232,7.985205
22342080,9.067732
3942720,16.889862
8411136,6.501096
7009280,6.501096
12616704,6.501096
94544896,6.075014
93056000,4.572215
93428224,4.952405
90450432,4.504107
93800448,5.329578
93800448,5.329578
94917120,6.443348
16750080,11.966988
35733504,6.831728
29777920,0.962861
53600256,0.962861
-89408000,3.024195
-89765632,3.410553
-86904576,3.322522
-90123264,3.793844
-90123264,3.793844
-91196160,4.925681
-16093440,12.447308
-34332672,3.030303
-28610560,1.503221
-51499008,1.503221
36728832,0.078064
23611392,0.078064
67226880,2.515184
83623680,2.821019
78048768,2.597104
79688448,1.311668
83623680,2.821019
83295744,2.438425
82311936,1.272350
81328128,0.078064
65915136,0.575188
64931328,3.106001
18692352,1.831080
99692544,0.078064
-2451456,3.759398
-6979840,6.106730
-8682240,6.401298
-8103424,6.185632
-8273664,4.947554
-8682240,6.401298
-8648192,6.032798
-8546048,4.909685
-8443904,3.759398
-6843648,4.238208
-6741504,6.675781
-1940736,5.447830
-10350592,3.759398
-89058560,2.496515
-110780160,12.267785
-103394816,10.691631
-105566976,9.239011
-110780160,12.267785
-110345728,11.922382
-109042432,10.869662
-107739136,9.791472
-87320832,0.556147
-86017536,3.087445
-24762624,10.281301
-132067328,0.058928
17413440,6.664462
16252544,6.449403
16593984,5.214806
17413440,6.664462
17345152,6.296999
17140288,5.177042
16935424,4.029991
13725888,4.507453
13521024,6.938173
3892416,5.713675
20759552,4.029991
20806912,8.658047
21244032,7.452597
22293120,8.868028
22205696,8.509240
21943424,7.415725
21681152,6.295754
17572224,6.761944
17309952,9.135277
4983168,7.939688
26576896,6.295754
-21486080,3.614917
-25132800,13.428062
-23752960,9.502613
-25132800,13.428062
-24541440,11.341991
-24640000,11.696623
-24738560,12.048430
-24640000,11.696623
-25132800,13.428062
-25132800,13.428062
-23851520,9.876570
-22077440,9.758813
-4829440,2.295256
-18923520,0.259740
-10212864,13.370432
-11946240,14.968392
-11290368,12.931093
-11946240,14.968392
-11665152,12.919437
-11712000,13.267760
-11758848,13.613306
-11712000,13.267760
-11946240,14.968392
-11946240,14.968392
-11337216,13.290882
-10493952,12.568305
-2295552,14.352626
-8994816,12.568305
11097600,8.465975
10488320,6.272883
11097600,8.465975
10836480,6.260335
10880000,6.635294
10923520,7.007265
10880000,6.635294
11097600,8.465975
11097600,8.465975
10531840,6.660185
9748480,5.882353
2132480,7.803121
8355840,5.882353
19912384,1.263455
21069120,3.573761
20573376,1.250237
20656000,1.645236
20738624,2.037088
20656000,1.645236
21069120,3.573761
21069120,3.573761
19995008,1.671457
18507776,0.852053
4048576,2.875480
15863808,0.852053
19828800,7.787945
19362240,5.565968
19440000,5.943704
19517760,6.318430
19440000,5.943704
19828800,7.787945
19828800,7.787945
18817920,5.968779
17418240,5.185185
3810240,7.120182
14929920,5.185185
-5204160,9.330382
-18254592,9.529219
-20416320,10.441529
-20336256,10.088937
-19535616,9.423282
-9527616,13.330512
-2722176,13.330512
-3282624,10.159678
-8807040,12.936560
-20016000,8.650359
-20416320,10.441529
-19855872,7.913669
-9927936,10.884195
-25620480,7.913669
-2945280,10.995219
-10331136,11.190406
-11554560,12.085964
-11509248,11.739846
-11056128,11.086413
-5392128,14.921901
-1540608,14.921901
-1857792,11.809287
-4984320,14.535183
-11328000,10.327683
-11554560,12.085964
-11237376,9.604520
-5618688,12.520502
-14499840,9.604520
9010560,18.539669
10077600,19.361118
10038080,19.043642
9642880,18.444283
4702880,21.962372
1343680,21.962372
1620320,19.107338
4347200,21.607655
9880000,17.748339
10077600,19.361118
9800960,17.085020
4900480,19.759697
12646400,17.085020
21232320,4.314931
21149056,3.938218
20316416,3.227026
9908416,7.401546
2830976,7.401546
3413824,4.013798
9159040,6.980644
20816000,2.401230
21232320,4.314931
20649472,1.614143
10324736,4.787880
26644480,1.614143
112491520,11.796459
108062720,9.515778
52702720,21.908001
15057920,5.991159
18158080,2.551811
48716800,22.782974
110720000,10.385202
112934400,12.142355
109834240,9.662502
54917120,22.431475
141721600,0.115607
-13455360,6.484018
-4344960,15.533953
-7218240,12.839474
-7919040,7.311593
-8199360,10.480428
-2382720,11.984959
-14016000,6.484018
-17099520,8.017067
-17870400,9.051124
-17870400,9.051124
-13455360,6.484018
-19125760,11.251506
-31773440,8.420417
-34858240,2.612272
-36092160,5.941767
-10488320,7.522578
-61696000,1.742739
-75269120,3.353513
-78662400,4.439997
-78662400,4.439997
-59228160,1.742739
4642560,11.066998
7712640,8.230022
8461440,2.409803
8760960,5.746220
2545920,7.330317
14976000,1.538462
18270720,3.152585
19094400,4.241327
19094400,4.241327
14376960,1.538462
7198464,12.600021
7897344,7.056954
8176896,10.234494
2376192,11.743159
13977600,6.227106
17052672,7.764367
17821440,8.801265
17821440,8.801265
13418496,6.227106
15042560,2.409803
15575040,5.746220
4526080,7.330317
26624000,1.538462
32481280,3.152585
33945600,4.241327
33945600,4.241327
25559040,1.538462
5071360,9.540636
3260160,9.540636
9282400,11.746962
11546400,12.023834
10776640,11.821124
11003040,10.657418
11546400,12.023834
11501120,11.677471
6447616,8.520607
4144896,0.389105
11801440,2.818639
14679840,7.587875
13701184,6.726893
13989024,5.366722
14679840,7.587875
14622272,7.224049
14449568,6.115172
9812992,6.501096
6308352,6.501096
17961280,8.781557
22342080,9.067732
20852608,8.858211
21290688,7.655403
22342080,9.067732
22254464,8.709731
21991616,7.618613
21728768,6.501096
41689088,5.993319
26800128,0.962861
76305920,3.378401
94917120,6.443348
88589312,5.826870
90450432,4.504107
94917120,6.443348
94544896,6.075014
93428224,4.952405
92311552,3.802635
74817024,1.455583
-40054784,2.812148
-25749504,1.503221
-73314560,3.905582
-91196160,4.925681
-85116416,4.602299
-86904576,3.322522
-91196160,4.925681
-90838528,4.551373
-89765632,3.410553
-88692736,2.242132
-71884032,1.993255
-70811136,4.487972
71490048,0.994779
83623680,2.821019
79032576,0.492678
83623680,2.821019
81656064,0.479357
81984000,0.877439
82311936,1.272350
-7422464,4.642340
-8682240,6.401298
-8205568,4.158737
-8682240,6.401298
-8477952,4.145907
-8512000,4.529324
-8546048,4.909685
-8512000,4.529324
-94706176,3.190195
-110780160,12.267785
-104698112,8.485807
-110780160,12.267785
-108173568,10.153755
-108608000,10.513141
-109042432,10.869662
-108608000,10.513141
-110780160,12.267785
14886784,4.910450
17413440,6.664462
16457408,4.428206
17413440,6.664462
17003712,4.415412
17072000,4.797750
17140288,5.177042
17072000,4.797750
17413440,6.664462
17413440,6.664462
19058432,7.155426
22293120,8.868028
21069184,6.684568
22293120,8.868028
21768576,6.672076
21856000,7.045388
21943424,7.415725
21856000,7.045388
22293120,8.868028
22293120,8.868028
21156608,7.070169
-25231360,0.259740
-3153920,0.259740
-4730880,0.259740
-3153920,0.259740
-3153920,0.259740
-25231360,0.259740
-6406400,1.794206
-22471680,11.341991
-25132800,13.428062
-25034240,13.087228
-24048640,10.615286
-11728640,24.007421
-3351040,6.126814
-11993088,12.568305
-1499136,12.568305
-2248704,12.568305
-1499136,12.568305
-1499136,12.568305
-11993088,12.568305
-3045120,13.913409
-10681344,14.102195
-11946240,14.968392
-11899392,14.633621
-11430912,14.001613
-5574912,17.711348
-1592832,17.711348
-1920768,14.700787
11141120,5.882353
1392640,5.882353
2088960,5.882353
1392640,5.882353
1392640,5.882353
11141120,5.882353
2828800,7.330317
9922560,7.533540
11097600,8.465975
11054080,8.105604
10618880,7.425265
5178880,11.418685
1479680,11.418685
1784320,8.177905
4787200,11.016043
2643968,0.852053
3965952,0.852053
2643968,0.852053
2643968,0.852053
21151744,0.852053
5370560,2.377406
18838272,2.591490
21069120,3.573761
20986496,3.194130
20160256,2.477429
9832256,6.684285
2809216,6.684285
3387584,3.270295
9088640,6.260122
20656000,1.645236
3732480,5.185185
2488320,5.185185
2488320,5.185185
19906560,5.185185
5054400,6.643875
17729280,6.848603
19828800,7.787945
19751040,7.424905
18973440,6.739526
9253440,10.762527
2643840,10.762527
3188160,7.497741
8553600,10.356902
19440000,5.943704
19828800,7.787945
-20496384,7.913669
-20496384,7.913669
-15372288,7.913669
-4963968,16.825251
-8246592,14.171964
-9047232,8.728592
-9367488,11.848983
-2722176,13.330512
-11599872,9.604520
-8699904,9.604520
-2809344,18.352470
-4667136,15.747902
-5120256,10.404480
-5301504,13.467574
-1540608,14.921901
7587840,17.085020
2450240,25.109049
4070560,22.720020
4465760,17.818781
4623840,20.628395
1343680,21.962372
15986688,1.614143
5162368,11.135355
8576192,8.300561
9408832,2.484814
9741888,5.818667
2830976,7.401546
16652800,1.614143
85032960,0.115607
27458560,17.419355
45616640,25.293224
50045440,17.761522
51816960,20.573095
15057920,5.991159
88576000,0.115607
108062720,9.515778
-2242560,6.484018
-17940480,6.484018
-17940480,6.484018
-2242560,6.484018
-2242560,6.484018
-4485120,6.484018
-12334080,6.484018
-7848960,6.484018
-78970880,1.742739
-78970880,1.742739
-9871360,1.742739
-9871360,1.742739
-19742720,1.742739
-54292480,1.742739
-34549760,1.742739
-29614080,1.742739
19169280,1.538462
2396160,1.538462
2396160,1.538462
4792320,1.538462
13178880,1.538462
8386560,1.538462
7188480,1.538462
17891328,6.227106
2236416,6.227106
2236416,6.227106
4472832,6.227106
12300288,6.227106
7827456,6.227106
6709248,6.227106
5241600,9.978022
34078720,1.538462
4259840,1.538462
4259840,1.538462
8519680,1.538462
23429120,1.538462
14909440,1.538462
12779520,1.538462
9984000,5.476923
32481280,3.152585
11365280,10.621823
11229440,9.540636
9101280,9.990683
8965440,12.281829
2580960,11.127643
13765120,9.540636
14276864,4.979469
11571168,0.884682
11398464,3.407617
3281376,6.131086
17500672,0.389105
17610816,6.966265
17347968,9.334395
4994112,8.141427
26635264,6.501096
19100288,7.358884
73700352,3.963986
21216768,5.171457
113156096,0.962861
81144832,2.517573
94917120,6.443348
-20385024,3.874217
-108720128,1.503221
-77963776,2.574980
-91196160,4.925681
-86189312,2.520220
81984000,0.877439
83623680,2.821019
83623680,2.821019
79360512,0.903865
73457664,0.078064
16068864,2.117287
62963712,0.078064
83951616,0.078064
10493952,0.078064
15740928,0.078064
10493952,0.078064
10493952,0.078064
83951616,0.078064
-8682240,6.401298
-8682240,6.401298
-8239616,4.554775
-7626752,3.759398
-1668352,5.723493
-6537216,3.759398
-8716288,3.759398
-1089536,3.759398
-1634304,3.759398
-1089536,3.759398
-1089536,3.759398
-8716288,3.759398
-110780160,12.267785
-105132544,8.863965
-97312768,8.679182
-21287168,2.098541
-83410944,0.058928
-111214592,0.058928
-13901824,0.058928
-20852736,0.058928
-13901824,0.058928
-13901824,0.058928
-111214592,0.058928
-28238080,1.596483
16525696,4.823131
15296512,4.029991
3346112,5.988562
13111296,4.029991
2185216,4.029991
3277824,4.029991
2185216,4.029991
2185216,4.029991
17481728,4.029991
4438720,5.506452
15569664,5.713675
19582976,6.295754
4283776,8.208086
16785408,6.295754
4196352,6.295754
2797568,6.295754
2797568,6.295754
22380544,6.295754
5682560,7.737358
19932672,7.939688
22293120,8.868028
-4040960,2.692430
-10841600,25.043684
-24640000,11.696623
-25132800,13.428062
-24442880,10.984499
-12221440,24.926685
-31539200,0.259740
-25231360,0.259740
-25231360,0.259740
-5153280,17.337307
-11712000,13.267760
-11946240,14.968392
-11618304,12.568305
-5809152,15.388684
-14991360,12.568305
-11993088,12.568305
-8994816,12.568305
10880000,6.635294
11097600,8.465975
10792960,5.882353
5396480,8.918406
13926400,5.882353
8355840,5.882353
21069120,3.573761
20490752,0.852053
10245376,4.050374
26439680,0.852053
15863808,0.852053
5122688,10.447016
19284480,5.185185
9642240,8.243728
24883200,5.185185
14929920,5.185185
4821120,14.360812
8009280,11.628910
-16012800,7.913669
-19535616,9.423282
-20416320,10.441529
-20416320,10.441529
-15372288,7.913669
-2562048,7.913669
-20496384,7.913669
-20496384,7.913669
-2562048,7.913669
-9062400,9.604520
-11056128,11.086413
-11554560,12.085964
-11554560,12.085964
-8699904,9.604520
-11599872,9.604520
-11599872,9.604520
-1449984,9.604520
7904000,17.085020
9642880,18.444283
10077600,19.361118
10077600,19.361118
7587840,17.085020
10117120,17.085020
1264640,17.085020
20316416,3.227026
21232320,4.314931
21232320,4.314931
15986688,1.614143
21315584,1.614143
2664448,1.614143
2664448,1.614143
112934400,12.142355
112934400,12.142355
85032960,0.115607
113377280,0.115607
14172160,0.115607
14172160,0.115607
28344320,0.115607
-6727680,6.484018
-5256000,10.224657
-17099520,8.017067
-17870400,9.051124
-17870400,9.051124
-4485120,6.484018
-17940480,6.484018
-2242560,6.484018
-3363840,6.484018
-4485120,6.484018
-4485120,6.484018
-23136000,5.673029
-75269120,3.353513
-78662400,4.439997
-78662400,4.439997
-19742720,1.742739
-78970880,1.742739
-9871360,1.742739
-14807040,1.742739
-19742720,1.742739
-19742720,1.742739
5616000,5.476923
18270720,3.152585
19094400,4.241327
19094400,4.241327
4792320,1.538462
19169280,1.538462
2396160,1.538462
3594240,1.538462
4792320,1.538462
4792320,1.538462
16773120,1.538462
17052672,7.764367
17821440,8.801265
17821440,8.801265
4472832,6.227106
17891328,6.227106
2236416,6.227106
3354624,6.227106
4472832,6.227106
4472832,6.227106
15654912,6.227106
33945600,4.241327
33945600,4.241327
8519680,1.538462
4259840,1.538462
6389760,1.538462
8519680,1.538462
8519680,1.538462
29818880,1.538462
9871040,10.370539
11546400,12.023834
10912480,9.915986
11546400,12.023834
11274720,9.903927
11320000,10.264311
11365280,10.621823
11320000,10.264311
11546400,12.023834
11546400,12.023834
10957760,10.288234
10142720,9.540636
2218720,11.386745
8693760,9.540636
12549824,2.347379
14679840,7.587875
13873888,4.581383
14679840,7.587875
14334432,5.361078
14392000,5.739633
14449568,6.115172
14392000,5.739633
14679840,7.587875
14679840,7.587875
13931456,4.975675
12895232,4.454856
2820832,2.421981
11053056,0.389105
22342080,9.067732
21115456,6.889058
22342080,9.067732
21816384,6.876593
21904000,7.249087
21991616,7.618613
21904000,7.249087
22342080,9.067732
22342080,9.067732
21203072,7.273814
19625984,6.501096
4293184,8.409236
16822272,6.501096
89705984,3.711610
94917120,6.443348
92683776,4.188971
93056000,4.572215
93428224,4.952405
93056000,4.572215
94917120,6.443348
94917120,6.443348
90078208,4.109496
83378176,3.478090
18238976,2.984027
71467008,0.962861
-91196160,4.925681
-89050368,2.634734
-89408000,3.024195
-89765632,3.410553
-89408000,3.024195
-91196160,4.925681
-91196160,4.925681
-86546944,2.923029
-80109568,2.157685
-17523968,3.513360
-68665344,1.503221
21315840,1.615325
74769408,1.831080
83623680,2.821019
83295744,2.438425
80016384,1.716129
39024384,5.955825
11149824,5.955825
13445376,2.515184
36072960,5.528351
81984000,0.877439
83623680,2.821019
81328128,0.078064
40664064,3.301352
104939520,0.078064
-2213120,5.240023
-7762944,5.447830
-8682240,6.401298
-8648192,6.032798
-8307712,5.337113
-4051712,9.420610
-1157632,9.420610
-1395968,6.106730
-3745280,9.008886
-8512000,4.529324
-8682240,6.401298
-8443904,3.759398
-4221952,6.863934
-10895360,3.759398
-99050496,10.281301
-110780160,12.267785
-110345728,11.922382
-106001408,9.610982
-51697408,22.164175
-14770688,5.937814
-17811712,2.496515
-47787520,23.064230
-108608000,10.513141
-110780160,12.267785
-107739136,9.791472
-53869568,22.747923
-139018240,0.058928
17413440,6.664462
17345152,6.296999
16662272,5.603270
8126272,9.675285
2321792,9.675285
2799808,6.370722
7511680,9.264719
17072000,4.797750
17413440,6.664462
16935424,4.029991
8467712,7.125797
21852160,4.029991
22205696,8.509240
21331456,7.831889
10403456,11.807769
2972416,11.807769
3584384,8.581223
9616640,11.406895
21856000,7.045388
22293120,8.868028
21681152,6.295754
10840576,9.318472
27975680,6.295754
-18923520,0.259740
-6110720,18.491831
-10151680,27.696381
-11137280,19.972416
-11531520,22.708403
-3351040,6.126814
-19712000,0.259740
-24048640,10.615286
-25132800,13.428062
-25132800,13.428062
-18923520,0.259740
-2904576,21.029438
-4825344,18.510265
-5293824,13.342038
-5481216,16.304703
-1592832,17.711348
-9369600,12.568305
-11430912,14.001613
-11946240,14.968392
-11946240,14.968392
-8994816,12.568305
2698240,14.990513
4482560,12.278698
4917760,6.715252
5091840,9.904475
1479680,11.418685
8704000,5.882353
10618880,7.425265
11097600,8.465975
11097600,8.465975
8355840,5.882353
8510272,7.590262
9336512,1.729468
9667008,5.089144
2809216,6.684285
16524800,0.852053
20160256,2.477429
21069120,3.573761
21069120,3.573761
15863808,0.852053
8786880,6.024254
9097920,9.237101
2643840,10.762527
15552000,5.185185
18973440,6.739526
19828800,7.787945
19828800,7.787945
14929920,5.185185
-2562048,7.913669
-5124096,7.913669
-14091264,7.913669
-8967168,7.913669
-7686144,7.913669
-6004800,11.597122
-19535616,9.423282
-20416320,10.441529
-20416320,10.441529
-5124096,7.913669
-1449984,9.604520
-2899968,9.604520
-7974912,9.604520
-5074944,9.604520
-4349952,9.604520
-3398400,13.220339
-11056128,11.086413
-11554560,12.085964
-11554560,12.085964
-2899968,9.604520
1264640,17.085020
2529280,17.085020
6955520,17.085020
4426240,17.085020
3793920,17.085020
2964000,20.401619
9642880,18.444283
10077600,19.361118
10077600,19.361118
2529280,17.085020
5328896,1.614143
14654464,1.614143
9325568,1.614143
7993344,1.614143
6244800,5.549577
20316416,3.227026
21232320,4.314931
21232320,4.314931
5328896,1.614143
77946880,0.115607
49602560,17.027250
42516480,19.845858
33216000,4.110982
108062720,9.515778
112934400,12.142355
112934400,12.142355
28344320,0.115607
-15697920,6.484018
-10091520,6.484018
-2242560,6.484018
-2382720,11.984959
-17870400,9.051124
-17870400,9.051124
-17730240,8.332160
-11212800,6.484018
-11212800,6.484018
-69099520,1.742739
-44421120,1.742739
-9871360,1.742739
-10488320,7.522578
-78662400,4.439997
-78662400,4.439997
-78045440,3.684582
-49356800,1.742739
-49356800,1.742739
10782720,1.538462
2396160,1.538462
2545920,7.330317
19094400,4.241327
19094400,4.241327
18944640,3.484342
11980800,1.538462
11980800,1.538462
10063872,6.227106
2236416,6.227106
2376192,11.743159
17821440,8.801265
17821440,8.801265
17681664,8.080325
11182080,6.227106
11182080,6.227106
19169280,1.538462
4259840,1.538462
4526080,7.330317
33945600,4.241327
33945600,4.241327
33679360,3.484342
21299200,1.538462
21299200,1.538462
11591680,9.540636
1448960,9.540636
2173440,9.540636
1448960,9.540636
1448960,9.540636
11591680,9.540636
2943200,10.932319
10323840,11.127643
11546400,12.023834
11501120,11.677471
11048320,11.023577
5388320,14.861774
1539520,14.861774
14737408,0.389105
1842176,0.389105
2763264,0.389105
1842176,0.389105
1842176,0.389105
14737408,0.389105
3741920,1.921580
13125504,6.131086
14679840,7.587875
14622272,7.224049
14046592,5.754563
6850592,13.901748
1957312,6.248569
2360288,2.818639
22429696,6.501096
2803712,6.501096
4205568,6.501096
2803712,6.501096
2803712,6.501096
22429696,6.501096
5695040,7.939540
19976448,8.141427
22342080,9.067732
22254464,8.709731
21378304,8.033865
10426304,12.001031
2978944,12.001031
3592256,8.781557
9637760,11.601036
11911168,0.962861
17866752,0.962861
11911168,0.962861
11911168,0.962861
95289344,0.962861
24194560,2.486509
84867072,5.171457
94917120,6.443348
94544896,6.075014
90822656,4.895483
44294656,11.523124
12655616,6.788575
15261184,3.378401
40944640,11.486808
93056000,4.572215
-17166336,1.503221
-11444224,1.503221
-11444224,1.503221
-91553792,1.503221
-23246080,3.018556
-81540096,3.874217
-91196160,4.925681
-90838528,4.551373
-87262208,3.718742
-42558208,8.529081
-12159488,7.297149
-14662912,3.905582
-39339520,8.208498
-89408000,3.024195
-91196160,4.925681
83951616,0.078064
83951616,0.078064
62963712,0.078064
20332032,9.747930
33777408,6.868875
37056768,0.962329
38368512,4.348232
11149824,5.955825
-8716288,3.759398
-6537216,3.759398
-2110976,13.073005
-3506944,10.300021
-3847424,4.611085
-3983616,7.872245
-1157632,9.420610
-83410944,0.058928
-26934784,17.516680
-44746496,25.597998
-49090816,18.031300
-50828544,20.833649
-14770688,5.937814
13111296,4.029991
4233856,13.317410
7033664,10.552224
7716544,4.879283
7989696,8.131273
2321792,9.675285
13657600,4.029991
16785408,6.295754
5420288,15.363906
9004672,12.664003
9878912,7.124995
10228608,10.300209
2972416,11.807769
17484800,6.295754
21331456,7.831889
-3153920,0.259740
-25231360,0.259740
-25231360,0.259740
-3153920,0.259740
-3153920,0.259740
-6307840,0.259740
-17346560,0.259740
-11038720,19.257885
-11993088,12.568305
-11993088,12.568305
-1499136,12.568305
-1499136,12.568305
-2998272,12.568305
-8245248,12.568305
-5246976,12.568305
-4497408,12.568305
11141120,5.882353
1392640,5.882353
1392640,5.882353
2785280,5.882353
7659520,5.882353
4874240,5.882353
4177920,5.882353
21151744,0.852053
2643968,0.852053
2643968,0.852053
5287936,0.852053
14541824,0.852053
9253888,0.852053
7931904,0.852053
6196800,4.817970
19906560,5.185185
2488320,5.185185
2488320,5.185185
4976640,5.185185
13685760,5.185185
8709120,5.185185
7464960,5.185185
5832000,8.977777
18973440,6.739526
-20496384,7.913669
-2562048,7.913669
-3843072,7.913669
-5124096,7.913669
-5124096,7.913669
-17934336,7.913669
-11529216,7.913669
-2562048,7.913669
-11599872,9.604520
-1449984,9.604520
-2174976,9.604520
-2899968,9.604520
-2899968,9.604520
-10149888,9.604520
-6524928,9.604520
-1449984,9.604520
10117120,17.085020
1264640,17.085020
1896960,17.085020
2529280,17.085020
2529280,17.085020
8852480,17.085020
5690880,17.085020
1264640,17.085020
21315584,1.614143
2664448,1.614143
3996672,1.614143
5328896,1.614143
5328896,1.614143
18651136,1.614143
11990016,1.614143
2664448,1.614143
2830976,7.401546
14172160,0.115607
21258240,0.115607
28344320,0.115607
28344320,0.115607
99205120,8.571429
63774720,0.115607
14172160,0.115607
15057920,5.991159
112934400,12.142355
-17940480,6.484018
-2242560,6.484018
-3363840,6.484018
-2242560,6.484018
-3363840,6.484018
-2242560,6.484018
-14576640,6.484018
-12334080,6.484018
-78970880,1.742739
-9871360,1.742739
-14807040,1.742739
-9871360,1.742739
-14807040,1.742739
-9871360,1.742739
-64163840,1.742739
-54292480,1.742739
-29614080,1.742739
19169280,1.538462
2396160,1.538462
3594240,1.538462
2396160,1.538462
3594240,1.538462
2396160,1.538462
15575040,1.538462
13178880,1.538462
7188480,1.538462
14376960,1.538462
2236416,6.227106
3354624,6.227106
2236416,6.227106
3354624,6.227106
2236416,6.227106
14536704,6.227106
12300288,6.227106
6709248,6.227106
13418496,6.227106
6918912,9.068708
6389760,1.538462
4259840,1.538462
6389760,1.538462
4259840,1.538462
27688960,1.538462
23429120,1.538462
12779520,1.538462
25559040,1.538462
13178880,4.522144
33945600,4.241327
1856480,11.746962
4980800,14.474784
11320000,10.264311
11546400,12.023834
11229440,9.540636
5614720,12.458680
14489600,9.540636
11591680,9.540636
11591680,9.540636
6332480,14.101773
14392000,5.739633
14679840,7.587875
14276864,4.979469
7138432,12.783088
18421760,0.389105
14737408,0.389105
11053056,0.389105
21904000,7.249087
22342080,9.067732
21728768,6.501096
10864384,9.517189
28037120,6.501096
16822272,6.501096
94917120,6.443348
92311552,3.802635
46155776,9.837156
119111680,0.962861
71467008,0.962861
23077888,12.818920
-88692736,2.242132
-44346368,6.158358
-114442240,1.503221
-68665344,1.503221
-22173184,11.626296
-36836096,9.620477
65587200,0.078064
80016384,1.716129
83623680,2.821019
83623680,2.821019
62963712,0.078064
10493952,0.078064
83951616,0.078064
83951616,0.078064
10493952,0.078064
-6809600,3.759398
-8307712,5.337113
-8682240,6.401298
-8682240,6.401298
-6537216,3.759398
-8716288,3.759398
-8716288,3.759398
-1089536,3.759398
-86886400,0.058928
-106001408,9.610982
-110780160,12.267785
-110780160,12.267785
-83410944,0.058928
-111214592,0.058928
-13901824,0.058928
16662272,5.603270
17413440,6.664462
17413440,6.664462
13111296,4.029991
17481728,4.029991
2185216,4.029991
2185216,4.029991
22293120,8.868028
22293120,8.868028
16785408,6.295754
22380544,6.295754
2797568,6.295754
2797568,6.295754
5595136,6.295754
-9461760,22.424242
-7392000,4.249351
-24048640,10.615286
-25132800,13.428062
-25132800,13.428062
-6307840,0.259740
-25231360,0.259740
-3153920,0.259740
-4730880,0.259740
-6307840,0.259740
-6307840,0.259740
-3513600,16.065575
-11430912,14.001613
-11946240,14.968392
-11946240,14.968392
-2998272,12.568305
-11993088,12.568305
-1499136,12.568305
-2248704,12.568305
-2998272,12.568305
-2998272,12.568305
3264000,9.647058
10618880,7.425265
11097600,8.465975
11097600,8.465975
2785280,5.882353
11141120,5.882353
1392640,5.882353
2088960,5.882353
2785280,5.882353
2785280,5.882353
9748480,5.882353
20160256,2.477429
21069120,3.573761
21069120,3.573761
5287936,0.852053
21151744,0.852053
2643968,0.852053
3965952,0.852053
5287936,0.852053
5287936,0.852053
18507776,0.852053
19828800,7.787945
19828800,7.787945
4976640,5.185185
2488320,5.185185
3732480,5.185185
4976640,5.185185
4976640,5.185185
17418240,5.185185
-2722176,13.330512
-20416320,10.441529
-20416320,10.441529
-20256192,9.733557
-12810240,7.913669
-12810240,7.913669
-20496384,7.913669
-2562048,7.913669
-3843072,7.913669
-2562048,7.913669
-1540608,14.921901
-11554560,12.085964
-11554560,12.085964
-11463936,11.390991
-7249920,9.604520
-7249920,9.604520
-11599872,9.604520
-1449984,9.604520
-2174976,9.604520
-1449984,9.604520
-2174976,9.604520
1343680,21.962372
10077600,19.361118
10077600,19.361118
9998560,18.723656
6323200,17.085020
6323200,17.085020
10117120,17.085020
1264640,17.085020
1896960,17.085020
1264640,17.085020
1896960,17.085020
1264640,17.085020
21232320,4.314931
21232320,4.314931
21065792,3.558528
13322240,1.614143
13322240,1.614143
2664448,1.614143
3996672,1.614143
2664448,1.614143
3996672,1.614143
2664448,1.614143
112934400,12.142355
112048640,11.447828
70860800,0.115607
70860800,0.115607
21258240,0.115607
14172160,0.115607
21258240,0.115607
14172160,0.115607
92119040,0.115607
-6727680,6.484018
-13455360,6.484018
-6937920,9.317836
-17870400,9.051124
-17800320,8.693057
-17379840,6.484018
-16819200,6.484018
-13455360,6.484018
-17940480,6.484018
-17940480,6.484018
-17940480,6.484018
-59228160,1.742739
-30539520,4.720232
-78662400,4.439997
-78353920,4.063776
-76503040,1.742739
-74035200,1.742739
-59228160,1.742739
-78970880,1.742739
-78970880,1.742739
-78970880,1.742739
-78970880,1.742739
7413120,4.522144
19094400,4.241327
19019520,3.864325
18570240,1.538462
17971200,1.538462
14376960,1.538462
19169280,1.538462
19169280,1.538462
19169280,1.538462
19169280,1.538462
17821440,8.801265
17751552,8.442214
17332224,6.227106
16773120,6.227106
13418496,6.227106
17891328,6.227106
17891328,6.227106
17891328,6.227106
33812480,3.864325
33013760,1.538462
31948800,1.538462
25559040,1.538462
34078720,1.538462
34078720,1.538462
8693760,9.540636
2807360,18.294767
4663840,15.688360
5116640,10.341162
5297760,13.406422
1539520,14.861774
9056000,9.540636
11048320,11.023577
11546400,12.023834
11546400,12.023834
8693760,9.540636
3569216,13.701160
5929504,16.000799
6505184,9.330158
6735456,12.429982
1957312,6.248569
11513600,0.389105
14046592,5.754563
14679840,7.587875
14679840,7.587875
11053056,0.389105
5432192,15.549376
9024448,12.855390
9900608,7.328520
10251072,10.496775
2978944,12.001031
17523200,6.501096
21378304,8.033865
22342080,9.067732
22342080,9.067732
16822272,6.501096
38339072,13.163553
42061312,6.825236
43550208,10.010698
12655616,6.788575
74444800,0.962861
90822656,4.895483
94917120,6.443348
94917120,6.443348
71467008,0.962861
-40412416,3.672218
-41842944,6.965476
-12159488,7.297149
-71526400,1.503221
-87262208,3.718742
-91196160,4.925681
-91196160,4.925681
-68665344,1.503221
10493952,0.078064
20987904,0.078064
57716736,0.078064
36728832,0.078064
31481856,0.078064
24595200,4.074942
80016384,1.716129
83623680,2.821019
83623680,2.821019
20987904,0.078064
-1089536,3.759398
-2179072,3.759398
-5992448,3.759398
-3813376,3.759398
-3268608,3.759398
-2553600,7.609023
-8307712,5.337113
-8682240,6.401298
-8682240,6.401298
-2179072,3.759398
-13901824,0.058928
-27803648,0.058928
-76460032,0.058928
-48656384,17.299437
-41705472,20.172853
-32582400,4.056571
-106001408,9.610982
-110780160,12.267785
-110780160,12.267785
-27803648,0.058928
4370432,4.029991
12018688,4.029991
7648256,4.029991
6555648,4.029991
5121600,7.868792
16662272,5.603270
17413440,6.664462
17413440,6.664462
4370432,4.029991
15386624,6.295754
9791488,6.295754
8392704,6.295754
6556800,10.043923
21331456,7.831889
22293120,8.868028
22293120,8.868028
5595136,6.295754
-22077440,9.758813
-14192640,0.259740
-3153920,0.259740
-3351040,6.126814
-25132800,13.428062
-25132800,13.428062
-24935680,12.743700
-15769600,0.259740
-15769600,0.259740
-10493952,12.568305
-6746112,12.568305
-1499136,12.568305
-1592832,17.711348
-11946240,14.968392
-11946240,14.968392
-11852544,14.296206
-7495680,12.568305
-7495680,12.568305
6266880,5.882353
1392640,5.882353
1479680,11.418685
11097600,8.465975
11097600,8.465975
11010560,7.742385
6963200,5.882353
6963200,5.882353
11897856,0.852053
2643968,0.852053
2809216,6.684285
21069120,3.573761
21069120,3.573761
20903872,2.811498
13219840,0.852053
13219840,0.852053
11197440,5.185185
2488320,5.185185
2643840,10.762527
19828800,7.787945
19828800,7.787945
19673280,7.058996
12441600,5.185185
12441600,5.185185
-3843072,7.913669
-2562048,7.913669
-16653312,7.913669
-14091264,7.913669
-7686144,7.913669
-15372288,7.913669
-7926336,10.704165
-20416320,10.441529
-20336256,10.088937
-19855872,7.913669
-19215360,7.913669
-15372288,7.913669
-1449984,9.604520
-9424896,9.604520
-7974912,9.604520
-4349952,9.604520
-8699904,9.604520
-4485888,12.343777
-11554560,12.085964
-11509248,11.739846
-11237376,9.604520
-10874880,9.604520
-8699904,9.604520
8220160,17.085020
6955520,17.085020
3793920,17.085020
7587840,17.085020
3912480,19.597595
10077600,19.361118
10038080,19.043642
9800960,17.085020
9484800,17.085020
7587840,17.085020
17318912,1.614143
14654464,1.614143
7993344,1.614143
15986688,1.614143
8243136,4.595532
21232320,4.314931
21149056,3.938218
20649472,1.614143
19983360,1.614143
15986688,1.614143
77946880,0.115607
42516480,19.845858
85032960,0.115607
43845120,22.274771
112934400,12.142355
112491520,11.796459
109834240,9.662502
106291200,8.007708
85032960,0.115607
-17940480,6.484018
-17940480,6.484018
-5606400,6.484018
-6727680,6.484018
-12334080,6.484018
-19061760,6.484018
-12894720,6.484018
-17309760,9.134269
-17870400,9.051124
-17029440,7.638536
-14576640,6.484018
-78970880,1.742739
-24678400,1.742739
-29614080,1.742739
-54292480,1.742739
-83906560,1.742739
-56760320,1.742739
-76194560,4.527357
-78662400,4.439997
-74960640,2.955791
-64163840,1.742739
5990400,1.538462
7188480,1.538462
13178880,1.538462
20367360,1.538462
13777920,1.538462
18495360,4.328870
19094400,4.241327
18195840,2.754036
15575040,1.538462
5591040,6.227106
6709248,6.227106
12300288,6.227106
19009536,6.227106
12859392,6.227106
17262336,8.884638
17821440,8.801265
16982784,7.384797
14536704,6.227106
10649600,1.538462
12779520,1.538462
23429120,1.538462
36208640,1.538462
24494080,1.538462
32880640,4.328870
33945600,4.241327
32348160,2.754036
27688960,1.538462
1448960,9.540636
11591680,9.540636
11591680,9.540636
1448960,9.540636
1448960,9.540636
2897920,9.540636
7969280,9.540636
5071360,9.540636
14737408,0.389105
14737408,0.389105
1842176,0.389105
1842176,0.389105
3684352,0.389105
10131968,0.389105
6447616,8.520607
5526528,9.875857
22429696,6.501096
2803712,6.501096
2803712,6.501096
5607424,6.501096
15420416,6.501096
9812992,6.501096
8411136,6.501096
95289344,0.962861
11911168,0.962861
11911168,0.962861
23822336,0.962861
65511424,0.962861
41689088,5.993319
35733504,6.831728
27916800,4.924346
-91553792,1.503221
-11444224,1.503221
-11444224,1.503221
-22888448,1.503221
-62943232,1.503221
-40054784,2.812148
-34332672,3.030303
-26822400,5.443092
-87262208,3.718742
83951616,0.078064
10493952,0.078064
15740928,0.078064
20987904,0.078064
20987904,0.078064
73457664,0.078064
47222784,0.078064
10493952,0.078064
-8716288,3.759398
-1089536,3.759398
-1634304,3.759398
-2179072,3.759398
-2179072,3.759398
-7626752,3.759398
-4902912,3.759398
-1089536,3.759398
-111214592,0.058928
-13901824,0.058928
-20852736,0.058928
-27803648,0.058928
-27803648,0.058928
-97312768,8.679182
-62558208,0.058928
-13901824,0.058928
17481728,4.029991
2185216,4.029991
3277824,4.029991
4370432,4.029991
4370432,4.029991
15296512,4.029991
9833472,4.029991
2185216,4.029991
2321792,9.675285
2797568,6.295754
4196352,6.295754
5595136,6.295754
5595136,6.295754
19582976,6.295754
12589056,6.295754
2797568,6.295754
2972416,11.807769
22293120,8.868028
-25231360,0.259740
-3153920,0.259740
-4730880,0.259740
-3153920,0.259740
-4730880,0.259740
-3153920,0.259740
-20500480,0.259740
-17346560,0.259740
-11993088,12.568305
-1499136,12.568305
-2248704,12.568305
-1499136,12.568305
-2248704,12.568305
-1499136,12.568305
-9744384,12.568305
-8245248,12.568305
-4497408,12.568305
11141120,5.882353
1392640,5.882353
2088960,5.882353
1392640,5.882353
2088960,5.882353
1392640,5.882353
9052160,5.882353
7659520,5.882353
4177920,5.882353
8355840,5.882353
2643968,0.852053
3965952,0.852053
2643968,0.852053
3965952,0.852053
2643968,0.852053
17185792,0.852053
14541824,0.852053
7931904,0.852053
15863808,0.852053
8179776,3.856536
3732480,5.185185
2488320,5.185185
3732480,5.185185
2488320,5.185185
16174080,5.185185
13685760,5.185185
7464960,5.185185
14929920,5.185185
7698240,8.058362
19828800,7.787945
-20496384,7.913669
-20496384,7.913669
-20496384,7.913669
-20496384,7.913669
-20496384,7.913669
-6405120,7.913669
-7686144,7.913669
-14091264,7.913669
-11599872,9.604520
-11599872,9.604520
-11599872,9.604520
-11599872,9.604520
-11599872,9.604520
-3624960,9.604520
-4349952,9.604520
-7974912,9.604520
10117120,17.085020
10117120,17.085020
10117120,17.085020
10117120,17.085020
3161600,17.085020
3793920,17.085020
6955520,17.085020
10749440,17.085020
21315584,1.614143
21315584,1.614143
21315584,1.614143
6661120,1.614143
7993344,1.614143
14654464,1.614143
22647808,1.614143
15320576,1.614143
113377280,0.115607
113377280,0.115607
35430400,0.115607
42516480,19.845858
77946880,0.115607
120463360,0.115607
81489920,2.689118
109391360,10.614776
-3363840,6.484018
-2242560,6.484018
-2242560,6.484018
-4485120,6.484018
-4485120,6.484018
-12334080,6.484018
-3574080,11.984959
-6587520,12.453123
-5956800,11.984959
-5606400,6.484018
-9871360,1.742739
-9871360,1.742739
-19742720,1.742739
-19742720,1.742739
-54292480,1.742739
-15732480,7.522578
-28997120,8.014479
-26220800,7.522578
-24678400,1.742739
-24678400,1.742739
2396160,1.538462
4792320,1.538462
4792320,1.538462
13178880,1.538462
3818880,7.330317
7038720,7.823241
6364800,7.330317
5990400,1.538462
5990400,1.538462
29952000,1.538462
2236416,6.227106
4472832,6.227106
4472832,6.227106
12300288,6.227106
3564288,11.743159
6569472,12.212610
5940480,11.743159
5591040,6.227106
5591040,6.227106
27955200,6.227106
17192448,8.514250
4259840,1.538462
8519680,1.538462
8519680,1.538462
23429120,1.538462
6789120,7.330317
12513280,7.823241
11315200,7.330317
10649600,1.538462
10649600,1.538462
53248000,1.538462
32747520,3.939962
32747520,3.939962
4346880,9.540636
3396000,13.159011
11048320,11.023577
11546400,12.023834
11546400,12.023834
2897920,9.540636
11591680,9.540636
1448960,9.540636
2173440,9.540636
2897920,9.540636
2897920,9.540636
4317600,4.373541
14046592,5.754563
14679840,7.587875
14679840,7.587875
3684352,0.389105
14737408,0.389105
1842176,0.389105
2763264,0.389105
3684352,0.389105
3684352,0.389105
6571200,10.241052
21378304,8.033865
22342080,9.067732
22342080,9.067732
5607424,6.501096
22429696,6.501096
2803712,6.501096
4205568,6.501096
5607424,6.501096
5607424,6.501096
19625984,6.501096
90822656,4.895483
94917120,6.443348
94917120,6.443348
23822336,0.962861
95289344,0.962861
11911168,0.962861
17866752,0.962861
23822336,0.962861
23822336,0.962861
83378176,3.478090
-91196160,4.925681
-91196160,4.925681
-22888448,1.503221
-11444224,1.503221
-17166336,1.503221
-22888448,1.503221
-22888448,1.503221
-80109568,2.157685
11149824,5.955825
83623680,2.821019
83623680,2.821019
82967808,2.052806
52469760,0.078064
52469760,0.078064
83951616,0.078064
10493952,0.078064
15740928,0.078064
10493952,0.078064
-1157632,9.420610
-8682240,6.401298
-8682240,6.401298
-8614144,5.661386
-5447680,3.759398
-5447680,3.759398
-8716288,3.759398
-1089536,3.759398
-1634304,3.759398
-1089536,3.759398
-1634304,3.759398
-14770688,5.937814
-110780160,12.267785
-110780160,12.267785
-109911296,11.574249
-69509120,0.058928
-69509120,0.058928
-111214592,0.058928
-13901824,0.058928
-20852736,0.058928
-13901824,0.058928
-20852736,0.058928
-13901824,0.058928
17413440,6.664462
17413440,6.664462
17276864,5.926631
10926080,4.029991
10926080,4.029991
2185216,4.029991
3277824,4.029991
2185216,4.029991
3277824,4.029991
2185216,4.029991
22293120,8.868028
22118272,8.147616
13987840,6.295754
13987840,6.295754
4196352,6.295754
2797568,6.295754
4196352,6.295754
2797568,6.295754
18184192,6.295754
-9461760,22.424242
-18923520,0.259740
-9757440,24.775023
-25132800,13.428062
-25034240,13.087228
-24442880,10.984499
-23654400,9.125541
-18923520,0.259740
-25231360,0.259740
-25231360,0.259740
-25231360,0.259740
-8994816,12.568305
-4637952,15.217752
-11946240,14.968392
-11899392,14.633621
-11618304,12.568305
-11243520,12.568305
-8994816,12.568305
-11993088,12.568305
-11993088,12.568305
-11993088,12.568305
-11993088,12.568305
4308480,8.734403
11097600,8.465975
11054080,8.105604
10792960,5.882353
10444800,5.882353
8355840,5.882353
11141120,5.882353
11141120,5.882353
11141120,5.882353
11141120,5.882353
21069120,3.573761
20986496,3.194130
20490752,0.852053
19829760,0.852053
15863808,0.852053
21151744,0.852053
21151744,0.852053
21151744,0.852053
19751040,7.424905
19284480,5.185185
18662400,5.185185
14929920,5.185185
19906560,5.185185
19906560,5.185185
-21777408,7.913669
-14731776,7.913669
-19775808,10.523403
-20416320,10.441529
-19455552,9.050538
-16653312,7.913669
-3843072,7.913669
-2562048,7.913669
-2562048,7.913669
-5124096,7.913669
-12324864,9.604520
-8337408,9.604520
-11192064,12.166335
-11554560,12.085964
-11010816,10.720513
-9424896,9.604520
-1449984,9.604520
-1449984,9.604520
-2899968,9.604520
-2899968,9.604520
7271680,17.085020
9761440,19.434837
10077600,19.361118
9603360,18.108662
8220160,17.085020
1264640,17.085020
2529280,17.085020
2529280,17.085020
20566208,4.402406
21232320,4.314931
20233152,2.828783
17318912,1.614143
2664448,1.614143
5328896,1.614143
5328896,1.614143
14654464,1.614143
112934400,12.142355
107619840,9.143414
92119040,0.115607
14172160,0.115607
28344320,0.115607
28344320,0.115607
77946880,0.115607
-5606400,6.484018
-28032000,6.484018
-17239680,8.764895
-17239680,8.764895
-17870400,9.051124
-14576640,6.484018
-10091520,6.484018
-4485120,6.484018
-17940480,6.484018
-17940480,6.484018
-7848960,6.484018
-16819200,6.484018
-21304320,6.484018
-123392000,1.742739
-75886080,4.139257
-75886080,4.139257
-78662400,4.439997
-64163840,1.742739
-44421120,1.742739
-78970880,1.742739
-78970880,1.742739
-34549760,1.742739
-74035200,1.742739
-93777920,1.742739
-30539520,4.720232
18420480,3.939962
18420480,3.939962
19094400,4.241327
15575040,1.538462
10782720,1.538462
19169280,1.538462
8386560,1.538462
17971200,1.538462
22763520,1.538462
7413120,4.522144
7712640,8.230022
17192448,8.514250
17821440,8.801265
14536704,6.227106
10063872,6.227106
17891328,6.227106
7827456,6.227106
16773120,6.227106
21245952,6.227106
6918912,9.068708
7198464,12.600021
12719616,9.318521
33945600,4.241327
27688960,1.538462
19169280,1.538462
34078720,1.538462
14909440,1.538462
31948800,1.538462
40468480,1.538462
13178880,4.522144
13711360,8.230022
24227840,4.784446
25159680,4.143264
10142720,9.540636
6520320,9.540636
1448960,9.540636
1539520,14.861774
11546400,12.023834
11546400,12.023834
11455840,11.328371
7244800,9.540636
7244800,9.540636
12895232,4.454856
8289792,0.389105
1842176,0.389105
1957312,6.248569
14679840,7.587875
14679840,7.587875
14564704,6.857345
9210880,0.389105
9210880,0.389105
12616704,6.501096
2803712,6.501096
2978944,12.001031
22342080,9.067732
22342080,9.067732
22166848,8.348900
14018560,6.501096
14018560,6.501096
53600256,0.962861
11911168,0.962861
12655616,6.788575
94917120,6.443348
94917120,6.443348
94172672,5.703769
59555840,0.962861
59555840,0.962861
-51499008,1.503221
-11444224,1.503221
-12159488,7.297149
-91196160,4.925681
-91196160,4.925681
-90480896,4.174106
-57221120,1.503221
-57221120,1.503221
15740928,0.078064
10493952,0.078064
68210688,0.078064
57716736,0.078064
31481856,0.078064
62963712,0.078064
32465664,3.106001
83623680,2.821019
83295744,2.438425
81328128,0.078064
78704640,0.078064
62963712,0.078064
-1089536,3.759398
-7081984,3.759398
-5992448,3.759398
-3268608,3.759398
-6537216,3.759398
-3370752,6.675781
-8682240,6.401298
-8648192,6.032798
-8443904,3.759398
-8171520,3.759398
-6537216,3.759398
-90361856,0.058928
-76460032,0.058928
-41705472,20.172853
-83410944,0.058928
-43008768,22.591860
-110780160,12.267785
-110345728,11.922382
-107739136,9.791472
-104263680,8.104498
-83410944,0.058928
14203904,4.029991
12018688,4.029991
6555648,4.029991
13111296,4.029991
6760512,6.938173
17413440,6.664462
17345152,6.296999
16935424,4.029991
16389120,4.029991
13111296,4.029991
15386624,6.295754
8392704,6.295754
16785408,6.295754
8654976,9.135277
22293120,8.868028
22205696,8.509240
21681152,6.295754
20981760,6.295754
16785408,6.295754
-25231360,0.259740
-25231360,0.259740
-7884800,0.259740
-9461760,22.424242
-17346560,0.259740
-26808320,0.259740
-18135040,3.150762
-24344320,11.700931
-25132800,13.428062
-23950080,10.247448
-20500480,0.259740
-11993088,12.568305
-3747840,12.568305
-4497408,12.568305
-8245248,12.568305
-12742656,12.568305
-8620032,12.568305
-11571456,15.046127
-11946240,14.968392
-11384064,13.647710
-9744384,12.568305
3481600,5.882353
4177920,5.882353
7659520,5.882353
11837440,5.882353
8007680,5.882353
10749440,8.549654
11097600,8.465975
10575360,7.044299
9052160,5.882353
6609920,0.852053
7931904,0.852053
14541824,0.852053
22473728,0.852053
15202816,0.852053
20408128,3.661913
21069120,3.573761
20077632,2.076102
17185792,0.852053
6220800,5.185185
7464960,5.185185
13685760,5.185185
21150720,5.185185
14307840,5.185185
19206720,7.872245
19828800,7.787945
18895680,6.355739
16174080,5.185185
-5124096,7.913669
-14091264,7.913669
-4083264,13.330512
-7526016,13.791519
-6805440,13.330512
-6405120,7.913669
-6405120,7.913669
-32025600,7.913669
-19695744,10.159678
-19695744,10.159678
-20416320,10.441529
-16653312,7.913669
-11529216,7.913669
-7974912,9.604520
-2310912,14.921901
-4259328,15.374444
-3851520,14.921901
-3624960,9.604520
-3624960,9.604520
-18124800,9.604520
-11146752,11.809287
-11146752,11.809287
-11554560,12.085964
-9424896,9.604520
-6524928,9.604520
6955520,17.085020
2015520,21.962372
3714880,22.377466
3359200,21.962372
3161600,17.085020
3161600,17.085020
15808000,17.085020
9721920,19.107338
9721920,19.107338
10077600,19.361118
8220160,17.085020
5690880,17.085020
4246464,7.401546
7826816,7.894091
7077440,7.401546
6661120,1.614143
6661120,1.614143
33305600,1.614143
20482944,4.013798
20482944,4.013798
21232320,4.314931
17318912,1.614143
11990016,1.614143
22586880,5.991159
41630720,11.528717
37644800,5.991159
35430400,0.115607
35430400,0.115607
177152000,19.056648
108948480,10.251422
108948480,10.251422
112934400,12.142355
92119040,0.115607
63774720,0.115607
-6937920,9.317836
-7218240,12.839474
-12754560,9.566963
-13245120,8.957986
-16608960,8.456929
-17730240,8.332160
-17660160,7.968399
-13385280,9.911305
-13315200,9.437154
-15908160,7.719913
-17029440,7.638536
-17660160,7.968399
-14716800,7.374647
-20183040,6.484018
-7848960,6.484018
-31773440,8.420417
-56143360,4.981989
-58302720,4.342137
-73109760,3.815677
-78045440,3.684582
-77736960,3.302378
-58919680,5.343790
-58611200,4.845600
-70024960,3.041293
-74960640,2.955791
-77736960,3.302378
-64780800,2.678522
-88842240,1.742739
-34549760,1.742739
13628160,4.784446
14152320,4.143264
17746560,3.615709
18944640,3.484342
18869760,3.101343
14302080,5.147000
14227200,4.647773
16997760,2.839715
18195840,2.754036
18869760,3.101343
15724800,2.476190
21565440,1.538462
8386560,1.538462
13208832,8.707870
16563456,8.205438
17681664,8.080325
17611776,7.715565
13348608,9.663809
13278720,9.188355
15864576,7.466396
16982784,7.384797
17611776,7.715565
14676480,7.120182
20127744,6.227106
7827456,6.227106
31549440,3.615709
33679360,3.484342
33546240,3.101343
25425920,5.147000
25292800,4.647773
30218240,2.839715
32348160,2.754036
33546240,3.101343
27955200,2.476190
38338560,1.538462
14909440,1.538462
11591680,9.540636
1448960,9.540636
2173440,9.540636
1448960,9.540636
2173440,9.540636
1448960,9.540636
9418240,9.540636
7969280,9.540636
14737408,0.389105
1842176,0.389105
2763264,0.389105
1842176,0.389105
2763264,0.389105
1842176,0.389105
11974144,0.389105
10131968,0.389105
5526528,9.875857
22429696,6.501096
2803712,6.501096
4205568,6.501096
2803712,6.501096
4205568,6.501096
2803712,6.501096
18224128,6.501096
15420416,6.501096
8411136,6.501096
16822272,6.501096
11911168,0.962861
17866752,0.962861
11911168,0.962861
17866752,0.962861
11911168,0.962861
77422592,0.962861
65511424,0.962861
35733504,6.831728
71467008,0.962861
36850176,9.655009
-17166336,1.503221
-11444224,1.503221
-17166336,1.503221
-11444224,1.503221
-74387456,1.503221
-62943232,1.503221
-34332672,3.030303
-68665344,1.503221
-35405568,5.968779
-91196160,4.925681
83951616,0.078064
83951616,0.078064
83951616,0.078064
83951616,0.078064
83951616,0.078064
26234880,0.078064
31481856,0.078064
57716736,0.078064
-8716288,3.759398
-8716288,3.759398
-8716288,3.759398
-8716288,3.759398
-8716288,3.759398
-2723840,3.759398
-3268608,3.759398
-5992448,3.759398
-111214592,0.058928
-111214592,0.058928
-111214592,0.058928
-111214592,0.058928
-34754560,0.058928
-41705472,20.172853
-76460032,0.058928
-118165504,0.058928
17481728,4.029991
17481728,4.029991
17481728,4.029991
5463040,4.029991
6555648,4.029991
12018688,4.029991
18574336,4.029991
12564992,4.029991
22380544,6.295754
22380544,6.295754
6993920,6.295754
8392704,6.295754
15386624,6.295754
23779328,6.295754
16086016,6.295754
21593728,8.951340
-4730880,0.259740
-3153920,0.259740
-3153920,0.259740
-6307840,0.259740
-6307840,0.259740
-17346560,0.259740
-5026560,6.126814
-9264640,12.285162
-8377600,6.126814
-7884800,0.259740
-1499136,12.568305
-1499136,12.568305
-2998272,12.568305
-2998272,12.568305
-8245248,12.568305
-2389248,17.711348
-4403712,18.149052
-3982080,17.711348
-3747840,12.568305
-3747840,12.568305
1392640,5.882353
2785280,5.882353
2785280,5.882353
7659520,5.882353
2219520,11.418685
4090880,11.889862
3699200,11.418685
3481600,5.882353
3481600,5.882353
17408000,5.882353
2643968,0.852053
5287936,0.852053
5287936,0.852053
14541824,0.852053
4213824,6.684285
7766656,7.180645
7023040,6.684285
6609920,0.852053
6609920,0.852053
33049600,0.852053
20325504,3.270295
2488320,5.185185
4976640,5.185185
4976640,5.185185
13685760,5.185185
3965760,10.762527
7309440,11.237194
6609600,10.762527
6220800,5.185185
6220800,5.185185
31104000,5.185185
19128960,7.497741
19128960,7.497741
-5124096,7.913669
-20496384,7.913669
-20496384,7.913669
-8967168,7.913669
-19215360,7.913669
-24339456,7.913669
-7926336,10.704165
-8246592,14.171964
-14571648,10.949482
-15132096,10.349815
-18975168,9.856419
-20256192,9.733557
-20176128,9.375357
-15292224,11.288561
-11599872,9.604520
-11599872,9.604520
-5074944,9.604520
-10874880,9.604520
-13774848,9.604520
-4485888,12.343777
-4667136,15.747902
-8246784,12.584591
-8563968,11.995934
-10738944,11.511598
-11463936,11.390991
-11418624,11.039369
-8654592,12.917442
-8609280,12.459114
10117120,17.085020
4426240,17.085020
9484800,17.085020
12014080,17.085020
3912480,19.597595
4070560,22.720020
7192640,19.818481
7469280,19.278538
9366240,18.834282
9998560,18.723656
9959040,18.401131
7548320,20.123789
7508800,19.703388
8971040,18.180813
21315584,1.614143
9325568,1.614143
19983360,1.614143
25312256,1.614143
8243136,4.595532
8576192,8.300561
15154048,4.857633
15736896,4.216943
19733568,3.689794
21065792,3.558528
20982528,3.175823
15903424,5.219907
15820160,4.721065
18900928,2.914397
20233152,2.828783
113377280,0.115607
49602560,17.027250
106291200,8.007708
134635520,0.115607
43845120,22.274771
45616640,25.293224
80604160,3.408499
83704320,5.263480
104962560,10.214872
112048640,11.447828
111605760,11.096431
84590080,6.255485
84147200,5.762093
100533760,9.779736
107619840,9.143414
111605760,11.096431
-4485120,6.484018
-2242560,6.484018
-7638720,10.773743
-12964800,6.989511
-17309760,9.134269
-17870400,9.051124
-16959360,7.256877
-17870400,9.051124
-17099520,8.017067
-17870400,9.051124
-17870400,9.051124
-16959360,7.256877
-17590080,7.601739
-19742720,1.742739
-9871360,1.742739
-33624320,6.249952
-57068800,2.273859
-76194560,4.527357
-78662400,4.439997
-74652160,2.554782
-78662400,4.439997
-75269120,3.353513
-78662400,4.439997
-78662400,4.439997
-74652160,2.554782
-77428480,2.917128
-78662400,4.439997
2396160,1.538462
8161920,6.055046
13852800,2.070686
18495360,4.328870
19094400,4.241327
18120960,2.352193
19094400,4.241327
18270720,3.152585
19094400,4.241327
19094400,4.241327
18120960,2.352193
18794880,2.715293
19094400,4.241327
17971200,1.538462
2236416,6.227106
7617792,10.528615
12929280,6.733987
17262336,8.884638
17821440,8.801265
16912896,7.002089
17821440,8.801265
17052672,7.764367
17821440,8.801265
17821440,8.801265
16912896,7.002089
17541888,7.347898
17821440,8.801265
16773120,6.227106
17821440,8.801265
4259840,1.538462
14510080,6.055046
24627200,2.070686
32880640,4.328870
33945600,4.241327
32215040,2.352193
33945600,4.241327
32481280,3.152585
33945600,4.241327
33945600,4.241327
32215040,2.352193
33413120,2.715293
33945600,4.241327
31948800,1.538462
33945600,4.241327
33945600,4.241327
4346880,9.540636
8693760,9.540636
4482720,12.281829
11546400,12.023834
11501120,11.677471
11229440,9.540636
10867200,9.540636
8693760,9.540636
11591680,9.540636
11591680,9.540636
11591680,9.540636
11053056,0.389105
5699232,12.606892
14679840,7.587875
14622272,7.224049
14276864,4.979469
13816320,4.183806
11053056,0.389105
14737408,0.389105
14737408,0.389105
14737408,0.389105
14737408,0.389105
8673984,9.334395
22342080,9.067732
22254464,8.709731
21728768,6.501096
21027840,6.501096
16822272,6.501096
22429696,6.501096
22429696,6.501096
22429696,6.501096
22429696,6.501096
94917120,6.443348
94544896,6.075014
92311552,3.802635
89333760,3.310408
71467008,0.962861
95289344,0.962861
95289344,0.962861
95289344,0.962861
-90838528,4.551373
-88692736,2.242132
-85831680,2.114054
-68665344,1.503221
-91553792,1.503221
-91553792,1.503221
89198592,0.078064
60340224,0.078064
81000192,2.909860
83623680,2.821019
79688448,1.311668
68210688,0.078064
15740928,0.078064
10493952,0.078064
10493952,0.078064
20987904,0.078064
-9261056,3.759398
-6264832,3.759398
-8409856,6.486865
-8682240,6.401298
-8273664,4.947554
-7081984,3.759398
-1089536,3.759398
-1089536,3.759398
-2179072,3.759398
-2179072,3.759398
-79935488,2.682483
-107304704,10.708824
-110780160,12.267785
-105566976,9.239011
-90361856,0.058928
-13901824,0.058928
-27803648,0.058928
-27803648,0.058928
16867136,6.749789
17413440,6.664462
16593984,5.214806
14203904,4.029991
2185216,4.029991
4370432,4.029991
4370432,4.029991
12018688,4.029991
22293120,8.868028
21244032,7.452597
18184192,6.295754
2797568,6.295754
5595136,6.295754
5595136,6.295754
15386624,6.295754
-7884800,0.259740
-39424000,21.537663
-24245760,11.341991
-24245760,11.341991
-25132800,13.428062
-20500480,0.259740
-14192640,0.259740
-6307840,0.259740
-25231360,0.259740
-25231360,0.259740
-11038720,19.257885
-23654400,9.125541
-29962240,0.259740
-18739200,12.568305
-11524608,14.700787
-11524608,14.700787
-11946240,14.968392
-9744384,12.568305
-6746112,12.568305
-11993088,12.568305
-11993088,12.568305
-5246976,12.568305
-11243520,12.568305
-14241792,12.568305
-4637952,15.217752
10705920,8.177905
10705920,8.177905
11097600,8.465975
9052160,5.882353
6266880,5.882353
11141120,5.882353
4874240,5.882353
10444800,5.882353
13230080,5.882353
4308480,8.734403
4482560,12.278698
20325504,3.270295
21069120,3.573761
17185792,0.852053
11897856,0.852053
21151744,0.852053
9253888,0.852053
19829760,0.852053
25117696,0.852053
8179776,3.856536
8510272,7.590262
15037568,4.120666
19828800,7.787945
16174080,5.185185
11197440,5.185185
19906560,5.185185
8709120,5.185185
18662400,5.185185
23639040,5.185185
7698240,8.058362
8009280,11.628910
14152320,8.310948
14696640,7.693513
-15212160,10.821658
-18174528,9.130670
-19455552,9.050538
-20176128,9.375357
-16813440,8.790682
-23058432,7.913669
-8967168,7.913669
-5124096,7.913669
-2562048,7.913669
-8726976,12.137813
-14811840,8.411433
-19775808,10.523403
-10285824,10.799174
-11010816,10.720513
-11418624,11.039369
-9515520,10.465429
-13049856,9.604520
-5074944,9.604520
-2899968,9.604520
-1449984,9.604520
-4939008,13.751101
-8382720,10.093144
-11192064,12.166335
-11554560,12.085964
9603360,18.108662
9959040,18.401131
8299200,17.874687
11381760,17.085020
4426240,17.085020
1264640,17.085020
4307680,20.888460
7311200,17.533211
9761440,19.434837
10077600,19.361118
9563840,17.770267
20982528,3.175823
17485440,2.551151
23980032,1.614143
9325568,1.614143
2664448,1.614143
9075776,6.127256
15403840,2.145958
20566208,4.402406
21232320,4.314931
20149888,2.427249
21232320,4.314931
93004800,1.066887
127549440,0.115607
49602560,17.027250
14172160,0.115607
48273920,22.074560
81932800,3.215123
109391360,10.614776
112934400,12.142355
107176960,8.767975
112934400,12.142355
108062720,9.515778
-17870400,9.051124
-16819200,6.484018
-17870400,9.051124
-17870400,9.051124
-15277440,7.341963
-8689920,9.500663
-10091520,6.484018
-2242560,6.484018
-8900160,11.638442
-17870400,9.051124
-16468800,7.677839
-17870400,9.051124
-74035200,1.742739
-78662400,4.439997
-78662400,4.439997
-67248640,2.644181
-38251520,4.912328
-44421120,1.742739
-39176960,7.158493
-78662400,4.439997
-72492800,2.997087
-78662400,4.439997
-78662400,4.439997
19094400,4.241327
19094400,4.241327
16323840,2.441778
9285120,4.714640
10782720,1.538462
9509760,6.965476
19094400,4.241327
17596800,2.795417
19094400,4.241327
19094400,4.241327
18495360,4.328870
17821440,8.801265
15235584,7.087408
8666112,9.252039
10063872,6.227106
8875776,11.395691
17821440,8.801265
16423680,7.424207
17821440,8.801265
17821440,8.801265
17262336,8.884638
16004352,8.274549
29020160,2.441778
16506880,4.714640
19169280,1.538462
16906240,6.965476
33945600,4.241327
31283200,2.795417
33945600,4.241327
33945600,4.241327
32880640,4.328870
30484480,3.688277
28221440,3.396226
11591680,9.540636
11591680,9.540636
3622400,9.540636
4346880,9.540636
7969280,9.540636
12316160,9.540636
8331520,9.540636
11184160,12.104261
11546400,12.023834
11003040,10.657418
9418240,9.540636
14737408,0.389105
4605440,0.389105
5526528,9.875857
10131968,0.389105
15658496,0.389105
10592512,1.626508
14219296,6.899244
14679840,7.587875
13989024,5.366722
11974144,0.389105
7009280,6.501096
8411136,6.501096
15420416,6.501096
23831552,6.501096
16121344,6.501096
21641152,9.150862
22342080,9.067732
21290688,7.655403
18224128,6.501096
29777920,0.962861
35733504,6.831728
65511424,0.962861
101244928,0.962861
68489216,1.728366
91939328,6.050599
94917120,6.443348
90450432,4.504107
77422592,0.962861
-28610560,1.503221
-34332672,3.030303
-62943232,1.503221
-97275904,1.503221
-65804288,1.702406
-88335104,4.888150
-91196160,4.925681
-86904576,3.322522
-74387456,1.503221
20987904,0.078064
57716736,0.078064
16724736,5.955825
30825984,6.456060
27874560,5.955825
26234880,0.078064
26234880,0.078064
131174400,0.078064
80672256,2.515184
80672256,2.515184
83623680,2.821019
68210688,0.078064
47222784,0.078064
-5992448,3.759398
-1736448,9.420610
-3200512,9.902415
-2894080,9.420610
-2723840,3.759398
-2723840,3.759398
-13619200,3.759398
-8375808,6.106730
-8375808,6.106730
-8682240,6.401298
-7081984,3.759398
-4902912,3.759398
-76460032,0.058928
-22156032,5.937814
-40836608,11.573616
-36926720,5.937814
-34754560,0.058928
-34754560,0.058928
-173772800,19.368298
-106870272,10.345852
-106870272,10.345852
-110780160,12.267785
-90361856,0.058928
-62558208,0.058928
3482688,9.675285
6419072,10.155736
5804480,9.675285
5463040,4.029991
5463040,4.029991
27315200,4.029991
16798848,6.370722
16798848,6.370722
17413440,6.664462
14203904,4.029991
9833472,4.029991
4458624,11.807769
8217856,12.276876
7431040,11.807769
6993920,6.295754
6993920,6.295754
34969600,6.295754
21506304,8.581223
21506304,8.581223
22293120,8.868028
18184192,6.295754
12589056,6.295754
-9757440,24.775023
-10151680,27.696381
-17937920,3.547881
-18627840,5.712912
-23358720,11.341991
-24935680,12.743700
-24837120,12.397444
-18824960,6.700211
-18726400,6.209159
-22373120,10.951427
-23950080,10.247448
-24837120,12.397444
-20697600,1.209648
-28385280,0.259740
-11038720,19.257885
-4825344,18.510265
-8526336,15.450670
-8854272,14.881314
-11102976,14.412856
-11852544,14.296206
-11805696,13.956110
-8947968,15.772610
-8901120,15.329308
-10634496,13.723791
-11384064,13.647710
-11805696,13.956110
-9838080,13.400989
-13492224,12.568305
-5246976,12.568305
7920640,8.985133
8225280,8.372237
10314240,7.867958
11010560,7.742385
10967040,7.376284
8312320,9.331691
8268800,8.854489
9879040,7.126199
10575360,7.044299
10967040,7.376284
9139200,6.778712
12533760,5.882353
4874240,5.882353
15615936,3.475014
19581888,2.943782
20903872,2.811498
20821248,2.425830
15781184,4.485747
15698560,3.983041
18755648,2.162378
20077632,2.076102
20821248,2.425830
17351040,1.796319
23795712,0.852053
9253888,0.852053
18429120,7.185498
19673280,7.058996
19595520,6.690183
14852160,8.660073
14774400,8.179338
17651520,6.438244
18895680,6.355739
19595520,6.690183
16329600,6.088183
22394880,5.185185
8709120,5.185185
-20416320,10.441529
-19375488,8.674713
-20416320,10.441529
-19535616,9.423282
-20416320,10.441529
-20416320,10.441529
-19375488,8.674713
-20096064,9.014302
-20416320,10.441529
-19215360,7.913669
-20416320,10.441529
-20416320,10.441529
-17453952,8.758498
-9927936,10.884195
-11529216,7.913669
-10965504,10.351590
-11554560,12.085964
-11056128,11.086413
-11554560,12.085964
-11554560,12.085964
-10965504,10.351590
-11373312,10.684944
-11554560,12.085964
-10874880,9.604520
-11554560,12.085964
-11554560,12.085964
-9878016,10.433836
-5618688,12.520502
-6524928,9.604520
10077600,19.361118
9642880,18.444283
10077600,19.361118
10077600,19.361118
9563840,17.770267
9919520,18.076035
10077600,19.361118
9484800,17.085020
10077600,19.361118
10077600,19.361118
8615360,17.845709
4900480,19.759697
5690880,17.085020
20316416,3.227026
21232320,4.314931
21232320,4.314931
20149888,2.427249
20899264,2.790070
21232320,4.314931
19983360,1.614143
21232320,4.314931
21232320,4.314931
18151552,2.516766
10324736,4.787880
11990016,1.614143
112934400,12.142355
112934400,12.142355
107176960,8.767975
111162880,10.742233
112934400,12.142355
106291200,8.007708
112934400,12.142355
112934400,12.142355
96547840,3.204115
54917120,22.431475
63774720,0.115607
-17870400,9.051124
-17309760,9.134269
-16048320,8.525852
-14856960,8.248470
-16959360,7.256877
-17520000,7.232146
-17870400,9.051124
-17870400,9.051124
-17379840,6.484018
-17870400,9.051124
-17730240,8.332160
-17449920,6.859584
-17870400,9.051124
-17029440,7.638536
-11913600,7.584206
-13455360,6.484018
-76194560,4.527357
-70641920,3.888094
-65397760,3.596649
-74652160,2.554782
-77120000,2.528797
-78662400,4.439997
-78662400,4.439997
-76503040,1.742739
-78662400,4.439997
-78045440,3.684582
-76811520,2.137346
-78662400,4.439997
-74960640,2.955791
-52441600,2.898706
-59228160,1.742739
17147520,3.688277
15874560,3.396226
18120960,2.352193
18720000,2.326154
19094400,4.241327
19094400,4.241327
18570240,1.538462
19094400,4.241327
18944640,3.484342
18645120,1.933890
19094400,4.241327
18195840,2.754036
12729600,2.696833
14376960,1.538462
14816256,7.996407
16912896,7.002089
17472000,6.977289
17821440,8.801265
17821440,8.801265
17332224,6.227106
17821440,8.801265
17681664,8.080325
17402112,6.603704
17821440,8.801265
16982784,7.384797
11880960,7.330317
13418496,6.227106
32215040,2.352193
33280000,2.326154
33945600,4.241327
33945600,4.241327
33013760,1.538462
33945600,4.241327
33679360,3.484342
33146880,1.933890
33945600,4.241327
32348160,2.754036
22630400,2.696833
25559040,1.538462
2173440,9.540636
1448960,9.540636
1448960,9.540636
2897920,9.540636
2897920,9.540636
7969280,9.540636
2309280,14.861774
4256320,15.314638
3848800,14.861774
3622400,9.540636
1842176,0.389105
1842176,0.389105
3684352,0.389105
3684352,0.389105
10131968,0.389105
2935968,6.248569
5411392,9.169396
4893280,6.248569
4605440,0.389105
4605440,0.389105
2803712,6.501096
5607424,6.501096
5607424,6.501096
15420416,6.501096
4468416,12.001031
8235904,12.469110
7447360,12.001031
7009280,6.501096
7009280,6.501096
35046400,6.501096
11911168,0.962861
23822336,0.962861
23822336,0.962861
65511424,0.962861
18983424,6.788575
34989056,8.782815
31639040,6.788575
29777920,0.962861
29777920,0.962861
148889600,6.596973
91567104,5.668691
-11444224,1.503221
-22888448,1.503221
-22888448,1.503221
-62943232,1.503221
-18239232,7.297149
-33617408,8.180143
-30398720,7.297149
-28610560,1.503221
-28610560,1.503221
-143052800,2.969220
-87977472,4.501516
-87977472,4.501516
20987904,0.078064
83951616,0.078064
83951616,0.078064
36728832,0.078064
78704640,0.078064
99692544,0.078064
32465664,3.106001
33777408,6.868875
59684352,3.372194
61979904,2.721502
77720832,2.186122
82967808,2.052806
82639872,1.664127
62635776,3.740124
-8716288,3.759398
-8716288,3.759398
-3813376,3.759398
-8171520,3.759398
-10350592,3.759398
-3370752,6.675781
-3506944,10.300021
-6196736,6.932166
-6435072,6.305447
-8069376,5.789791
-8614144,5.661386
-8580096,5.287027
-6503168,7.286541
-6469120,6.798575
-111214592,0.058928
-48656384,17.299437
-104263680,8.104498
-132067328,0.058928
-43008768,22.591860
-44746496,25.597998
-79066624,3.353688
-82107648,5.257020
-102960384,10.314802
-109911296,11.574249
-109476864,11.223354
-82976512,6.249094
-82542080,5.755668
-98616064,9.886065
17481728,4.029991
7648256,4.029991
16389120,4.029991
20759552,4.029991
6760512,6.938173
7033664,10.552224
12428416,7.193837
12906432,6.568880
16184256,6.054675
17276864,5.926631
17208576,5.553324
13043008,7.547216
12974720,7.060622
15501376,5.298317
16593984,5.214806
22380544,6.295754
9791488,6.295754
20981760,6.295754
26576896,6.295754
8654976,9.135277
9004672,12.664003
15911168,9.384905
16523136,8.774702
20719488,8.272636
22118272,8.147616
22030848,7.783123
16697984,9.729941
16610560,9.254835
19845248,7.534136
21244032,7.452597
22030848,7.783123
-6307840,0.259740
-3153920,0.259740
-10743040,24.356010
-18233600,3.674272
-24344320,11.700931
-25132800,13.428062
-23851520,9.876570
-25132800,13.428062
-24048640,10.615286
-25132800,13.428062
-25132800,13.428062
-23851520,9.876570
-24738560,12.048430
-2998272,12.568305
-1499136,12.568305
-5106432,16.578934
-8666880,13.040909
-11571456,15.046127
-11946240,14.968392
-11337216,13.290882
-11946240,14.968392
-11430912,14.001613
-11946240,14.968392
-11946240,14.968392
-11337216,13.290882
-11758848,13.613306
-11946240,14.968392
1392640,5.882353
4743680,10.199677
8051200,6.391097
10749440,8.549654
11097600,8.465975
10531840,6.660185
11097600,8.465975
10618880,7.425265
11097600,8.465975
11097600,8.465975
10531840,6.660185
10923520,7.007265
11097600,8.465975
10444800,5.882353
2643968,0.852053
9006016,5.400124
15285440,1.387988
20408128,3.661913
21069120,3.573761
19995008,1.671457
21069120,3.573761
20160256,2.477429
21069120,3.573761
21069120,3.573761
19995008,1.671457
20738624,2.037088
21069120,3.573761
19829760,0.852053
21069120,3.573761
2488320,5.185185
8475840,9.534489
14385600,5.697698
19206720,7.872245
19828800,7.787945
18817920,5.968779
19828800,7.787945
18973440,6.739526
19828800,7.787945
19828800,7.787945
18817920,5.968779
19517760,6.318430
19828800,7.787945
18662400,5.185185
19828800,7.787945
19828800,7.787945
-2562048,7.913669
-10168128,12.989293
-20416320,10.441529
-18815040,9.089239
-20416320,10.441529
-20416320,10.441529
-19775808,10.523403
-18334656,9.924288
-16973568,9.651147
-19375488,8.674713
-20016000,8.650359
-20416320,10.441529
-20416320,10.441529
-5754624,14.586947
-11554560,12.085964
-10648320,10.758504
-11554560,12.085964
-11554560,12.085964
-11192064,12.166335
-10376448,11.578220
-9606144,11.310095
-10965504,10.351590
-11328000,10.327683
-11554560,12.085964
-11554560,12.085964
-11237376,9.604520
5019040,21.655138
10077600,19.361118
9287200,18.143509
10077600,19.361118
10077600,19.361118
9761440,19.434837
9050080,18.895391
8378240,18.649454
9563840,17.770267
9880000,17.748339
10077600,19.361118
10077600,19.361118
9800960,17.085020
10077600,19.361118
10574528,7.036985
21232320,4.314931
19567040,2.870133
21232320,4.314931
21232320,4.314931
20566208,4.402406
19067456,3.762306
17651968,3.470480
20149888,2.427249
20816000,2.401230
21232320,4.314931
21232320,4.314931
20649472,1.614143
21232320,4.314931
21065792,3.558528
56245760,24.263802
112934400,12.142355
104076800,9.450744
112934400,12.142355
112934400,12.142355
109391360,10.614776
101419520,10.567686
93890560,2.000218
107176960,8.767975
110720000,10.385202
112934400,12.142355
112934400,12.142355
109834240,9.662502
112934400,12.142355
112048640,11.447828
110277120,10.025304
-12334080,6.484018
-10091520,6.484018
-17730240,8.332160
-17870400,9.051124
-17870400,9.051124
-16328640,6.885375
-14156160,7.409919
-5956800,11.984959
-3714240,15.306280
-13735680,8.392508
-16679040,8.841564
-17870400,9.051124
-15908160,7.719913
-54292480,1.742739
-44421120,1.742739
-78045440,3.684582
-78662400,4.439997
-78662400,4.439997
-71875840,2.164443
-62312960,2.715583
-26220800,7.522578
-16349440,11.012292
-60462080,3.747989
-73418240,4.219812
-78662400,4.439997
-70024960,3.041293
-73418240,4.219812
10782720,1.538462
18944640,3.484342
19094400,4.241327
19094400,4.241327
17447040,1.961043
15125760,2.513328
6364800,7.330317
3968640,10.827286
14676480,3.547881
17821440,4.020685
19094400,4.241327
16997760,2.839715
17821440,4.020685
10632960,5.698808
10063872,6.227106
17681664,8.080325
17821440,8.801265
17821440,8.801265
16283904,6.629565
14117376,7.155551
5940480,11.743159
3704064,15.073606
13698048,8.140839
16633344,8.591129
17821440,8.801265
15864576,7.466396
16633344,8.591129
9924096,10.189341
7617792,10.528615
33679360,3.484342
33945600,4.241327
33945600,4.241327
31016960,1.961043
26890240,2.513328
11315200,7.330317
7055360,10.827286
26091520,3.547881
31682560,4.020685
33945600,4.241327
30218240,2.839715
