-101908480,65.016083
-19107840,89.024651
-25477120,34.147911
-12738560,100.000000
19054592,11.951849
3572736,88.993980
4763648,0.945830
2381824,88.993980
13100032,96.998360
-100204544,-21.386526
-18788352,90.930893
-25051136,1.635056
-12525568,89.535645
-68890624,-4.453297
-13565952,7.246377
-2543616,27.858294
-3391488,7.246377
-1695744,7.246377
-9326592,12.867808
-87490560,4.119850
-16404480,97.602997
-21872640,1.722846
-10936320,97.602997
-60149760,-12.223357
-76554240,-33.889778
19673088,78.679993
11475968,40.608551
26230784,-123.860085
16394240,68.019989
11765760,50.983463
6863360,52.256618
15687680,59.895561
9804800,38.506527
21651456,73.363602
12630016,47.073132
28868608,-74.347336
11653120,100.000000
2330624,100.000000
8681472,33.569237
5064192,50.823982
11575296,81.882515
7234560,23.906582
1446912,9.412597
1446912,9.412597
8331264,30.776796
4859904,48.756847
11108352,81.120941
6942720,20.707966
1388544,5.604720
1388544,5.604720
11108352,81.120941
-9834496,38.692211
-11239424,81.341103
-11239424,81.341103
-11239424,81.341103
-4723712,47.279427
-5398528,2.883156
-5398528,2.883156
-5398528,2.883156
5655552,30.472570
6463488,2.661597
6463488,2.661597
6463488,2.661597
15350784,6.076980
5594624,29.715384
6393856,1.601537
6393856,1.601537
6393856,1.601537
15185408,5.054115
4781056,47.911758
5464064,4.047976
5464064,4.047976
5464064,4.047976
12977152,68.689339
-22937600,8.571429
-22937600,8.571429
-17645568,4.921077
-17645568,4.921077
20955136,19.937450
20955136,19.937450
23658496,11.357341
23658496,11.357341
-70713344,2.131603
-70713344,2.131603
-48615424,-41.005981
21059584,80.083633
24299520,76.266327
16199680,67.635902
42119168,-51.862301
3442432,69.539673
27539456,-118.933594
7796096,36.112434
-89190400,0.656716
-102912000,13.902487
-68608000,-77.289551
-178380800,74.135475
-14579200,100.000000
-116633600,61.791046
-33017600,19.810816
-77612800,-14.162448
14203904,100.000000
16389120,93.602005
10926080,100.000000
28407808,40.941532
2321792,100.000000
18574336,4.029991
5258176,10.261809
12360128,100.000000
12155264,100.000000
22444032,80.728165
25896960,82.285484
17264640,68.113884
44888064,-24.390911
3668736,64.273254
29349888,-84.439323
8308608,45.574711
19530624,73.826706
19206912,73.385582
3776640,65.294014
-48082944,21.492460
-55480320,31.015133
-36986880,-10.564784
-96165888,-36.297810
-7859712,59.976547
-62877696,54.139793
-17799936,66.127335
-41841408,6.022283
-41147904,4.438389
-8090880,61.120075
-14794752,64.562569
-90112000,18.836365
-114688000,5.371428
-131072000,49.599998
-155648000,78.610527
-14601216,58.706783
-16687104,62.297501
-19815936,62.297501
14737408,92.884933
16842752,0.389105
20000768,16.117140
12632064,100.000000
22822912,77.027992
26083328,-125.125626
30973952,-94.657501
19562496,78.559464
-12263424,82.899132
-14562816,72.098579
-9197568,37.296818
-2940928,73.259056
-2940928,73.259056
-23527424,10.863510
-4411392,85.143921
-4411392,85.143921
-2293760,100.000000
-2293760,100.000000
-18350080,8.571429
-3440640,100.000000
-3440640,100.000000
-8028160,47.755100
2330624,100.000000
18644992,10.017574
3495936,100.000000
3495936,100.000000
8157184,48.581470
9322496,100.000000
11575296,81.882515
2170368,9.412597
2170368,9.412597
5064192,50.823982
5787648,9.412597
2082816,5.604720
2082816,5.604720
4859904,48.756847
5554176,5.604720
5554176,5.604720
-26693632,18.490103
-22478848,6.705540
-29503488,24.475912
-5619712,6.705540
-12821504,68.309242
-10797056,80.576630
-14171136,84.276321
-2699264,2.883156
12926976,2.661597
16966656,15.022029
3231744,2.661597
12787712,1.601537
16783872,14.096581
3196928,1.601537
12787712,1.601537
10928128,80.809593
14343168,84.464905
2732032,4.047976
10928128,80.809593
-15769600,81.714287
-14336000,81.714287
-4300800,81.714287
-12131328,100.000000
-11028480,100.000000
-3308544,100.000000
-14337024,100.000000
14406656,97.270599
13096960,89.992180
3929088,89.992180
17026048,96.150841
16265216,95.970787
14786560,87.590027
4435968,85.226227
19222528,95.226929
22179840,97.045242
-44195840,-130.732147
-13258752,97.034294
-57454592,-19.769018
-66293760,-4.195242
-44195840,-130.732147
18325888,68.529938
18022144,67.999550
3543680,70.409973
6479872,2.907712
-76326400,-16.086535
-15008000,100.000000
-27443200,38.865669
2390080,100.000000
4370432,4.029991
6905856,1.304864
16185600,70.037170
-34675200,-13.399778
-58716672,32.585171
-98304000,-7.733333
-57344000,56.571430
-131072000,49.599998
-81920000,-31.840000
-16384000,80.800003
-16384000,80.800003
-131072000,49.599998
-24576000,84.000000
-24576000,84.000000
-12515328,53.919159
-7300608,55.116070
-16687104,62.297501
-10429440,42.189495
-2085888,12.027492
-2085888,12.027492
-16687104,62.297501
-3128832,62.297501
-3128832,62.297501
7368704,43.079491
16842752,0.389105
10526720,100.000000
2105344,100.000000
2105344,100.000000
16842752,0.389105
3158016,100.000000
3158016,100.000000
11411456,40.272793
26083328,-125.125626
16302080,67.839195
3260416,67.839195
3260416,67.839195
26083328,-125.125626
4890624,67.839195
4890624,67.839195
-5365248,53.583359
-12263424,82.899132
-7664640,28.176352
-1532928,14.495657
-1532928,14.495657
-12263424,82.899132
-2299392,14.495657
-2299392,14.495657
-10293248,42.697968
-11763712,91.086349
-11763712,91.086349
-11763712,91.086349
-27938816,15.085764
-23527424,10.863510
-30879744,18.928240
-5881856,1.949861
-9175040,100.000000
-9175040,100.000000
-9175040,100.000000
-21790720,23.007519
-18350080,8.571429
-24084480,30.340136
-4587520,8.571429
9322496,100.000000
9322496,100.000000
22140928,24.225327
18644992,10.017574
24471552,31.441963
4661248,10.017574
5787648,9.412597
5787648,9.412597
13745664,70.439896
11575296,81.882515
15192576,85.333466
2893824,9.412597
5554176,5.604720
13191168,69.197327
11108352,81.120941
14579712,84.716949
2777088,5.604720
-22478848,6.705540
-22478848,6.705540
-15454208,81.341103
-14049280,81.341103
-4214784,81.341103
-10797056,80.576630
-10797056,80.576630
-7422976,17.009243
-6748160,18.421850
-2024448,2.883156
12926976,2.661597
12926976,2.661597
8887296,8.560894
8079360,2.661597
2423808,24.292353
12787712,1.601537
8791552,7.565080
7992320,1.601537
2397696,23.467863
10928128,80.809593
7513088,18.004633
6830080,19.400301
2049024,89.180054
7121920,33.745506
8217600,29.819315
5478400,4.299066
14243840,4.299066
1164160,9.928532
9313280,4.299066
2636480,90.057045
6197440,6.942738
6094720,5.374357
1198400,12.502003
2191360,4.299066
8486400,32.042233
5657600,7.330317
14709760,7.330317
1202240,12.781474
9617920,7.330317
2722720,90.371979
6400160,9.890253
6294080,8.371549
1237600,15.273433
2263040,7.330317
61163520,34.639210
40775680,-0.934204
106016768,-15.968010
8664832,60.670071
69318656,66.909912
19623296,70.944580
46127488,12.197152
45362944,10.717329
8919680,61.793785
16310272,64.640884
-28958720,-90.099014
-75292672,-51.104343
-6153728,91.480156
-49229824,0.424328
-13936384,97.178497
6458080,10.698412
6351040,9.193329
1248800,16.033312
2283520,8.161435
25146368,67.683350
2055232,10.715286
16441856,56.154831
4654496,78.879776
10941088,50.882839
10759744,50.055019
2115680,13.266279
3868672,5.134992
5203200,9.313653
8810752,31.568701
8672000,30.473801
8706688,30.750795
8429184,31.580946
8741376,31.025597
8741376,31.025597
8845440,31.837059
1560960,16.031160
3330048,37.023373
2775040,5.535055
4995072,5.535055
47232000,-57.068836
79979520,-4.392805
78720000,-6.063089
79034880,-5.640527
76515840,1.673525
79349760,-5.221319
79349760,-5.221319
80294400,-3.983421
14169600,12.122854
30228480,32.357723
25190400,17.788618
45342720,-63.613365
5280000,10.632728
8940800,32.564064
8800000,31.485090
8835200,31.758059
8553600,32.576134
8870400,32.028858
8870400,32.028858
8976000,32.828522
1584000,17.252525
3379200,37.939392
2816000,6.909091
5068800,6.909091
17946624,94.157257
17664000,94.063774
17734656,94.087418
17169408,93.892761
17805312,94.110886
17805312,94.110886
18017280,94.180168
3179520,83.510468
6782976,38.164253
5652480,25.797102
10174464,100.000000
13648000,56.783115
13702592,56.955296
13265856,38.741501
13757184,57.126110
13757184,57.126110
13920960,57.630508
2456640,19.968739
5240832,29.972645
4367360,9.964829
7861248,9.964829
-57458688,56.658112
-65667072,-61.277443
-65667072,-61.277443
-65667072,-61.277443
-7992320,47.520821
-9134080,100.000000
-9134080,100.000000
-9134080,100.000000
5981696,34.263458
6836224,7.968844
6836224,7.968844
6836224,7.968844
16236032,11.198008
27138048,71.504036
31014912,-25.092447
31014912,-25.092447
31014912,-25.092447
73660416,-16.551283
32772096,43.607052
37453824,-171.566055
37453824,-171.566055
37453824,-171.566055
88952832,92.779854
-19595264,14.381271
-19595264,14.381271
124256256,54.430378
124256256,54.430378
-13336576,5.651105
-13336576,5.651105
-86310912,2.809415
-86310912,2.809415
-8937472,6.141155
-8937472,6.141155
-6144512,6.141155
11401728,28.726032
13155840,38.229225
8770560,10.332749
22803456,28.726032
1863744,15.607294
-23883776,6.705540
-6761216,12.763621
-8772608,38.741684
-10122240,44.319679
-6748160,18.421850
-17545216,56.670944
-1433984,8.595912
-11471872,76.006424
-3247552,73.765839
-7633856,19.301805
10503168,22.628448
12119040,32.944656
8079360,2.661597
21006336,22.628448
1716864,8.387385
13734912,2.661597
3888192,62.918705
9139776,11.086837
8988288,9.588300
10390016,21.785837
11988480,32.214390
7992320,1.601537
20780032,21.785837
1698368,7.389683
13586944,1.601537
3846304,62.514870
9041312,10.118531
8891456,8.603675
1748320,10.035691
8879104,39.476414
10245120,44.987507
6830080,19.400301
17758208,57.190632
1451392,9.692213
11611136,76.294205
3286976,74.080490
-9400416,13.552082
-9244608,12.095094
-1817760,13.472405
-3323904,5.360444
-30777600,-16.262009
-52116736,34.736542
-51296000,33.692326
-51501184,33.956501
-49859712,26.656038
-51706368,34.218578
-45772800,-59.498882
-77508608,-2.393912
-76288000,-4.032215
-76593152,-3.617744
-74151936,1.897423
-76898304,-3.206562
-76898304,-3.206562
9945600,100.000000
16841216,93.773750
16576000,93.674126
16642304,93.699333
16111872,93.491905
16708608,93.724335
16708608,93.724335
16907520,93.798164
5352000,11.834977
9062720,33.471275
8920000,32.406815
8955680,32.676113
8670240,33.483181
8991360,32.943268
8991360,32.943268
9098400,33.732174
1605600,18.365721
9067200,32.058586
15353792,89.329025
15112000,89.158287
15172448,89.201477
14688864,63.414787
15232896,89.244331
15232896,89.244331
15414240,89.370865
2720160,34.949707
5803008,32.239281
3885056,32.525040
2497536,89.503899
7111040,37.330574
8845440,31.837059
8255744,33.318863
8429184,31.580946
8845440,31.837059
8810752,31.568701
35266560,41.277584
22671360,-26.612467
64550400,-80.920883
80294400,-3.983421
74941440,-56.534809
76515840,1.673525
80294400,-3.983421
79979520,-4.392805
79034880,-5.640527
6945792,52.823235
4465152,77.984177
12713280,84.019730
15814080,89.639610
14759808,88.011551
15069888,64.339798
15814080,89.639610
15752064,89.598824
15566016,89.474503
15379968,89.347183
-38821888,41.253429
14484480,96.380348
18017280,94.180168
16816128,93.764458
17169408,93.892761
18017280,94.180168
17946624,94.157257
17734656,94.087418
17522688,94.015900
14201856,96.308311
6114304,35.689163
3930624,63.319004
11191360,49.638863
13920960,57.630508
12992896,52.586521
13265856,38.741501
13920960,57.630508
13866368,57.463699
13702592,56.955296
13538816,56.434597
10972992,48.636654
10809216,32.094688
-155959296,78.653221
-131334144,49.700600
-172376064,3.127079
-32833536,32.934132
-21693440,22.662262
-18268160,8.161435
-23976960,30.027760
-4567040,8.161435
13672448,7.968844
17945088,19.655340
3418112,7.968844
62029824,13.787640
81414144,77.943802
15507456,62.810356
62029824,13.787640
74907648,2.012249
98316288,-113.173355
18726912,2.012249
74907648,2.012249
-13471744,97.081177
-12247040,89.297661
-3674112,89.297661
85426176,18.220177
77660160,-34.683544
23298048,83.684952
100958208,30.542030
-9168896,11.369220
-8335360,5.651105
-2500608,26.617527
-10835968,25.004725
-59338752,-13.757162
-53944320,-89.035690
-16183296,97.570236
-70127616,3.370131
-80916480,15.930144
-5585920,6.141155
-1675776,6.141155
-7261696,35.020798
-8378880,31.170181
-5585920,6.141155
9921696,18.094004
9757248,16.713566
1918560,18.018515
3508224,10.332749
-9193344,11.604918
-1807680,12.989910
-3305472,4.832714
-5017600,94.775513
-9175040,94.285713
-29081600,36.901409
-8784000,29.868122
-7790400,9.146026
-13191744,55.288399
-51706368,34.218578
-52321920,34.992477
-9233280,56.703400
-19697664,64.067375
-16414720,51.291328
-29546496,-21.106260
-77813760,-1.992367
-13731840,15.525727
-29294592,32.885906
-24412160,22.147652
-43941888,-66.144669
-34177024,43.624161
2983680,82.428139
6365184,34.105534
5304320,20.926641
9547776,100.000000
7426048,43.519028
4773888,1.158301
3425280,38.774292
2854400,8.161435
5137920,8.161435
3996160,34.401028
2568960,89.795715
7314400,39.072952
4835840,26.818422
8704512,29.227692
6770176,51.599483
4352256,77.413094
12391840,83.605209
15414240,89.370865
8706688,30.750795
8602624,29.913107
6972288,36.083420
6868224,38.931755
1977216,7.192335
10545152,5.535055
78090240,-6.918437
63290880,-84.521294
62346240,-73.231499
17948160,32.083870
95723520,84.937958
12465216,83.701721
12279168,53.032909
3534912,68.482605
18852864,60.371517
13519488,85.942192
-68631552,-51.255543
-19757568,44.937675
-105373696,79.351631
-75564032,-5.289120
-88389120,10.581284
-3708192,69.955383
-19777024,62.223316
-14182208,86.599091
-16589280,90.123741
-15678496,65.724060
-36896768,3.374778
-36896768,3.374778
-25366528,-112.368797
-23060480,-123.943161
-6918144,64.002373
20332544,17.485899
20332544,17.485899
13978624,97.187019
12707840,89.685738
3812352,89.685738
30736384,-104.690826
30736384,-104.690826
21131264,61.542934
19210240,61.791046
5763072,68.159203
44531712,19.941133
30615552,-91.370659
27832320,-100.618103
8349696,63.895023
-10715136,80.428139
-7366656,16.374756
-6696960,17.798164
-2009088,2.140673
16293888,95.977875
18800640,95.119827
12533760,89.542480
32587776,44.494720
2663424,90.157631
21307392,5.882353
6031872,29.377811
14178816,97.226738
13943808,97.180000
2741760,90.438843
5013504,5.882353
38584320,-40.297241
25722880,-102.802551
66879488,-56.393929
5466112,85.612587
43728896,12.776321
12379136,85.706017
29099008,-84.227753
28616704,-87.332710
5626880,86.023659
10289152,84.713379
20336640,80.664650
13557760,80.664650
35250176,44.968624
2881024,81.802025
23048192,3.323263
6524672,9.600973
15337216,81.198776
15083008,80.881905
2965760,82.321968
5423104,3.323263
-9256960,34.867256
-24068096,66.235535
-1967104,6.715252
-15736832,54.190529
-4454912,77.933571
-10471936,48.682343
-10298368,47.817440
-2024960,9.380531
-3702784,0.884956
-44275712,-44.465515
-3618688,71.023308
-28949504,-108.269951
-8195264,39.224216
-19264192,70.062759
-18944896,69.558197
-3725120,71.851219
-6811648,7.636801
17836800,60.318626
30203648,82.207611
29728000,81.922928
29846912,81.994949
28895616,71.876488
29965824,82.066399
29965824,82.066399
30322560,82.277382
5351040,73.055855
11415552,31.108719
9512960,20.086115
17123328,58.665234
18825600,72.846512
31878016,96.505074
31376000,96.449158
31501504,96.463303
30497472,85.817268
31627008,96.477341
31627008,96.477341
32003520,96.518784
5647680,68.669044
12048384,32.551418
10040320,22.978071
18072576,71.715111
-5232000,9.812843
-8859520,31.945387
-8720000,30.856514
-8754880,31.131987
-8475840,31.957563
-8789760,31.405270
-8789760,31.405270
-8894400,32.212269
-1569600,16.493374
-3348480,37.370029
-2790400,6.055046
-5022720,6.055046
-14874240,88.984985
-14640000,88.808746
-14698560,88.853333
-14230080,62.235268
-14757120,88.897560
-14757120,88.897560
-14932800,89.028183
-2635200,32.852459
-5621760,30.054644
-4684800,24.459017
-8432640,26.945963
-12984000,54.573013
-13035936,54.753994
-12620448,35.608749
50029056,30.834177
50624640,31.647894
8933760,58.919693
19058688,66.989044
15882240,53.784657
28588032,-21.040190
6766592,51.573849
4349952,77.401131
12385280,83.596527
15406080,89.365234
14379008,87.694061
14681088,63.395412
15406080,89.365234
15345664,89.323364
15164416,89.195755
14983168,89.065063
12143616,83.270088
11962368,51.789074
3443712,67.647934
18366464,59.322037
5170176,8.734403
14720640,96.438416
18311040,94.273529
17090304,93.864502
17449344,93.990746
18311040,94.273529
18239232,94.250992
18023808,94.182274
17808384,94.111893
14433408,96.367538
14217984,100.000000
4093056,87.190796
21829632,23.144760
-7727680,42.331360
-9612480,37.276207
15780352,93.355179
16111872,93.491905
16907520,93.798164
16841216,93.773750
16642304,93.699333
16443392,93.623116
13327104,96.066002
13128192,100.000000
3779328,86.127480
20156416,16.764885
9098400,33.732174
8491840,35.172779
8670240,33.483181
9098400,33.732174
9062720,33.471275
8955680,32.676113
8848640,31.861710
7171680,37.860474
7064640,40.629612
2033760,9.772638
10846720,8.161435
14386624,87.700577
14688864,63.414787
15414240,89.370865
15353792,89.329025
15172448,89.201477
14991104,89.070854
12150048,83.278946
11968704,51.814598
3445536,67.665062
18376192,59.343571
7561984,34.134533
8845440,31.837059
8359808,31.013151
8845440,31.837059
8637312,30.194578
8672000,30.473801
8706688,30.750795
8672000,30.473801
8845440,31.837059
8845440,31.837059
8394496,31.298223
7770112,32.525040
1699712,7.462911
6660096,37.023373
68643840,-21.631983
80294400,-3.983421
75886080,0.857538
80294400,-3.983421
78405120,-6.489046
78720000,-6.063089
79034880,-5.640527
78720000,-6.063089
80294400,-3.983421
80294400,-3.983421
76200960,1.267218
70533120,-53.867596
15429120,88.106850
60456960,-78.644981
15814080,89.639610
14945856,64.043869
15814080,89.639610
15441984,89.389961
15504000,89.432404
15566016,89.474503
15504000,89.432404
15814080,89.639610
15814080,89.639610
15007872,64.192444
13891584,56.597374
3038784,61.180264
11907072,51.565189
18017280,94.180168
17593344,94.039932
17664000,94.063774
17734656,94.087418
17664000,94.063774
18017280,94.180168
18017280,94.180168
17098752,93.867531
15826944,93.374741
3462144,100.000000
13565952,100.000000
13920960,57.630508
13593408,56.609558
13648000,56.783115
13702592,56.955296
13648000,56.783115
13920960,57.630508
13920960,57.630508
13211264,38.488369
12228608,35.689163
2675008,31.401773
10481664,29.972645
-106708992,31.951481
-123125760,40.598804
-82083840,-31.576845
-213417984,70.029175
-17442816,81.965485
-139542528,76.141830
-39502848,23.353294
-14842880,100.000000
-17126400,93.877426
-11417600,100.000000
-29685760,43.483959
-2426240,100.000000
-19409920,8.161435
-5494720,14.124977
-12916160,100.000000
11108864,26.847029
12817920,36.600761
8545280,7.968844
22217728,26.847029
1815872,13.382441
14526976,7.968844
4112416,64.940514
9666848,15.934709
9506624,14.517877
50399232,20.679426
58152960,30.804720
38768640,-6.159535
100798464,-21.971638
8238336,58.633976
65906688,71.958611
18657408,70.142906
43857024,7.053904
43130112,5.487396
8480640,59.815865
60862464,-13.493505
70225920,2.012249
46817280,-118.932632
121724928,96.769638
9948672,92.095108
79589376,7.282178
22530816,-24.202656
52962048,-28.938580
52084224,-31.111702
10241280,92.320961
18726912,2.012249
-11481600,98.858414
-19442176,92.247124
-19136000,92.123077
-19212544,92.154465
-18600192,95.067230
-19289088,92.185593
72806400,4.405064
123285504,36.795242
121344000,35.783966
121829376,36.039810
117946368,40.768520
122314752,36.293617
122314752,36.293617
-7814400,9.425061
-13232384,55.425720
-13024000,54.712528
-13076096,54.892956
-12659328,35.806511
-13128192,55.071957
-13128192,55.071957
-13284480,55.600517
-50572800,-32.956718
-85636608,7.630681
-84288000,6.152771
-84625152,6.526665
-81927936,16.968042
-84962304,6.897591
-84962304,6.897591
-85973760,7.992913
-15171840,25.271240
-5236800,9.895509
-8867648,32.007767
-8728000,30.919889
-8762912,31.195110
-8483616,32.019932
-8797824,31.468143
-8797824,31.468143
-8902560,32.274403
-1571040,16.569916
-3351552,37.427437
6139392,35.951962
3946752,63.468899
11237280,49.844662
13978080,57.803650
13046208,52.780270
13320288,38.991829
13978080,57.803650
13923264,57.637520
-5784576,32.023369
-3718656,61.228146
-10587840,46.768219
-13170240,55.215393
-12292224,49.883892
-12550464,35.249691
-13170240,55.215393
-13118592,55.039078
-12963648,54.501694
-16056320,81.224487
-10321920,84.126984
-29388800,-73.268295
-36556800,-40.369751
-34119680,-50.012005
-34836480,-56.143444
-36556800,-40.369751
-36413440,-40.922386
-35983360,-42.606716
-35553280,-44.331799
-50892800,60.595573
-32716800,16.870110
-93152000,-36.134659
-115872000,18.046064
-108147200,-17.016451
-110419200,17.263317
-115872000,18.046064
-115417600,17.723412
-114054400,16.740026
-79602432,-59.389221
-8479744,39.717426
-5451264,21.855923
-15520960,92.821892
-19306560,92.192665
-18019456,92.362389
-18398016,95.013031
-19306560,92.192665
-19230848,92.161926
-19003712,92.068245
-18776576,91.972298
-15218112,92.679039
-14990976,89.507927
7464320,33.272743
8731200,30.945210
8251840,30.110519
8731200,30.945210
8525760,29.281239
8560000,29.564112
8594240,29.844734
7708480,35.386276
9016800,33.132465
8521760,32.324215
9016800,33.132465
8804640,31.521198
8840000,31.795115
8875360,32.066845
8840000,31.795115
55556864,39.013638
64986240,48.266022
61418368,34.910416
64986240,48.266022
63457152,47.019421
63712000,47.231339
63966848,47.441574
63712000,47.231339
64986240,48.266022
-39456256,-39.854404
-46152960,-19.561806
-43619072,-29.211735
-46152960,-19.561806
-45067008,-22.442812
-45248000,-21.953041
-45428992,-21.467171
-45248000,-21.953041
-46152960,-19.561806
-46152960,-19.561806
22881280,78.232262
26764800,77.472977
25295360,77.200684
26764800,77.472977
26135040,76.930161
26240000,77.022438
26344960,77.113983
26240000,77.022438
26764800,77.472977
26764800,77.472977
25400320,77.294899
-72876032,2.158273
-9109504,94.244606
-13664256,94.244606
-9109504,94.244606
-9109504,94.244606
-72876032,2.158273
-18503680,3.663531
-64905216,-60.747192
-72591360,-9.600790
-72306688,-10.032290
-69459968,-2.276212
-33875968,45.057735
-9678848,94.583160
18530304,9.460654
2316288,100.000000
3474432,100.000000
2316288,100.000000
2316288,100.000000
18530304,9.460654
4704960,10.853567
16503552,93.646362
18457920,94.319099
18385536,94.296738
17661696,94.062996
8613696,51.306568
2461056,100.000000
2967744,82.333786
9011200,6.909091
1126400,6.909091
1689600,6.909091
1126400,6.909091
1126400,6.909091
9011200,6.909091
2288000,8.341259
8025600,34.673046
8976000,32.828522
8940800,32.564064
8588800,32.852459
4188800,37.417877
1196800,12.385026
1443200,9.179601
3872000,93.229752
2260992,100.000000
3391488,100.000000
2260992,100.000000
2260992,100.000000
18087936,7.246377
4592640,8.673356
16109568,93.490974
18017280,94.180168
17946624,94.157257
17240064,93.917793
8408064,50.115700
2402304,100.000000
2896896,81.901726
7772160,46.034256
17664000,94.063774
2620416,29.972645
1746944,9.964829
1746944,9.964829
13975552,9.964829
3548480,11.349986
12446976,36.817425
13920960,57.630508
13866368,57.463699
13320448,38.992561
6496448,39.472153
1856128,15.261017
2238272,12.160810
6005120,67.259941
13648000,56.783115
13920960,57.630508
-92857344,21.235981
-91318272,19.908499
-17955840,82.480751
-32833536,32.934132
-12702080,100.000000
-2497600,100.000000
-4567040,8.161435
1869280,15.857228
3418112,7.968844
15507456,62.810356
36345600,-11.433703
43891200,-56.183140
74322432,-6.959858
-19289088,92.185593
-19518720,92.277527
-3444480,75.265701
-7348224,32.218506
-6123520,20.802675
-11022336,98.810852
123770880,37.043102
21841920,42.691048
46596096,48.804501
38830080,35.527428
69894144,0.421941
54362112,54.430378
-2344320,16.134315
-5001216,26.617527
-4167680,5.651105
-7501824,5.651105
-5834752,32.607933
-3750912,61.561562
-32366592,32.776512
-26972160,19.817768
-48549888,-38.496582
-37761024,42.032757
-24274944,-29.857422
-69116160,-62.426800
-2792960,6.141155
-5027328,6.141155
-3910144,32.957970
-2513664,89.571236
-7156960,37.732670
-8902560,32.274403
13758816,57.131195
13594368,56.612621
11018016,48.846542
10853568,32.372173
3124512,45.465530
16664064,13.478969
-12808704,53.951309
-10381248,45.708878
-10226304,28.224001
-2943936,42.120480
-15700992,8.171917
-28815360,-76.716415
-28385280,-82.857147
-8171520,81.553879
-43581440,-131.879700
-31252480,-63.355179
-89971200,-36.941242
-25900800,55.214233
-138137600,72.578201
-99059200,3.871818
-115872000,18.046064
11316096,86.100647
60352512,-44.205776
43279104,18.835436
50624640,31.647894
47845248,29.868830
15104000,89.152542
15406080,89.365234
15406080,89.365234
14620672,63.244152
13533184,55.447941
2960384,60.152199
11599872,50.282486
15466496,59.322037
1933312,5.084745
2899968,59.322037
1933312,5.084745
1933312,5.084745
15466496,59.322037
18311040,94.273529
18311040,94.273529
17377536,93.965912
-68354048,-56.088211
-14952448,86.851112
-58589184,-81.655479
-78118912,11.409396
-9764864,86.577187
-14647296,86.577187
-9764864,86.577187
-9764864,86.577187
-78118912,11.409396
16907520,93.798164
16045568,93.465012
14852096,92.939880
3248896,100.000000
12730368,100.000000
16973824,1.158301
2121728,100.000000
3182592,100.000000
2121728,100.000000
2121728,100.000000
16973824,1.158301
4309760,2.678943
8634560,33.208317
7992320,34.401028
1748320,10.035691
6850560,38.774292
1141760,8.161435
1712640,8.161435
1141760,8.161435
1141760,8.161435
9134080,8.161435
2319200,9.574336
8135040,35.551884
13540352,55.471527
2961952,60.173290
11606016,50.308807
2901504,59.343571
1934336,5.134992
1934336,5.134992
15474688,59.343571
3929120,6.594454
13782144,56.252731
15414240,89.370865
1422208,7.839078
3815680,93.129822
8672000,30.473801
8845440,31.837059
8602624,29.913107
4301312,81.716461
11100160,24.428043
8880128,5.535055
8880128,5.535055
34636800,15.612713
78720000,-6.063089
80294400,-3.983421
78090240,-6.918437
39045120,25.811695
100761600,-113.333336
80609280,1.138211
60456960,-78.644981
15504000,89.432404
15814080,89.639610
15379968,89.347183
7689984,92.329971
19845120,60.371517
11907072,51.565189
-88389120,10.581284
-85962752,8.057368
-42981376,23.457378
-110919680,-101.358940
-66551808,-55.982273
-21490688,49.378185
-16133888,89.844978
-8066944,92.688385
-20817920,62.223316
-12490752,53.828495
-4033472,72.378334
-6700768,41.317768
-21619200,-147.966843
-36608512,-40.171467
-36032000,-42.414207
-36176128,-41.846825
-35023104,-55.311417
-36320256,-41.283939
-36320256,-41.283939
-36752640,-39.621773
-6485760,78.780342
-13836288,94.316162
-11530240,76.127884
-20754432,-158.298798
11913600,98.899811
20173696,92.528244
19856000,92.408707
19935424,92.438950
19300032,95.246101
20014848,92.468956
20014848,92.468956
20253120,92.557549
3574080,76.162598
7624704,34.676338
6353920,23.674458
11437056,98.853973
18009600,60.699360
30496256,82.378319
30016000,82.096375
30136064,82.167702
29175552,72.146317
30256128,82.238464
30256128,82.238464
2403360,18.194529
5127168,28.420214
4272640,7.968844
7690752,7.968844
61545216,45.160580
60576000,44.283150
60818304,44.505127
58879872,31.658983
61060608,44.725346
61060608,44.725346
61787520,45.375637
10903680,65.740448
23261184,65.064270
19384320,61.458004
34891776,-16.076773
73152000,-8.671216
73444608,-8.238263
71103744,3.221974
73737216,-7.808746
73737216,-7.808746
74615040,-6.540408
13167360,12.899776
28090368,33.741615
23408640,19.930008
42135552,-62.690777
-8572928,40.372669
-5511168,22.705313
-15691520,92.899910
-19518720,92.277527
-18217472,92.445404
-18600192,95.067230
-19518720,92.277527
-19442176,92.247124
-19212544,92.154465
-18982912,92.059555
-15385344,92.758614
-15155712,89.621971
-4363008,77.468750
-23269376,17.197676
34947072,12.423817
99502080,-9.795204
123770880,37.043102
115519488,3.386164
117946368,40.768520
123770880,37.043102
123285504,36.795242
121829376,36.039810
120373248,35.266094
97560576,-11.980184
96104448,-6.380259
27666432,55.229847
147554304,84.632469
-10679680,47.225986
-13284480,55.600517
-12398848,50.314869
-12659328,35.806511
-13284480,55.600517
-13232384,55.425720
-13076096,54.892956
-12919808,54.347305
-10471296,46.175755
-10315008,28.841240
-2969472,42.618214
-15837184,8.961594
-85973760,7.992913
-80242176,-40.232128
-81927936,16.968042
-85973760,7.992913
-85636608,7.630681
-84625152,6.526665
-83613696,5.395939
-67767552,-65.659180
-66756096,-53.148800
-19217664,40.321571
-102494208,81.201294
-8309056,33.746700
-8483616,32.019932
-8902560,32.274403
-8867648,32.007767
-8762912,31.195110
-8658176,30.362793
-7017312,36.493519
-6912576,39.323574
-1989984,7.787801
-10613248,6.141155
11949888,50.641884
13978080,57.803650
13210656,38.485538
13978080,57.803650
13649184,56.786865
13704000,56.959717
13758816,57.131195
13704000,56.959717
13978080,57.803650
13978080,57.803650
13265472,38.739731
12278784,35.951962
2685984,31.682095
10524672,30.258804
-11259264,47.614338
-13170240,55.215393
-12447168,34.712345
-13170240,55.215393
-12860352,54.136246
-12912000,54.319702
-12963648,54.501694
-12912000,54.319702
-13170240,55.215393
-13170240,55.215393
-12498816,34.982128
-11569152,32.023369
-2530752,27.491590
-9916416,25.981001
-36556800,-40.369751
-34549760,-57.439243
-36556800,-40.369751
-35696640,-43.752151
-35840000,-43.177143
-35983360,-42.606716
-35840000,-43.177143
-36556800,-40.369751
-36556800,-40.369751
-34693120,-56.788666
-32112640,-62.448978
-7024640,64.548103
-27525120,-88.571426
-109510400,16.576704
-115872000,18.046064
-113145600,16.071270
-113600000,16.406986
-114054400,16.740026
-113600000,16.406986
-115872000,18.046064
-115872000,18.046064
-109964800,16.921429
-101785600,-21.303823
-22265600,89.992531
-87244800,-41.220657
50624640,31.647894
49433472,30.000854
49632000,30.280853
49830528,30.558617
49632000,30.280853
50624640,31.647894
50624640,31.647894
48043776,30.158630
44470272,19.830523
9727872,67.662735
38117376,11.970772
3927040,6.544981
13774848,56.229557
15406080,89.365234
15345664,89.323364
14741504,63.545429
7189504,54.422443
2054144,10.667996
2477056,28.565523
6645760,89.152542
15104000,89.152542
15406080,89.365234
14983168,89.065063
7491584,92.126846
19333120,59.322037
4667520,10.138490
16372224,93.595398
18311040,94.273529
18239232,94.250992
17521152,94.015373
8545152,50.915981
2441472,100.000000
2944128,82.192078
7898880,46.900017
17952000,94.159004
18311040,94.273529
17808384,94.111893
8904192,52.895176
22978560,26.987522
-8594688,38.998600
-9612480,37.276207
-9574784,37.029263
-9197824,37.298561
-4485824,41.561684
-1281664,18.186357
-1545536,15.193176
-4146560,93.678040
-9424000,36.021729
-9612480,37.276207
-9348608,35.505779
-4674304,83.175423
-12062720,30.458403
-12370560,85.696106
-12322048,85.639793
-11836928,52.385487
-5772928,56.861271
-1649408,20.533913
-1988992,43.986099
-5336320,88.946991
-12128000,85.410027
-12370560,85.696106
-12030976,85.292366
-6015488,88.016006
-15523840,83.113457
54847744,38.105659
52688384,32.832558
25696384,68.375069
7341824,64.294434
8853376,62.988132
23752960,72.961143
53984000,37.115353
55063680,38.348385
53552128,36.608219
26776064,82.867088
69099520,21.090694
15323136,89.735367
4948096,80.132965
8220224,39.408756
9018304,43.317413
9337536,45.255280
2713472,90.339165
15961600,93.020042
19473152,95.288368
20351040,92.593361
20351040,92.593361
15323136,89.735367
4487808,88.317505
7455552,43.742542
8179392,48.721077
8468928,50.474201
2461056,100.000000
14476800,96.378426
17661696,94.062996
18457920,94.319099
18457920,94.319099
13897728,100.000000
2182400,15.917889
3625600,42.157104
3977600,34.094933
4118400,36.348095
1196800,12.385026
7040000,36.698181
8588800,32.852459
8976000,32.828522
8976000,32.828522
6758400,37.939392
7277568,42.366680
7984128,47.466976
8266752,49.262978
2402304,100.000000
14131200,96.289856
17240064,93.917793
18017280,94.180168
18017280,94.180168
13565952,100.000000
6168896,36.258286
6387264,38.437492
1856128,15.261017
10918400,48.379837
13320448,38.992561
13920960,57.630508
13920960,57.630508
10481664,29.972645
-57458688,56.658112
-36937728,18.030605
-105169920,-8.551678
-130821120,37.380142
-122099712,5.211426
-124664832,41.332150
-130821120,37.380142
-130308096,37.133606
-7992320,47.520821
-5137920,8.161435
-14628800,96.416054
-18196800,94.237579
-16983680,93.825981
-17340480,93.953011
-18196800,94.237579
-18125440,94.214890
-17911360,94.145752
5981696,34.263458
3845376,62.505825
10948640,48.522411
13619040,56.691223
12711104,51.535416
12978144,37.383469
13619040,56.691223
13565632,56.520714
13405408,56.001045
13245184,55.468796
27138048,71.504036
17445888,68.069496
49672320,31.788746
61787520,45.375637
57668352,38.064610
58879872,31.658983
61787520,45.375637
61545216,45.160580
60818304,44.505127
60091392,43.833820
48703104,30.431309
32772096,43.607052
21067776,-32.827843
59984640,-88.245735
74615040,-6.540408
69640704,-62.520863
71103744,3.221974
74615040,-6.540408
74322432,-6.959858
73444608,-8.238263
72566784,-9.547597
58814208,-91.991920
57936384,-76.462791
-16686592,92.537811
-19518720,92.277527
-18447104,95.026299
-19518720,92.277527
-19059456,92.091438
-19136000,92.123077
-19212544,92.154465
105811968,26.605505
123770880,37.043102
116975616,40.276974
123770880,37.043102
120858624,35.526070
121344000,35.783966
121829376,36.039810
121344000,35.783966
-11356928,48.064827
-13284480,55.600517
-12555136,35.273788
-13284480,55.600517
-12971904,54.530651
-13024000,54.712528
-13076096,54.892956
-13024000,54.712528
-13284480,55.600517
-73499136,-7.266306
-85973760,7.992913
-81253632,16.278982
-85973760,7.992913
-83950848,5.775875
-84288000,6.152771
-84625152,6.526665
-84288000,6.152771
-85973760,7.992913
-85973760,7.992913
-7610816,34.557137
-8902560,32.274403
-8413792,31.455782
-8902560,32.274403
-8693088,30.642458
-8728000,30.919889
-8762912,31.195110
-8728000,30.919889
-8902560,32.274403
-8902560,32.274403
-8448704,31.739021
14032896,10.332749
1754112,10.332749
2631168,30.258804
1634304,3.759398
13074432,3.759398
3319680,5.240023
11644416,32.462738
13023360,54.710304
12972288,54.531998
12461568,34.787788
6077568,35.300438
1736448,9.420610
11485184,81.740372
1435648,8.701854
2153472,8.701854
1435648,8.701854
1435648,8.701854
11485184,81.740372
2916160,10.106441
10228992,41.056637
11440320,84.533020
11395456,84.472122
10946816,48.513832
5338816,53.353554
1525376,14.072333
1839424,39.431473
-39223296,3.759398
-4902912,89.306602
-7354368,60.790867
-4902912,89.306602
-4902912,89.306602
-39223296,3.759398
-9959040,89.471115
-34933248,-48.581982
-39070080,-31.172377
-38916864,-31.688803
-37384704,-39.540108
-18232704,78.433479
-5209344,89.935623
-5877760,76.585365
-15769600,87.948051
-14540800,94.591553
-21811200,89.784035
-14540800,94.591553
-14540800,94.591553
-116326400,65.746483
-29536000,37.872158
-103603200,-19.175686
-115872000,18.046064
-115417600,17.723412
-110873600,17.602402
-54073600,62.913483
-15449600,94.909691
-18630400,45.475780
-49984000,46.112164
-113600000,16.406986
9529344,66.989044
6352896,66.989044
6352896,66.989044
50823168,0.967118
12904320,67.496902
45264384,21.237007
50624640,31.647894
50426112,31.378790
48440832,30.731100
23624832,68.930855
6749952,68.930855
8139648,54.911858
21838080,66.388840
49632000,30.280853
50624640,31.647894
15466496,59.322037
15466496,59.322037
11599872,50.282486
3745792,70.256973
6222848,36.810925
6827008,52.002399
7068672,53.643345
2054144,10.667996
18382848,8.734403
13787136,100.000000
4452096,88.223793
7396224,43.291279
8114304,48.309750
8401536,50.076939
2441472,100.000000
-7237632,42.048668
-2337152,21.485294
-3882688,45.987110
-4259648,38.458763
-4410432,40.562740
-1281664,18.186357
-9314304,38.082676
-3007744,41.169460
-4996736,42.290649
-5481856,54.570717
-5675904,56.123852
-1649408,20.533913
-9702400,80.411606
41459712,16.538235
13388032,89.230743
22241408,69.355606
24400768,66.695869
25264512,67.834473
7341824,64.294434
43187200,20.787195
52688384,32.832558
2553856,89.735367
20430848,17.882919
20430848,17.882919
2553856,89.735367
2553856,89.735367
5107712,7.618284
14046208,97.200554
8938496,42.811317
18530304,9.460654
18530304,9.460654
2316288,100.000000
2316288,100.000000
4632576,9.460654
12739584,100.000000
8107008,48.263229
6948864,39.640434
9011200,6.909091
1126400,6.909091
1126400,6.909091
2252800,6.909091
6195200,6.909091
3942400,33.506496
3379200,37.939392
18087936,7.246377
2260992,100.000000
2260992,100.000000
4521984,7.246377
12435456,100.000000
7913472,46.997929
6782976,38.164253
5299200,10.956522
13975552,9.964829
1746944,9.964829
1746944,9.964829
3493888,9.964829
9608192,15.421507
6114304,35.689163
5240832,29.972645
4094400,64.786240
13320448,38.992561
-128769024,36.382217
-127229952,35.612644
-103117824,-10.711910
-101578752,-4.260166
-29242368,60.107857
-155959296,78.653221
-17697280,94.074928
-14343360,96.344734
-14129280,100.000000
-4067520,87.110374
-21693440,22.662262
10735008,47.497982
10574784,30.589298
3044256,44.027836
16236032,11.198008
11642944,49.340649
47976192,18.039347
13811328,87.188255
73660416,-16.551283
52822272,35.608253
61787520,45.375637
16678656,35.165997
88952832,92.779854
63788544,-24.211996
74615040,-6.540408
70518528,2.418837
-19136000,92.123077
-19518720,92.277527
-19518720,92.277527
-18523648,95.046844
-17145856,89.297661
-3750656,89.516075
-14696448,89.297661
-19595264,14.381271
-2449408,89.297661
-3674112,-8880128,97.047974
-8880128,97.047974
-71041024,2.583026
61232640,44.880638
61232640,44.880638
58110976,30.754726
53788672,22.509899
11766272,65.467125
46104576,14.712153
61472768,13.006396
7684096,55.650318
11526144,64.747688
7684096,55.650318
7684096,55.650318
61472768,13.006396
-14435040,59.139423
-13699136,40.679005
-12680192,37.979488
-2773792,33.844788
-10868736,32.466553
-14491648,13.171284
-1811456,13.171284
-2717184,32.466553
-1811456,13.171284
-1811456,13.171284
-14491648,13.171284
-3679520,14.507109
-8750720,34.094933
-8099840,35.271809
-1771840,11.229908
-6942720,39.587021
-1157120,9.380531
-1735680,9.380531
-1157120,9.380531
-1157120,9.380531
-9256960,9.380531
-21914880,1.912271
-76870656,-33.338661
-7820288,32.957970
-1710688,8.056642
-6703104,37.427437
-1675776,6.141155
-1117184,6.141155
-1117184,6.141155
-8937472,6.141155
-2269280,7.585137
-7959936,34.134144
-8902560,32.274403
2247456,12.519756
6029760,67.393723
13704000,56.959717
13978080,57.803650
13594368,56.612621
6797184,74.931732
17541120,22.288383
14032896,10.332749
14032896,10.332749
-5681280,65.393715
-12912000,54.319702
-13170240,55.215393
-12808704,53.951309
-6404352,73.394089
-16527360,17.521685
-13221888,4.832714
-9916416,25.981001
-35840000,-43.177143
-36556800,-40.369751
-35553280,-44.331799
-17776640,88.571426
-45875200,21.142857
-27525120,-88.571426
-115872000,18.046064
-112691200,15.732849
-56345600,48.706951
-145408000,-20.788733
-87244800,-41.220657
-28172800,58.825989
49234944,29.718599
24617472,78.702606
63528960,20.773693
38117376,11.970772
12308736,87.221565
20448384,69.232506
12083200,83.186440
14741504,63.545429
15406080,89.365234
15406080,89.365234
11599872,50.282486
1933312,5.084745
15466496,59.322037
15466496,59.322037
1933312,5.084745
14361600,96.349373
17521152,94.015373
18311040,94.273529
18311040,94.273529
13787136,100.000000
18382848,8.734403
18382848,8.734403
2297856,100.000000
-7539200,40.889645
-9197824,37.298561
-9612480,37.276207
-9612480,37.276207
-7237632,42.048668
-9650176,13.073005
-1206272,13.073005
-11836928,52.385487
-12370560,85.696106
-12370560,85.696106
-9314304,38.082676
-12419072,83.113457
-1552384,15.567282
-1552384,15.567282
55063680,38.348385
55063680,38.348385
41459712,16.538235
55279616,1.363367
6909952,62.062836
6909952,62.062836
13819904,69.650269
7661568,34.990646
5985600,28.831863
19473152,95.288368
20351040,92.593361
20351040,92.593361
5107712,7.618284
20430848,17.882919
2553856,89.735367
3830784,89.735367
5107712,7.618284
5107712,7.618284
5428800,13.082229
17661696,94.062996
18457920,94.319099
18457920,94.319099
4632576,9.460654
18530304,9.460654
2316288,100.000000
3474432,100.000000
4632576,9.460654
4632576,9.460654
2640000,90.070305
8588800,32.852459
8976000,32.828522
8976000,32.828522
2252800,6.909091
9011200,6.909091
1126400,6.909091
1689600,6.909091
2252800,6.909091
2252800,6.909091
7884800,33.506496
17240064,93.917793
18017280,94.180168
18017280,94.180168
4521984,7.246377
18087936,7.246377
2260992,100.000000
3391488,100.000000
4521984,7.246377
4521984,7.246377
15826944,93.374741
13920960,57.630508
13920960,57.630508
3493888,9.964829
1746944,9.964829
2620416,29.972645
3493888,9.964829
3493888,9.964829
12228608,35.689163
-111839232,26.283213
-130821120,37.380142
-123638784,40.845280
-130821120,37.380142
-127742976,35.871227
-128256000,36.127743
-128769024,36.382217
-128256000,36.127743
-130821120,37.380142
-130821120,37.380142
-124151808,41.089722
-114917376,5.560308
-25138176,84.357819
-98500608,-7.518297
-15556480,96.629776
-18196800,94.237579
-17197760,93.902832
-18196800,94.237579
-17768640,94.098732
-17840000,94.122330
-17911360,94.145752
-17840000,94.122330
-18196800,94.237579
-18196800,94.237579
-17269120,93.928024
-15984640,93.440102
-3496640,100.000000
-13701120,100.000000
13619040,56.691223
12871328,36.863827
13619040,56.691223
13298592,55.647636
13352000,55.825043
13405408,56.001045
13352000,55.825043
13619040,56.691223
13619040,56.691223
12924736,37.124722
11963392,34.263458
2616992,29.881023
10254336,28.420214
58395264,31.091837
61787520,45.375637
60333696,44.059387
60576000,44.283150
60818304,44.505127
60576000,44.283150
61787520,45.375637
61787520,45.375637
58637568,31.376583
54276096,23.205795
11872896,65.777245
46522368,15.478078
74615040,-6.540408
72859392,-9.107646
73152000,-8.671216
73444608,-8.238263
73152000,-8.671216
74615040,-6.540408
74615040,-6.540408
70811136,2.822065
65544192,-56.380451
14337792,99.085823
56180736,-81.977257
-4975360,5.160792
-17452032,89.485420
-19518720,92.277527
-19442176,92.247124
-18676736,95.087448
-9108736,43.880161
-2602496,89.927208
-3138304,72.852600
-8419840,46.293705
-19136000,92.123077
-19518720,92.277527
-18982912,92.059555
-9491456,50.976372
-24494080,29.364548
31549440,31.866276
110665728,5.485232
123770880,37.043102
123285504,36.795242
118431744,41.011272
57759744,57.110947
16502784,82.526688
19900416,37.099926
53391360,38.258533
121344000,35.783966
123770880,37.043102
120373248,35.266094
60186624,45.447121
155320320,-23.206751
-11877888,33.790249
-13284480,55.600517
-13232384,55.425720
-12711424,36.069603
-6199424,36.572174
-1771264,11.201040
-2135936,7.952298
-5730560,65.691307
-13024000,54.712528
-13284480,55.600517
-12919808,54.347305
-6459904,73.622887
-16670720,18.230959
-85973760,7.992913
-85636608,7.630681
-82265088,17.308338
-40121088,45.442596
-11463168,97.713158
-13823232,17.980629
-37086720,14.295575
-84288000,6.152771
-85973760,7.992913
-83613696,5.395939
-41806848,23.658363
-107888640,-102.642372
-8867648,32.007767
-8518528,32.298538
-4154528,36.901619
-1187008,11.662264
-1431392,8.430395
-3840320,93.173904
-8728000,30.919889
-8902560,32.274403
-8658176,30.362793
-4329088,81.833771
-11171840,24.912924
10524672,30.258804
3398592,49.863472
5646048,34.998497
6194208,36.518761
6413472,38.689060
1863744,15.607294
10963200,48.590775
13375104,39.241863
13978080,57.803650
13978080,57.803650
10524672,30.258804
-3202176,46.788181
-5319744,31.011417
-5836224,32.624931
-6042816,34.928352
-1756032,10.430790
-10329600,45.437424
-12602112,35.515064
-13170240,55.215393
-13170240,55.215393
-9916416,25.981001
-8888320,83.041473
-14766080,94.674065
-16199680,81.390640
-16773120,82.026863
-4874240,94.621849
-28672000,-77.600006
-34979840,-55.503510
-36556800,-40.369751
-36556800,-40.369751
-27525120,-88.571426
-46803200,60.233009
-51347200,60.944283
-53164800,62.279522
-15449600,94.909691
-90880000,-39.538029
-110873600,17.602402
-115872000,18.046064
-115872000,18.046064
-87244800,-41.220657
22433664,67.281174
23227776,68.399765
6749952,68.930855
39705600,11.530625
48440832,30.731100
50624640,31.647894
50624640,31.647894
38117376,11.970772
1933312,5.084745
3866624,5.084745
10633216,49.460709
6766592,51.573849
5799936,32.203392
4531200,78.305084
14741504,63.545429
15406080,89.365234
15406080,89.365234
3866624,5.084745
2297856,100.000000
4595712,8.734403
12638208,100.000000
8042496,47.848232
6893568,39.156269
5385600,12.385026
17521152,94.015373
18311040,94.273529
18311040,94.273529
4595712,8.734403
-1206272,13.073005
-2412544,13.073005
-6634496,13.073005
-4221952,37.909290
-3618816,42.048668
-2827200,90.727791
-9197824,37.298561
-9612480,37.276207
-9612480,37.276207
-2412544,13.073005
-3104768,15.567282
-8538112,27.848404
-5433344,54.165096
-4657152,38.082676
-3638400,76.583992
-11836928,52.385487
-12370560,85.696106
-12370560,85.696106
-3104768,15.567282
38004736,6.881500
24184832,66.398506
20729856,67.121124
16195200,70.054932
52688384,32.832558
55063680,38.348385
55063680,38.348385
13819904,69.650269
17876992,89.735367
11492352,98.859482
2553856,89.735367
2713472,90.339165
20351040,92.593361
20351040,92.593361
20191424,92.534813
12769280,89.735367
12769280,89.735367
16214016,93.532906
10423296,100.000000
2316288,100.000000
2461056,100.000000
18457920,94.319099
18457920,94.319099
18313152,94.274193
11581440,100.000000
11581440,100.000000
5068800,6.909091
1126400,6.909091
1196800,12.385026
8976000,32.828522
8976000,32.828522
8905600,32.297523
5632000,6.909091
5632000,6.909091
10174464,100.000000
2260992,100.000000
2402304,100.000000
18017280,94.180168
18017280,94.180168
17875968,94.134155
11304960,100.000000
11304960,100.000000
7861248,9.964829
1746944,9.964829
1856128,15.261017
13920960,57.630508
-126103296,33.686161
-79749120,-35.428864
-79749120,-35.428864
15859712,60.330574
1982464,7.438017
2973696,60.330574
1982464,7.438017
1982464,7.438017
15859712,60.330574
4026880,8.862047
14125056,57.314777
15797760,89.628914
15735808,89.588074
15116288,64.449265
7372288,55.552471
2106368,12.882839
15761408,60.083164
1970176,6.860707
2955264,60.083164
1970176,6.860707
1970176,6.860707
15761408,60.083164
4001920,8.293619
14037504,57.048546
15699840,89.564224
15638272,89.523140
15022592,64.227531
7326592,55.275249
2093312,12.339489
2524288,29.902134
74711040,1.754386
9338880,91.578949
14008320,99.064323
9338880,91.578949
9338880,91.578949
74711040,1.754386
18969600,3.265857
66539520,-54.041245
74419200,-6.820778
74127360,-7.241332
71208960,3.364970
34728960,46.784611
9922560,92.074303
11965440,4.150620
32102400,12.012759
-2504704,89.533928
-3757056,89.533928
-2504704,89.533928
-2504704,89.533928
-20037632,16.271463
-5087680,7.254545
-17846016,89.717552
-19959360,92.448013
-19881088,92.418282
-19098368,95.195900
-9314368,45.119110
-2661248,90.149582
-3209152,73.451927
-8609920,47.479374
-19568000,92.296974
4448256,85.267036
2965504,73.480667
2965504,73.480667
23724032,11.602210
6023680,4.258393
21129216,91.315308
23631360,94.176140
23538688,94.153221
22611968,97.101715
11027968,46.515621
3150848,75.040627
3799552,74.127480
10193920,54.354595
23168000,94.059669
23631360,94.176140
-71041024,2.583026
-71041024,2.583026
-53280768,-91.881920
-17205248,36.388527
-28582912,38.551929
-31357952,43.571823
-32467968,45.500992
-9435136,97.221619
61472768,13.006396
46104576,14.712153
14887936,88.114723
24733184,67.143478
27134464,71.500275
28094976,72.474625
8164352,58.259125
-10868736,32.466553
-3509696,51.450611
-5830624,37.056206
-6396704,38.528339
-6623136,40.629940
-1924672,18.278854
-6942720,39.587021
-2241920,18.150156
-3724480,43.692757
-4086080,35.844624
-4230720,38.037971
-1229440,14.711088
-7232000,38.378761
-70483968,-48.768013
-22760448,45.867641
-37811712,38.990669
-41482752,43.125854
-42951168,45.070274
-12481536,91.598984
-73420800,-58.170151
-89573376,18.640968
1634304,3.759398
13074432,3.759398
13074432,3.759398
1634304,3.759398
1634304,3.759398
3268608,3.759398
8988672,9.592162
5720064,31.256714
11485184,81.740372
11485184,81.740372
1435648,8.701854
1435648,8.701854
2871296,8.701854
7896064,21.981585
5024768,50.438148
4306944,33.048027
-39223296,3.759398
-4902912,89.306602
-4902912,89.306602
-9805824,89.306602
-26966016,-89.564827
-17160192,77.085571
-14708736,89.306602
-101384192,64.835167
-12673024,100.000000
-12673024,100.000000
-25346048,33.807369
-69701632,-20.350239
-44355584,57.447594
-38019072,55.871582
-29702400,11.743159
-19382272,13.440407
-2422784,89.180054
6352896,66.989044
12705792,66.989044
34940928,0.967118
22235136,66.989044
19058688,66.989044
14889600,61.267136
48440832,30.731100
15466496,59.322037
1933312,5.084745
2899968,59.322037
3866624,5.084745
3866624,5.084745
13533184,55.447941
8699904,29.190207
1933312,5.084745
18382848,8.734403
2297856,100.000000
3446784,100.000000
4595712,8.734403
4595712,8.734403
16084992,93.481026
10340352,100.000000
2297856,100.000000
-9650176,13.073005
-1206272,13.073005
-1809408,13.073005
-2412544,13.073005
-2412544,13.073005
-8443904,37.909290
-5428224,13.073005
-1206272,13.073005
-12419072,83.113457
-1552384,15.567282
-2328576,15.567282
-3104768,15.567282
-3104768,15.567282
-10866688,44.515644
-6985728,15.567282
-1552384,15.567282
-1649408,20.533913
6909952,62.062836
10364928,62.062836
13819904,69.650269
13819904,69.650269
48369664,23.041748
31094784,-12.125403
6909952,62.062836
7341824,64.294434
55063680,38.348385
20430848,17.882919
2553856,89.735367
3830784,89.735367
2553856,89.735367
3830784,89.735367
2553856,89.735367
16600064,96.052063
14046208,97.200554
18530304,9.460654
2316288,100.000000
3474432,100.000000
2316288,100.000000
3474432,100.000000
2316288,100.000000
15055872,100.000000
12739584,100.000000
6948864,39.640434
9011200,6.909091
1126400,6.909091
1689600,6.909091
1126400,6.909091
1689600,6.909091
1126400,6.909091
7321600,35.552448
6195200,6.909091
3379200,37.939392
6758400,37.939392
2260992,100.000000
3391488,100.000000
2260992,100.000000
3391488,100.000000
2260992,100.000000
14696448,100.000000
12435456,100.000000
6782976,38.164253
13565952,100.000000
6994944,40.038063
2620416,29.972645
1746944,9.964829
2620416,29.972645
1746944,9.964829
11355136,28.433582
9608192,15.421507
5240832,29.972645
10481664,29.972645
5404608,32.094688
13920960,57.630508
-21033984,43.293900
-56432640,43.560154
-128256000,36.127743
-130821120,37.380142
-127229952,35.612644
-63614976,50.344475
-164167680,-21.996008
-131334144,49.700600
-131334144,49.700600
-7849600,46.566654
-17840000,94.122330
-18196800,94.237579
-17697280,94.074928
-8848640,52.599449
-22835200,26.529148
-18268160,8.161435
-13701120,100.000000
13352000,55.825043
13619040,56.691223
13245184,55.468796
6622592,74.270859
17090560,20.239664
10254336,28.420214
61787520,45.375637
60091392,43.833820
30045696,81.895950
77537280,30.353937
46522368,15.478078
15022848,88.221458
72566784,-9.547597
36283392,22.512911
93634560,-123.412071
56180736,-81.977257
18141696,40.394547
30138624,38.244614
-15308800,92.722412
-18676736,95.087448
-19518720,92.277527
-19518720,92.277527
-14696448,89.297661
-2449408,89.297661
-19595264,14.381271
-19595264,14.381271
-2449408,89.297661
97075200,-12.540084
118431744,41.011272
123770880,37.043102
123770880,37.043102
93192192,-9.704641
124256256,54.430378
124256256,54.430378
15532032,81.434601
-10419200,45.906631
-12711424,36.069603
-13284480,55.600517
-13284480,55.600517
-10002432,26.617527
-13336576,5.651105
-1667072,5.651105
-82265088,17.308338
-85973760,7.992913
-85973760,7.992913
-64733184,-57.934700
-86310912,2.809415
-10788864,97.570236
-10788864,97.570236
-8902560,32.274403
-8902560,32.274403
-6703104,37.427437
-8937472,6.141155
-1117184,6.141155
-1117184,6.141155
-2234368,6.141155
5262336,30.258804
4111200,64.930138
13375104,39.241863
13978080,57.803650
13978080,57.803650
3508224,10.332749
14032896,10.332749
1754112,10.332749
2631168,30.258804
3508224,10.332749
3508224,10.332749
60527616,34.602173
63256320,40.116959
63256320,40.116959
15876096,66.976265
63504384,-0.722394
7938048,60.371517
11907072,66.976265
15876096,66.976265
15876096,66.976265
27513600,-17.191904
89510912,18.584192
93546240,10.606844
93546240,10.606844
23478272,1.744592
93913088,-33.984646
11739136,91.067688
17608704,91.067688
23478272,1.744592
23478272,1.744592
82173952,-28.880470
-20394496,80.719505
-21313920,93.235443
-21313920,93.235443
-5349376,1.990812
-21397504,1.990812
-2674688,80.398163
-4012032,80.398163
-5349376,1.990812
-5349376,1.990812
-18722816,80.398163
-21721920,93.362503
-21721920,93.362503
-5451776,3.831706
-2725888,80.766342
-4088832,80.766342
-5451776,3.831706
-4845568,2.620456
-16959488,89.180054
1164160,9.928532
8731200,30.945210
8731200,30.945210
8662720,30.399319
5478400,4.299066
5478400,4.299066
8765440,4.299066
1095680,4.299066
1643520,4.299066
1095680,4.299066
1202240,12.781474
9016800,33.132465
9016800,33.132465
8946080,32.603867
5657600,7.330317
5657600,7.330317
9052160,7.330317
1131520,7.330317
1697280,7.330317
1131520,7.330317
1697280,7.330317
8664832,60.670071
64986240,48.266022
64986240,48.266022
64476544,47.857056
40775680,-0.934204
40775680,-0.934204
65241088,11.602210
8155136,58.211952
12232704,68.926834
8155136,58.211952
12232704,68.926834
8155136,58.211952
-46152960,-19.561806
-46152960,-19.561806
-45790976,-20.506958
-28958720,-90.099014
-28958720,-90.099014
-5791744,90.947662
-8687616,66.808113
-5791744,90.947662
-8687616,66.808113
-5791744,90.947662
26764800,77.472977
26554880,77.294899
16793600,68.780487
16793600,68.780487
5038080,68.780487
3358720,68.780487
5038080,68.780487
3358720,68.780487
21831680,80.787994
-27328512,32.853718
-54657024,-89.928055
-28182528,34.888451
-72591360,-9.600790
-72306688,-10.032290
-70598656,-12.694361
-68321280,-3.980815
-54657024,-89.928055
-72876032,2.158273
-72876032,2.158273
-72876032,2.158273
8626176,33.143402
4447872,35.169357
11456640,84.555054
11411712,84.494247
11142144,84.119102
10782720,47.730293
8626176,33.143402
11501568,81.766380
11501568,81.766380
11501568,81.766380
11501568,81.766380
5936832,33.766697
15291840,89.285789
15231872,89.243607
14872064,88.983368
14392320,62.660973
11513856,49.911064
15351808,59.018143
15351808,59.018143
15351808,59.018143
15351808,59.018143
-88323840,10.515195
-87977472,10.162893
-85899264,7.989414
-83128320,14.540527
-66502656,-56.097561
-88670208,0.665188
-88670208,0.665188
-88670208,0.665188
-126601728,33.947239
-123611136,32.349190
-119623680,39.955486
-95698944,-9.570279
-127598592,51.515152
-127598592,51.515152
11894784,51.515152
3841024,70.994400
6381056,38.377598
7000576,53.192425
7248384,54.792683
2106368,12.882839
12390400,83.603302
15116288,64.449265
15797760,89.628914
15797760,89.628914
11894784,51.515152
3817216,70.813492
6341504,37.993259
6957184,52.900482
7203456,54.510723
2093312,12.339489
12313600,83.501038
15022592,64.227531
15699840,89.564224
15699840,89.564224
11821056,51.212753
18094080,40.237694
30059520,38.082100
32977920,43.959011
34145280,45.874943
9922560,92.074303
58368000,-93.459648
71208960,3.364970
74419200,-6.820778
74419200,-6.820778
56033280,-82.456139
-8062016,38.219719
-8844736,42.205082
-9157824,44.180973
-2661248,90.149582
-15654400,92.883072
-19098368,95.195900
-19959360,92.448013
-19959360,92.448013
-15028224,89.533928
10471936,43.675743
10842624,45.601360
3150848,75.040627
18534400,93.281769
22611968,97.101715
23631360,94.176140
23631360,94.176140
17793024,91.160217
-8880128,97.047974
-17760256,2.583026
-48840704,-40.355583
-31080448,43.068001
-26640384,34.071342
-20812800,-33.825336
-67710976,-2.014397
-70763520,-12.524420
-70763520,-12.524420
-17760256,2.583026
7684096,55.650318
15368192,62.473343
42262528,3.547199
26894336,71.245811
23052288,64.747688
18009600,69.068939
58591232,31.322311
61232640,44.880638
61232640,44.880638
15368192,62.473343
-1811456,13.171284
-3622912,13.171284
-9963008,18.433628
-6340096,37.979488
-5434368,32.466553
-4245600,66.040329
-13812352,41.165241
-14435040,59.139423
-14435040,59.139423
-3622912,13.171284
-2314240,9.380531
-6364160,9.380531
-4049920,35.271809
-3471360,39.587021
-2712000,90.333923
-8823040,34.635139
-9220800,34.611832
-9220800,34.611832
-2314240,9.380531
-64610304,-12.793204
-41115648,42.618050
-35241984,34.542076
-27532800,-17.110180
-89573376,18.640968
-93611520,10.669182
-93611520,10.669182
-23494656,1.813110
11440128,31.256714
7354368,3.759398
1634304,3.759398
1736448,9.420610
13023360,54.710304
13023360,54.710304
12921216,54.352283
8171520,3.759398
8171520,3.759398
10049536,40.004074
6460416,8.701854
1435648,8.701854
1525376,14.072333
11440320,84.533020
11440320,84.533020
11350592,84.410751
7178240,23.309557
7178240,23.309557
-22063104,-129.314026
-4902912,89.306602
-5209344,89.935623
-39070080,-31.172377
-39070080,-31.172377
-38763648,-32.209309
-24514560,-107.451965
-24514560,-107.451965
-57028608,-47.094734
-12673024,100.000000
-13465088,100.000000
-100988160,5.513264
-100988160,5.513264
-100196096,4.766334
-63365120,-85.339371
-63365120,-85.339371
-10902528,98.797783
-2422784,89.180054
-2574208,89.816513
-19306560,92.192665
-19306560,92.192665
-19155136,92.130951
-12113920,89.180054
-12113920,89.180054
1643520,4.299066
1095680,4.299066
7121920,33.745506
6026240,4.299066
3287040,36.199375
6574080,36.199375
3389760,38.132729
8731200,30.945210
8696960,30.673340
8491520,28.996080
8217600,29.819315
6574080,36.199375
1131520,7.330317
7354880,35.844067
6223360,7.330317
3394560,38.220211
6789120,38.220211
3500640,40.092323
9016800,33.132465
8981440,32.869205
8769280,31.245073
8486400,32.042233
6789120,38.220211
53008384,24.089170
44853248,9.702753
24465408,66.783867
48930816,19.638372
25229952,67.790413
64986240,48.266022
64731392,48.062344
63202304,46.805786
61163520,34.639210
48930816,19.638372
-37646336,-49.711674
-31854592,-73.640221
-17375232,90.947662
-34750464,-59.924568
-17918208,91.221985
-46152960,-19.561806
-45971968,-20.032520
-44886016,-22.936533
-43438080,-29.750118
-34750464,-59.924568
18472960,68.780487
10076160,37.560974
20152320,79.186996
10391040,39.453068
26764800,77.472977
26659840,77.384293
26030080,76.837135
25190400,77.105690
20152320,79.186996
-72876032,2.158273
-72876032,2.158273
-22773760,20.575541
-27328512,32.853718
-50102272,-39.699150
-77430784,7.575116
-52379648,-49.890522
-70313984,-1.033991
-72591360,-9.600790
-69175296,-2.697102
-59211776,-19.092419
11501568,81.766380
3594240,38.005699
4313088,33.143402
7907328,22.092722
12220416,77.476120
8266752,78.595314
11097216,49.211620
11456640,84.555054
10917504,48.375599
9345024,42.493973
4797440,26.232656
5756928,31.696903
10554368,49.083145
16311296,55.803879
11034112,89.903023
14812096,63.719166
15291840,89.285789
14572224,63.121952
12473344,54.814877
-27709440,19.586105
-33251328,32.200050
-60960768,-14.815561
-94212096,5.117168
-63731712,-22.368971
-85552896,16.962456
-88323840,10.515195
-84167424,15.595582
-72044544,2.120644
-39874560,39.517204
-47849472,49.597672
-87724032,16.925808
-135573504,78.730476
-91711488,8.818472
-123112704,41.657154
-127100160,34.206272
-121118976,40.696777
-103673856,31.223577
1982464,7.438017
15859712,60.330574
15859712,60.330574
1982464,7.438017
1982464,7.438017
3964928,7.438017
10903552,50.713749
6938624,52.774502
15761408,60.083164
15761408,60.083164
1970176,6.860707
1970176,6.860707
3940352,6.860707
10835968,50.406349
6895616,52.479954
5910528,33.471931
74711040,1.754386
9338880,91.578949
9338880,91.578949
18677760,1.754386
51363840,-32.950558
32686080,43.458645
28016640,33.567253
-20037632,16.271463
-2504704,89.533928
-2504704,89.533928
-5009408,5.805397
-13775872,97.145615
-8766464,41.689056
-7514112,33.714909
-5870400,27.435270
23724032,11.602210
2965504,73.480667
2965504,73.480667
5931008,2.762431
16310272,95.981918
10379264,43.172848
8896512,32.228359
6950400,36.825047
22611968,97.101715
-71041024,2.583026
-8880128,97.047974
-13320192,97.047974
-17760256,2.583026
-17760256,2.583026
-62160896,-64.891937
-39960576,-70.889709
-8880128,97.047974
61472768,13.006396
7684096,55.650318
11526144,64.747688
15368192,62.473343
15368192,62.473343
53788672,22.509899
34578432,-17.128641
7684096,55.650318
-14491648,13.171284
-1811456,13.171284
-2717184,32.466553
-3622912,13.171284
-3622912,13.171284
-12680192,37.979488
-8151552,13.171284
-1811456,13.171284
-9256960,9.380531
-1157120,9.380531
-1735680,9.380531
-2314240,9.380531
-2314240,9.380531
-8099840,35.271809
-5207040,9.380531
-1157120,9.380531
-1229440,14.711088
-11747328,91.073921
-17620992,91.073921
-23494656,1.813110
-23494656,1.813110
-82231296,-28.790596
-52862976,-35.874786
-11747328,91.073921
-12481536,91.598984
-93611520,10.669182
13074432,3.759398
1634304,3.759398
2451456,25.146198
1634304,3.759398
2451456,25.146198
1634304,3.759398
10622976,23.501060
8988672,9.592162
11485184,81.740372
1435648,8.701854
2153472,8.701854
1435648,8.701854
2153472,8.701854
1435648,8.701854
9331712,42.411938
7896064,21.981585
4306944,33.048027
-39223296,3.759398
-4902912,89.306602
-7354368,60.790867
-4902912,89.306602
-7354368,60.790867
-4902912,89.306602
-31868928,-62.046139
-26966016,-89.564827
-14708736,89.306602
-29417472,-74.658875
-12673024,100.000000
-19009536,88.967896
-12673024,100.000000
-19009536,88.967896
-12673024,100.000000
-82374656,-1.834817
-69701632,-20.350239
-38019072,55.871582
-76038144,-54.449474
-39207168,57.208805
-3634176,89.180054
-2422784,89.180054
-3634176,89.180054
-2422784,89.180054
-15748096,95.838478
-13325312,97.049103
-7268352,31.473654
-14536704,89.180054
-7495488,33.550213
-19306560,92.192665
8765440,4.299066
8765440,4.299066
8765440,4.299066
8765440,4.299066
8765440,4.299066
2739200,4.299066
3287040,36.199375
6026240,4.299066
9052160,7.330317
9052160,7.330317
9052160,7.330317
9052160,7.330317
9052160,7.330317
2828800,7.330317
3394560,38.220211
6223360,7.330317
65241088,11.602210
65241088,11.602210
65241088,11.602210
65241088,11.602210
20387840,62.069313
24465408,66.783867
44853248,9.702753
69318656,66.909912
-46333952,0.424328
-46333952,0.424328
-46333952,0.424328
-14479360,72.842995
-17375232,90.947662
-31854592,-73.640221
-49229824,0.424328
-33302528,-68.845711
26869760,-118.536583
26869760,-118.536583
8396800,25.073170
10076160,37.560974
18472960,68.780487
28549120,-111.190819
19312640,68.780487
25925120,77.754517
-13664256,94.244606
-9109504,94.244606
-9109504,94.244606
-18219008,2.158273
-18219008,2.158273
-50102272,-39.699150
-14518272,94.583160
-26759168,-7.270780
-24197120,25.247568
-22773760,20.575541
1437696,8.831908
1437696,8.831908
2875392,8.831908
2875392,8.831908
7907328,22.092722
2291328,14.194737
4223232,76.723038
3818880,41.652420
3594240,38.005699
3594240,38.005699
1918976,4.375667
3837952,4.375667
3837952,4.375667
10554368,49.083145
3058368,61.428841
5636992,84.886124
5097280,30.571915
4797440,26.232656
4797440,26.232656
23987200,65.575241
-11083776,95.269768
-22167552,0.665188
-22167552,0.665188
-60960768,-14.815561
-17664768,95.548019
-32558592,-2.656036
-29441280,24.316334
-27709440,19.586105
-27709440,19.586105
-138547200,39.263859
-85206528,16.624905
-15949824,80.277344
-31899648,30.970726
-31899648,30.970726
-87724032,16.925808
-25420032,85.562500
-46852608,28.942507
-42366720,43.075016
-39874560,39.517204
-39874560,39.517204
-199372800,84.484848
-122614272,41.419991
-122614272,41.419991
5947392,33.884300
4646400,78.842972
15116288,64.449265
15797760,89.628914
15797760,89.628914
3964928,7.438017
15859712,60.330574
1982464,7.438017
2973696,60.330574
3964928,7.438017
3964928,7.438017
4617600,78.711021
15022592,64.227531
15699840,89.564224
15699840,89.564224
3940352,6.860707
15761408,60.083164
1970176,6.860707
2955264,60.083164
3940352,6.860707
3940352,6.860707
21888000,-27.850290
71208960,3.364970
74419200,-6.820778
74419200,-6.820778
18677760,1.754386
74711040,1.754386
9338880,91.578949
14008320,99.064323
18677760,1.754386
18677760,1.754386
65372160,-56.791981
-19098368,95.195900
-19959360,92.448013
-19959360,92.448013
-5009408,5.805397
-20037632,16.271463
-2504704,89.533928
-3757056,89.533928
-5009408,5.805397
-5009408,5.805397
-17532928,89.533928
23631360,94.176140
23631360,94.176140
5931008,2.762431
2965504,73.480667
4448256,85.267036
5931008,2.762431
5931008,2.762431
20758528,91.160217
-9435136,97.221619
-70763520,-12.524420
-70763520,-12.524420
-70208512,-13.413940
-44400640,-129.667908
-44400640,-129.667908
-71041024,2.583026
-8880128,97.047974
-13320192,97.047974
-8880128,97.047974
8164352,58.259125
61232640,44.880638
61232640,44.880638
60752384,44.444912
38420480,-7.121535
38420480,-7.121535
61472768,13.006396
7684096,55.650318
11526144,64.747688
7684096,55.650318
11526144,64.747688
-1924672,18.278854
-14435040,59.139423
-14435040,59.139423
-14321824,58.816422
-9057280,13.171284
-9057280,13.171284
-14491648,13.171284
-1811456,13.171284
-2717184,32.466553
-1811456,13.171284
-2717184,32.466553
-1811456,13.171284
-9220800,34.611832
-9220800,34.611832
-9148480,34.094933
-5785600,9.380531
-5785600,9.380531
-1157120,9.380531
-1735680,9.380531
-1157120,9.380531
-1735680,9.380531
-1157120,9.380531
-93611520,10.669182
-92877312,9.963010
-58736640,-80.306831
-58736640,-80.306831
-17620992,91.073921
-11747328,91.073921
-17620992,91.073921
-11747328,91.073921
-76357632,6.619462
4902912,25.146198
9805824,25.146198
5056128,27.414495
13023360,54.710304
12972288,54.531998
12665856,53.431969
12257280,33.700920
9805824,25.146198
13074432,3.759398
13074432,3.759398
13074432,3.759398
8613888,33.048027
4441536,35.076874
11440320,84.533020
11395456,84.472122
11126272,84.096451
10767360,47.655727
8613888,33.048027
11485184,81.740372
11485184,81.740372
11485184,81.740372
11485184,81.740372
-15168384,89.630638
-39070080,-31.172377
-38916864,-31.688803
-37997568,-34.874821
-36771840,-41.865776
-29417472,-74.658875
-39223296,3.759398
-39223296,3.759398
-39223296,3.759398
-39223296,3.759398
-100988160,5.513264
-100592128,5.141269
-98215936,2.846300
-95047680,11.743159
-76038144,-54.449474
-101384192,64.835167
-101384192,64.835167
-101384192,64.835167
-19230848,92.161926
-18776576,91.972298
-18170880,94.950691
-14536704,89.180054
-19382272,13.440407
-19382272,13.440407
9313280,4.299066
6300160,4.299066
8457280,31.808243
8731200,30.945210
8320320,30.685743
7121920,33.745506
1643520,4.299066
1095680,4.299066
1095680,4.299066
2191360,4.299066
9617920,7.330317
6506240,7.330317
8733920,33.968159
9016800,33.132465
8592480,32.881218
7354880,35.844067
1131520,7.330317
1131520,7.330317
2263040,7.330317
2263040,7.330317
46892032,27.185377
62947456,36.491539
64986240,48.266022
61928064,35.446133
53008384,24.089170
8155136,58.211952
16310272,64.640884
16310272,64.640884
-44705024,-26.072989
-46152960,-19.561806
-43981056,-28.148264
-37646336,-49.711674
-5791744,90.947662
-11583488,90.947662
-11583488,90.947662
-31854592,-73.640221
26764800,77.472977
25505280,77.388336
21831680,80.787994
3358720,68.780487
6717440,6.341463
6717440,6.341463
18472960,68.780487
-22773760,20.575541
-113868800,40.834530
-70029312,-1.444698
-70029312,-1.444698
-72591360,-9.600790
-59211776,-19.092419
-40992768,-69.464424
-18219008,2.158273
-72876032,2.158273
-72876032,2.158273
-31883264,41.623844
-68321280,-3.980815
-86540288,94.244606
17971200,55.509972
11052288,49.005165
11052288,49.005165
11456640,84.555054
9345024,42.493973
6469632,8.831908
11501568,81.766380
11501568,81.766380
5031936,50.508751
10782720,47.730293
13658112,70.250412
4447872,35.169357
14752128,63.571686
14752128,63.571686
15291840,89.285789
12473344,54.814877
8635392,28.661213
15351808,59.018143
6716416,51.212074
14392320,62.660973
18230272,59.018143
5936832,33.766697
6176704,36.338863
-85206528,16.624905
-88323840,10.515195
-72044544,2.120644
-49876992,-39.278969
-88670208,0.665188
-38793216,41.210011
-83128320,14.540527
-105295872,79.336372
-34290432,34.254593
-35675904,36.807816
-63038976,-11.030434
-127100160,34.206272
-103673856,31.223577
-71774208,-1.535125
-127598592,51.515152
-55824384,55.858833
-119623680,39.955486
-151523328,80.969376
-49344768,51.125015
-51338496,53.023071
-90714624,19.664516
-94203648,11.230681
13877248,56.552540
8921088,30.945822
1982464,7.438017
2106368,12.882839
15797760,89.628914
15797760,89.628914
15673856,89.546928
9912320,39.173553
9912320,39.173553
13791232,56.281555
8865792,30.515131
1970176,6.860707
2093312,12.339489
15699840,89.564224
15699840,89.564224
15576704,89.481728
9850880,38.794178
9850880,38.794178
42024960,-63.118912
9338880,91.578949
9922560,92.074303
74419200,-6.820778
11261536,84.287468
7121920,22.703093
7121920,22.703093
6617088,10.863510
1470464,10.863510
1562368,16.106833
11717760,84.899231
11717760,84.899231
11625856,84.779861
7352320,25.125349
7352320,25.125349
-5999616,1.689708
-1333248,1.689708
-1416576,7.472666
-10624320,83.345078
-10624320,83.345078
-10540992,83.213417
-6666240,17.419355
-6666240,17.419355
2067456,4.903418
1378304,4.903418
8958976,40.016003
7580672,18.735647
4134912,30.262506
8269824,30.262506
4264128,32.375763
10983360,83.889519
10940288,83.826096
10681856,83.434792
10337280,45.477959
8269824,30.262506
2871296,81.740372
18663424,81.740372
15792128,81.740372
8613888,33.048027
17227776,81.740372
23772672,65.815941
61232640,44.880638
60992512,44.663635
59551744,43.324848
57630720,30.177683
46104576,14.712153
-11774464,30.982300
-9963008,18.433628
-5434368,32.466553
-10868736,32.466553
-5604192,34.513020
-14435040,59.139423
-14378432,58.978558
-14038784,57.986103
-13585920,40.184662
-10868736,32.466553
-7521280,37.263443
-6364160,9.380531
-3471360,39.587021
-6942720,39.587021
-3579840,41.417717
-9220800,34.611832
-9184640,34.354401
-8967680,32.766197
-8678400,33.545723
-6942720,39.587021
-64610304,-12.793204
-35241984,34.542076
-70483968,-48.768013
-36343296,36.525646
-93611520,10.669182
-93244416,10.317487
-91041792,8.147749
-88104960,17.284983
-70483968,-48.768013
13074432,3.759398
13074432,3.759398
4085760,3.759398
4902912,25.146198
8988672,9.592162
13891584,3.759398
9397248,37.234390
12614784,35.579838
13023360,54.710304
12410496,34.519424
10622976,23.501060
11485184,81.740372
3589120,37.917263
4306944,33.048027
7896064,21.981585
12203008,77.443985
8254976,78.564781
11081408,49.139172
11440320,84.533020
10901952,48.301956
9331712,42.411938
-12257280,72.197159
-14708736,89.306602
-26966016,-89.564827
-41674752,3.759398
-28191744,-85.507240
-37844352,-37.845287
-39070080,-31.172377
-37231488,-40.114346
-31868928,-62.046139
-31682560,40.426632
-38019072,55.871582
-69701632,-20.350239
-107720704,66.903687
-72869888,-30.946291
-97819904,14.244364
-100988160,5.513264
-96235776,12.832748
-82374656,-1.834817
-6056960,19.932375
-7268352,31.473654
-13325312,97.049103
-20593664,2.620456
-13931008,85.416588
-18700864,95.093788
-19306560,92.192665
-18398016,95.013031
-15748096,95.838478
2191360,4.299066
6026240,4.299066
1746240,9.928532
3218560,75.565720
2910400,9.928532
2739200,4.299066
2739200,4.299066
13696000,4.299066
8423040,31.531038
8423040,31.531038
8731200,30.945210
7121920,33.745506
4930560,4.299066
6223360,7.330317
1803360,12.781474
3323840,76.339653
3005600,12.781474
2828800,7.330317
2828800,7.330317
14144000,7.330317
8698560,33.699738
8698560,33.699738
9016800,33.132465
7354880,35.844067
5091840,7.330317
44853248,9.702753
12997248,70.754669
23955712,76.746422
21662080,64.300529
20387840,62.069313
20387840,62.069313
101939200,78.527374
62692608,36.233376
62692608,36.233376
64986240,48.266022
53008384,24.089170
36698112,-11.077627
-9230592,68.760574
-17013248,96.147942
-15384320,74.440468
-14479360,72.842995
-14479360,72.842995
-72396800,32.288544
-44524032,-26.585480
-44524032,-26.585480
-46152960,-19.561806
-37646336,-49.711674
-26062848,-112.226936
5352960,70.616928
9866240,49.517384
8921600,29.480631
8396800,25.073170
8396800,25.073170
41984000,-51.102440
25820160,77.664093
25820160,77.664093
26764800,77.472977
21831680,80.787994
15114240,68.780487
-28182528,34.888451
-29321216,37.417057
-51810304,-35.093681
-53803008,-45.925163
-67467264,-67.270737
-72022016,-10.467199
-71737344,-10.905561
-54372352,-44.397152
-54087680,-45.157139
-64620544,-61.455326
-69175296,-2.697102
-71737344,-10.905561
-59781120,-17.958204
-81985536,94.244606
-31883264,41.623844
4627584,37.687050
8176896,24.661095
8491392,79.161575
10647936,84.612976
11366784,84.432961
11321856,84.371185
8581248,79.379784
8536320,79.271255
10198656,40.881310
10917504,48.375599
11321856,84.371185
9434880,43.041649
12939264,73.662552
5031936,50.508751
10914176,50.761723
11333952,90.170135
14212416,87.549820
15171904,89.201096
15111936,89.158234
11453888,90.273064
11393920,90.221870
13612736,55.708302
14572224,63.121952
15111936,89.158234
12593280,55.245209
17270784,52.946758
6716416,51.212074
-65463552,-19.131697
-82089216,-36.837345
-87631104,9.807805
-87284736,9.449900
-66156288,-17.884245
-65809920,-18.504688
-78625536,-32.696472
-84167424,15.595582
-87284736,9.449900
-72737280,3.052828
-99753984,78.451180
-38793216,41.210011
-118128384,1.248052
-126103296,33.686161
-125604864,33.423012
-95200512,12.160204
-94702080,11.697889
-113144064,5.470293
-121118976,40.696777
-125604864,33.423012
-104670720,31.878593
-143548416,56.902355
-55824384,55.858833
15859712,60.330574
1982464,7.438017
2973696,60.330574
1982464,7.438017
2973696,60.330574
1982464,7.438017
12886016,56.261921
10903552,50.713749
15761408,60.083164
1970176,6.860707
2955264,60.083164
1970176,6.860707
2955264,60.083164
1970176,6.860707
12806144,55.989120
10835968,50.406349
5910528,33.471931
74711040,1.754386
9338880,91.578949
14008320,99.064323
9338880,91.578949
14008320,99.064323
9338880,91.578949
60702720,-13.792172
51363840,-32.950558
28016640,33.567253
56033280,-82.456139
-2504704,89.533928
-3757056,89.533928
-2504704,89.533928
-3757056,89.533928
-2504704,89.533928
-16280576,95.974586
-13775872,97.145615
-7514112,33.714909
-15028224,89.533928
-7748928,35.723549
4448256,85.267036
2965504,73.480667
4448256,85.267036
2965504,73.480667
19275776,95.240112
16310272,95.981918
8896512,32.228359
17793024,91.160217
9174528,34.282047
23631360,94.176140
-71041024,2.583026
-71041024,2.583026
-71041024,2.583026
-71041024,2.583026
-71041024,2.583026
-22200320,21.476015
-26640384,34.071342
-48840704,-40.355583
61472768,13.006396
61472768,13.006396
61472768,13.006396
61472768,13.006396
61472768,13.006396
19210240,61.108746
23052288,64.747688
42262528,3.547199
-14491648,13.171284
-14491648,13.171284
-14491648,13.171284
-14491648,13.171284
-4528640,13.171284
-5434368,32.466553
-9963008,18.433628
-15397376,13.171284
-9256960,9.380531
-9256960,9.380531
-9256960,9.380531
-2892800,9.380531
-3471360,39.587021
-6364160,9.380531
-9835520,9.380531
-6653440,9.380531
-93978624,-33.891212
-93978624,-33.891212
-29368320,21.450489
-35241984,34.542076
-64610304,-12.793204
-99852288,-27.590450
-67547136,-23.800859
-90674688,19.629135
2451456,25.146198
1634304,3.759398
1634304,3.759398
3268608,3.759398
3268608,3.759398
8988672,9.592162
2604672,29.549364
4800768,64.507011
4341120,9.420610
4085760,3.759398
1435648,8.701854
1435648,8.701854
2871296,8.701854
2871296,8.701854
7896064,21.981585
2288064,14.072333
4217216,76.689835
3813440,41.569187
3589120,37.917263
3589120,37.917263
-4902912,89.306602
-9805824,89.306602
-9805824,89.306602
-26966016,-89.564827
-7814016,63.097286
-14402304,97.269768
-13023360,73.832619
-12257280,72.197159
-12257280,72.197159
-61286400,41.400166
-12673024,100.000000
-25346048,33.807369
-25346048,33.807369
-69701632,-20.350239
-20197632,89.616844
-37227008,23.948891
-33662720,43.930946
-31682560,40.426632
-31682560,40.426632
-158412800,78.818359
-97423872,13.895765
-2422784,89.180054
-4845568,2.620456
-4845568,2.620456
-13325312,97.049103
-3861312,89.816513
-7116928,38.303268
-6435520,24.642235
-6056960,19.932375
-6056960,19.932375
-30284800,37.244293
-18625152,95.073845
-18625152,95.073845
2191360,4.299066
8765440,4.299066
8765440,4.299066
3834880,31.642189
8217600,29.819315
10408960,4.299066
3389760,38.132729
3526720,40.535343
6231680,7.454041
6471360,6.830836
8114880,32.161366
8662720,30.399319
8628480,30.123127
6539840,7.806429
9052160,7.330317
9052160,7.330317
3960320,33.807369
8486400,32.042233
10749440,7.330317
3500640,40.092323
3642080,42.418839
6435520,10.385362
6683040,9.781896
8380320,34.310097
8946080,32.603867
8910720,32.336422
6753760,10.726588
6718400,10.256728
65241088,11.602210
28542976,73.825066
61163520,34.639210
77473792,-15.889926
25229952,67.790413
26249344,69.041267
46382336,12.679585
48166272,29.111689
60398976,40.647682
64476544,47.857056
64221696,47.650139
48675968,29.853975
48421120,29.484787
57850496,27.950668
-46333952,0.424328
-20271104,80.602142
-43438080,-29.750118
-55021568,-111.062309
-17918208,91.221985
-18642176,91.562874
-32940544,-67.915817
-34207488,-64.378891
-42895104,-29.253574
-45790976,-20.506958
-45609984,-20.985159
-34569472,-62.657642
-34388480,-63.513733
-41085184,-36.542694
-43981056,-28.148264
26869760,-118.536583
11755520,42.020905
25190400,77.105690
31907840,-88.960205
10391040,39.453068
10810880,41.804401
19102720,69.809708
19837440,69.606400
24875520,77.869713
26554880,77.294899
26449920,77.204803
20047360,69.924660
19942400,69.766365
23825920,77.995056
25505280,77.388336
26449920,77.204803
-18219008,2.158273
-9109504,94.244606
-31029248,6.646426
-52664320,-49.080303
-70313984,-1.033991
-72591360,-9.600790
-68890624,-3.121470
-72591360,-9.600790
-69459968,-2.276212
-72591360,-9.600790
-72591360,-9.600790
-68890624,-3.121470
-71452672,-11.347416
2875392,8.831908
1437696,8.831908
4897152,87.955772
8311680,78.711021
11097216,49.211620
11456640,84.555054
10872576,48.162277
11456640,84.555054
10962432,48.587177
11456640,84.555054
11456640,84.555054
10872576,48.162277
11276928,84.308914
11456640,84.555054
1918976,4.375667
6536512,88.971245
11094080,89.957603
14812096,63.719166
15291840,89.285789
14512256,62.969559
15291840,89.285789
14632192,63.273090
15291840,89.285789
15291840,89.285789
14512256,62.969559
15051968,89.115051
15291840,89.285789
14392320,62.660973
-11083776,95.269768
-37754112,13.553979
-64078080,-21.707518
-85552896,16.962456
-88323840,10.515195
-83821056,15.246804
-88323840,10.515195
-84513792,15.941503
-88323840,10.515195
-88323840,10.515195
-83821056,15.246804
-86938368,9.089142
-88323840,10.515195
-83128320,14.540527
-88323840,10.515195
-15949824,80.277344
-54329088,39.686085
-92209920,9.311345
-123112704,41.657154
-127100160,34.206272
-120620544,40.451725
-127100160,34.206272
-121617408,40.939823
-127100160,34.206272
-127100160,34.206272
-120620544,40.451725
-125106432,33.157764
-127100160,34.206272
-119623680,39.955486
-127100160,34.206272
-127100160,34.206272
5947392,33.884300
11894784,51.515152
6133248,35.887806
15797760,89.628914
15735808,89.588074
15364096,89.336174
14868480,63.856750
11894784,51.515152
15859712,60.330574
15859712,60.330574
15859712,60.330574
11821056,51.212753
6095232,35.487934
15699840,89.564224
15638272,89.523140
15268864,89.269669
14776320,63.631325
11821056,51.212753
15761408,60.083164
15761408,60.083164
15761408,60.083164
15761408,60.083164
28892160,35.580364
74419200,-6.820778
74127360,-7.241332
72376320,-9.835880
70041600,1.754386
56033280,-82.456139
74711040,1.754386
74711040,1.754386
74711040,1.754386
74711040,1.754386
-19959360,92.448013
-19881088,92.418282
-19411456,92.234856
-18785280,95.115837
-15028224,89.533928
-20037632,16.271463
-20037632,16.271463
-20037632,16.271463
23538688,94.153221
22982656,94.011757
22241280,97.053406
17793024,91.160217
23724032,11.602210
23724032,11.602210
-75481088,8.139788
-51060736,-54.917377
-68543488,-0.775356
-70763520,-12.524420
-67433472,-2.434210
-57720832,-19.216576
-13320192,97.047974
-8880128,97.047974
-8880128,97.047974
-17760256,2.583026
65314816,71.704498
44183552,22.425142
59311616,32.156452
61232640,44.880638
58351104,31.039688
49946624,19.960636
7684096,55.650318
7684096,55.650318
15368192,62.473343
15368192,62.473343
-10415872,43.372578
-13982176,41.879833
-14435040,59.139423
-13755744,40.923122
-11774464,30.982300
-1811456,13.171284
-3622912,13.171284
-3622912,13.171284
-8931520,35.429043
-9220800,34.611832
-8786880,34.366146
-7521280,37.263443
-1157120,9.380531
-2314240,9.380531
-2314240,9.380531
-6364160,9.380531
-93611520,10.669182
-89206272,18.306156
-76357632,6.619462
-11747328,91.073921
-23494656,1.813110
-23494656,1.813110
-64610304,-12.793204
4085760,3.759398
20428800,24.290728
12563712,35.317970
12563712,35.317970
13023360,54.710304
10622976,23.501060
7354368,3.759398
3268608,3.759398
13074432,3.759398
13074432,3.759398
5720064,31.256714
12257280,33.700920
15525888,7.136261
17945600,55.446507
11036544,48.932419
11036544,48.932419
11440320,84.533020
9331712,42.411938
6460416,8.701854
11485184,81.740372
11485184,81.740372
5024768,50.438148
10767360,47.655727
13638656,70.207970
4441536,35.076874
-37691136,-38.405636
-37691136,-38.405636
-39070080,-31.172377
-31868928,-62.046139
-22063104,-129.314026
-39223296,3.759398
-17160192,77.085571
-36771840,-41.865776
-46577664,-131.315125
-15168384,89.630638
-15781248,90.033333
-97423872,13.895765
-100988160,5.513264
-82374656,-1.834817
-57028608,-47.094734
-101384192,64.835167
-44355584,57.447594
-95047680,11.743159
-120393728,70.387505
-39207168,57.208805
-40791296,58.870594
-72077824,-16.382648
-19306560,92.192665
-15748096,95.838478
-10902528,98.797783
-19382272,13.440407
-8479744,39.717426
-18170880,94.950691
-23016448,16.287760
-7495488,33.550213
-7798336,36.130787
-13779584,97.146385
-14309568,85.802391
6505600,7.321200
7772480,32.545597
8320320,30.685743
8628480,30.123127
7190400,34.376503
9861120,4.299066
3834880,31.642189
2191360,4.299066
1095680,4.299066
3732160,92.976074
6334400,4.816368
8457280,31.808243
8026720,34.682159
8592480,32.881218
8910720,32.336422
7425600,36.455074
10183680,7.330317
3960320,33.807369
2263040,7.330317
1131520,7.330317
3854240,93.198555
6541600,7.831234
8733920,33.968159
9016800,33.132465
61928064,35.446133
64221696,47.650139
53518080,24.812130
73396224,-67.509346
28542976,73.825066
8155136,58.211952
27778432,72.868736
47146880,27.578970
62947456,36.491539
64986240,48.266022
61673216,35.179382
-45609984,-20.985159
-38008320,-48.285847
-52125696,-118.261826
-20271104,80.602142
-5791744,90.947662
-19728128,95.349258
-33483520,-67.933022
-44705024,-26.072989
-46152960,-19.561806
-43800064,-28.677803
-46152960,-19.561806
22041600,80.970970
30228480,-97.723579
11755520,42.020905
3358720,68.780487
11440640,61.047215
19417600,68.949242
25925120,77.754517
26764800,77.472977
25400320,77.294899
26764800,77.472977
25610240,77.481010
-72591360,-9.600790
-68321280,-3.980815
-72591360,-9.600790
-72591360,-9.600790
-62058496,-27.357929
-35299328,17.196566
-40992768,-69.464424
-9109504,94.244606
-36153344,19.152552
-72591360,-9.600790
-66897920,-68.694321
-72591360,-9.600790
10782720,47.730293
11456640,84.555054
11456640,84.555054
9794304,79.257164
5571072,87.060013
6469632,8.831908
5705856,87.365685
11456640,84.555054
10558080,84.482025
11456640,84.555054
11456640,84.555054
15291840,89.285789
15291840,89.285789
13073024,85.462097
7436032,92.068031
8635392,28.661213
7615936,92.255394
15291840,89.285789
14092480,87.443855
15291840,89.285789
15291840,89.285789
14812096,63.719166
-88323840,10.515195
-75508224,-5.366939
-42949632,23.400806
-49876992,-39.278969
-43988736,25.210234
-88323840,10.515195
-81396480,-38.001919
-88323840,10.515195
-88323840,10.515195
-85552896,16.962456
-79318272,-31.537550
-108658176,23.039444
-61805568,46.133839
-71774208,-1.535125
-63300864,47.406265
-127100160,34.206272
-117131520,0.407610
-127100160,34.206272
-127100160,34.206272
-123112704,41.657154
-114140928,6.295880
-105667584,32.521248
15859712,60.330574
15859712,60.330574
4956160,28.595043
5947392,33.884300
10903552,50.713749
16850944,57.219250
11399168,90.226379
15302144,64.881050
15797760,89.628914
15054336,64.302963
12886016,56.261921
15761408,60.083164
4925440,28.149689
5910528,33.471931
10835968,50.406349
16746496,56.952431
11328512,90.165421
15207296,64.662018
15699840,89.564224
14961024,64.080322
12806144,55.989120
23347200,19.719297
28016640,33.567253
51363840,-32.950558
79380480,7.038184
53698560,-47.063313
72084480,4.538675
74419200,-6.820778
70917120,2.967295
60702720,-13.792172
-6261760,22.551104
-7514112,33.714909
-13775872,97.145615
-21289984,5.805397
-14402048,85.893562
-19333184,95.254257
-19959360,92.448013
-19020096,95.176140
-16280576,95.974586
7413760,16.906076
8896512,32.228359
16310272,95.981918
25206784,2.762431
17051648,88.854195
22889984,97.136917
23631360,94.176140
22519296,97.089783
19275776,95.240112
-17760256,2.583026
-48840704,-40.355583
-14152704,97.221619
-26085376,-7.278009
-23587840,26.095072
-22200320,21.476015
-22200320,21.476015
-111001600,36.590405
-68265984,-1.185012
-68265984,-1.185012
-70763520,-12.524420
-57720832,-19.216576
-39960576,-70.889709
42262528,3.547199
12246528,66.821358
22572032,74.740280
20410880,63.396465
19210240,61.108746
19210240,61.108746
96051200,77.484009
59071488,31.880669
59071488,31.880669
61232640,44.880638
49946624,19.960636
34578432,-17.128641
-9963008,18.433628
-2887008,36.439110
-5321152,67.978058
-4811680,18.278854
-4528640,13.171284
-4528640,13.171284
-22643200,31.694742
-13925568,41.643570
-13925568,41.643570
-14435040,59.139423
-11774464,30.982300
-8151552,13.171284
-1844160,14.711088
-3399040,76.863113
-3073600,14.711088
-2892800,9.380531
-2892800,9.380531
-14464000,9.380531
-8895360,35.166557
-8895360,35.166557
-9220800,34.611832
-7521280,37.263443
-5207040,9.380531
-18722304,91.598984
-34507776,6.561025
-31203840,26.071049
-29368320,21.450489
-29368320,21.450489
-146841600,11.096234
-90307584,19.302423
-90307584,19.302423
-93611520,10.669182
-76357632,6.619462
-52862976,-35.874786
5056128,27.414495
5260416,30.233351
9295104,12.572640
9652608,38.894855
12104064,49.104832
12921216,54.352283
12870144,54.171146
9754752,39.534698
9703680,39.216461
11593344,32.165215
12410496,34.519424
12870144,54.171146
10725120,24.229622
14708736,3.759398
5720064,31.256714
4620992,37.598160
8165248,24.553621
8479296,79.131851
10632768,84.591034
11350592,84.410751
11305728,84.348885
8569024,79.350365
8524160,79.241684
10184128,40.796974
10901952,48.301956
11305728,84.348885
9421440,42.960396
12920832,73.624977
5024768,50.438148
-27885312,-83.315430
-28957824,-80.599648
-36312192,-40.412918
-38763648,-32.209309
-38610432,-32.733952
-29264256,-78.708557
-29111040,-79.649124
-34780032,-49.236526
-37231488,-40.114346
-38610432,-32.733952
-32175360,-60.502846
-44126208,-138.819260
-17160192,77.085571
-74850048,-27.482105
-93859584,-35.178200
-100196096,4.766334
-99800064,4.388422
-75642112,-26.147213
-75246080,-26.811146
-89899264,-30.635675
-96235776,12.832748
-99800064,4.388422
-83166720,-0.864961
-114057216,68.742371
-44355584,57.447594
-17943744,92.330162
-19155136,92.130951
-19079424,92.099724
-14460992,85.951057
-14385280,85.877121
-17186624,89.323044
-18398016,95.013031
-19079424,92.099724
-15899520,95.878113
-21805056,21.855923
-8479744,39.717426
8731200,30.945210
8286080,30.399319
8731200,30.945210
8354560,30.969816
8731200,30.945210
8731200,30.945210
8286080,30.399319
8594240,29.844734
8731200,30.945210
8217600,29.819315
8731200,30.945210
8731200,30.945210
7464320,33.272743
4245760,81.477234
4930560,4.299066
8557120,32.603867
9016800,33.132465
8627840,33.156292
9016800,33.132465
9016800,33.132465
8557120,32.603867
8875360,32.066845
9016800,33.132465
8486400,32.042233
9016800,33.132465
9016800,33.132465
7708480,35.386276
4384640,82.063934
5091840,7.330317
64986240,48.266022
62182912,35.710697
64986240,48.266022
64986240,48.266022
61673216,35.179382
63966848,47.441574
64986240,48.266022
61163520,34.639210
64986240,48.266022
64986240,48.266022
55556864,39.013638
31601152,83.201828
36698112,-11.077627
-44162048,-27.623066
-46152960,-19.561806
-46152960,-19.561806
-43800064,-28.677803
-45428992,-21.467171
-46152960,-19.561806
-43438080,-29.750118
-46152960,-19.561806
-46152960,-19.561806
-39456256,-39.854404
-22443008,97.079887
-26062848,-112.226936
26764800,77.472977
26764800,77.472977
25400320,77.294899
26344960,77.113983
26764800,77.472977
25190400,77.105690
26764800,77.472977
26764800,77.472977
22881280,78.232262
13015040,61.730923
15114240,68.780487
-72591360,-9.600790
-70313984,-1.033991
-65189888,-60.045235
-60350464,-16.845392
-68890624,-3.121470
-71168000,-11.792806
-72591360,-9.600790
-72591360,-9.600790
-70598656,-12.694361
-72591360,-9.600790
-72022016,-10.467199
-70883328,-12.241773
-72591360,-9.600790
-69175296,-2.697102
-48394240,-131.028351
-54657024,-89.928055
11097216,49.211620
10288512,41.397629
9524736,43.578991
10872576,48.162277
11232000,84.246155
11456640,84.555054
11456640,84.555054
11142144,84.119102
11456640,84.555054
11366784,84.432961
11187072,84.182892
11456640,84.555054
10917504,48.375599
7637760,85.413101
8626176,33.143402
13732672,56.095131
12713216,55.667423
14512256,62.969559
14992000,89.071503
15291840,89.285789
15291840,89.285789
14872064,88.983368
15291840,89.285789
15171904,89.201096
14932032,89.027611
15291840,89.285789
14572224,63.121952
10194560,82.642975
11513856,49.911064
-73430016,3.967424
-83821056,15.246804
-86592000,8.725498
-88323840,10.515195
-88323840,10.515195
-85899264,7.989414
-88323840,10.515195
-87631104,9.807805
-86245632,8.358934
-88323840,10.515195
-84167424,15.595582
-58882560,-88.986565
-66502656,-56.097561
-120620544,40.451725
-124608000,32.890396
-127100160,34.206272
-127100160,34.206272
-123611136,32.349190
-127100160,34.206272
-126103296,33.686161
-124109568,32.620880
-127100160,34.206272
-121118976,40.696777
-84733440,-38.290585
-95698944,-9.570279
2973696,60.330574
1982464,7.438017
1982464,7.438017
3964928,7.438017
3964928,7.438017
10903552,50.713749
3159552,62.664074
5823488,85.370140
5265920,32.795334
4956160,28.595043
1970176,6.860707
1970176,6.860707
3940352,6.860707
3940352,6.860707
10835968,50.406349
3139968,62.431210
5787392,85.278900
5233280,32.376175
4925440,28.149689
4925440,28.149689
9338880,91.578949
18677760,1.754386
18677760,1.754386
51363840,-32.950558
14883840,99.119362
27432960,-1.530422
24806400,24.441692
23347200,19.719297
23347200,19.719297
116736000,39.480701
-2504704,89.533928
-5009408,5.805397
-5009408,5.805397
-13775872,97.145615
-3991872,90.149582
-7357568,40.321152
-6653120,27.106920
-6261760,22.551104
-6261760,22.551104
-31308800,39.296810
-19254912,95.234962
2965504,73.480667
5931008,2.762431
5931008,2.762431
16310272,95.981918
4726272,86.133682
8711168,51.099098
7877120,21.793955
7413760,16.906076
7413760,16.906076
37068800,48.022099
22797312,97.125275
22797312,97.125275
-17760256,2.583026
-71041024,2.583026
-71041024,2.583026
-31080448,43.068001
-66600960,-3.714637
-84361216,97.047974
-27472896,36.069180
-28582912,38.551929
-50505728,-35.728477
-52448256,-50.819035
-65768448,-71.890327
-70208512,-13.413940
-69931008,-13.863996
-53003264,-49.239777
61472768,13.006396
61472768,13.006396
26894336,71.245811
57630720,30.177683
72998912,-17.607452
23772672,65.815941
24733184,67.143478
43703296,6.726962
45384192,24.477386
56910336,37.239662
60752384,44.444912
60512256,44.224457
45864448,25.268200
45624320,24.874874
-14491648,13.171284
-6340096,37.979488
-13585920,40.184662
-17208832,16.217905
-5604192,34.513020
-5830624,37.056206
-10302656,21.122631
-10698912,44.870655
-13416096,54.082142
-14321824,58.816422
-14265216,58.652992
-10812128,45.447929
-10755520,45.160809
-12850016,38.799141
-9256960,9.380531
-4049920,35.271809
-8678400,33.545723
-10992640,9.380531
-3579840,41.417717
-3724480,43.692757
-6581120,12.367986
-6834240,11.777871
-8569920,35.763416
-9148480,34.094933
-9112320,33.833401
-6906560,12.701663
-6870400,12.242199
-8208320,36.127247
-8786880,34.366146
-93978624,-33.891212
-41115648,42.618050
-88104960,17.284983
-111599616,45.973721
-36343296,36.525646
-37811712,38.990669
-66812928,-9.074747
-69382656,-20.525705
-87003648,-34.079529
-92877312,9.963010
-92510208,9.605721
-70116864,-19.263657
-69749760,-19.891361
-83332608,-27.088516
-89206272,18.306156
-92510208,9.605721
3268608,3.759398
1634304,3.759398
5566848,64.682350
9448320,37.573662
12614784,35.579838
13023360,54.710304
12359424,34.248844
13023360,54.710304
12461568,34.787788
13023360,54.710304
13023360,54.710304
12359424,34.248844
12819072,53.988560
2871296,8.701854
1435648,8.701854
4890176,87.938599
8299840,78.680649
11081408,49.139172
11440320,84.533020
10857088,48.088326
11440320,84.533020
10946816,48.513832
11440320,84.533020
11440320,84.533020
10857088,48.088326
11260864,84.286537
11440320,84.533020
-4902912,89.306602
-16700544,96.075813
-28344960,-84.504501
-37844352,-37.845287
-39070080,-31.172377
-37078272,-40.693329
-39070080,-31.172377
-37384704,-39.540108
-39070080,-31.172377
-39070080,-31.172377
-37078272,-40.693329
-38457216,-33.262772
-39070080,-31.172377
-36771840,-41.865776
-12673024,100.000000
-43167488,39.272816
-73265920,-30.238474
-97819904,14.244364
-100988160,5.513264
-95839744,12.472554
-100988160,5.513264
-96631808,13.189992
-100988160,5.513264
-100988160,5.513264
-95839744,12.472554
-99404032,4.007499
-100988160,5.513264
-95047680,11.743159
-100988160,5.513264
-2422784,89.180054
-8252608,45.205395
-14006720,85.495415
-18700864,95.093788
-19306560,92.192665
-18322304,94.992424
-19306560,92.192665
-18473728,95.033470
-19306560,92.192665
-19306560,92.192665
-18322304,94.992424
-19003712,92.068245
-19306560,92.192665
-18170880,94.950691
-19306560,92.192665
-19306560,92.192665
1095680,4.299066
4348480,81.914780
8731200,30.945210
8046400,31.584013
8731200,30.945210
8731200,30.945210
8457280,31.808243
7840960,33.134716
7258880,34.995590
8286080,30.399319
8560000,29.564112
8731200,30.945210
8731200,30.945210
4490720,82.487617
9016800,33.132465
8309600,33.751034
9016800,33.132465
9016800,33.132465
8733920,33.968159
8097440,35.252621
7496320,37.054554
8557120,32.603867
8840000,31.795115
9016800,33.132465
9016800,33.132465
8769280,31.245073
32365696,83.598640
64986240,48.266022
59889280,40.142555
64986240,48.266022
64986240,48.266022
62947456,36.491539
58360192,28.579920
54027776,25.521452
61673216,35.179382
63712000,47.231339
64986240,48.266022
64986240,48.266022
63202304,46.805786
64986240,48.266022
-22985984,97.148872
-46152960,-19.561806
-42533120,-30.353605
-46152960,-19.561806
-46152960,-19.561806
-44705024,-26.072989
-41447168,-35.350182
-38370304,-46.886929
-43800064,-28.677803
-45248000,-21.953041
-46152960,-19.561806
-46152960,-19.561806
-44886016,-22.936533
-46152960,-19.561806
-45790976,-20.506958
13329920,62.634914
26764800,77.472977
24665600,77.681366
26764800,77.472977
26764800,77.472977
25925120,77.754517
24035840,78.187241
22251520,81.150482
25400320,77.294899
26240000,77.022438
26764800,77.472977
26764800,77.472977
26030080,76.837135
26764800,77.472977
26554880,77.294899
26135040,76.930161
-50102272,-39.699150
-40992768,-69.464424
-72022016,-10.467199
-72591360,-9.600790
-72591360,-9.600790
-66328576,-70.142342
-57503744,-95.341553
-24197120,25.247568
-15087616,94.787567
-55795712,-86.051979
-67751936,-66.567924
-72591360,-9.600790
-64620544,-61.455326
7907328,22.092722
6469632,8.831908
11366784,84.432961
11456640,84.555054
11456640,84.555054
10468224,84.348831
9075456,79.058418
3818880,41.652420
2381184,17.432673
8805888,34.507820
10692864,84.677628
11456640,84.555054
10198656,40.881310
10692864,84.677628
8635392,28.661213
15171904,89.201096
15291840,89.285789
15291840,89.285789
13972544,87.336082
12113536,83.228546
5097280,30.571915
3178304,62.884354
11753728,50.933289
14272384,87.602127
15291840,89.285789
13612736,55.708302
14272384,87.602127
8515456,82.298920
-49876992,-39.278969
-87631104,9.807805
-88323840,10.515195
-88323840,10.515195
-80703744,-39.186485
-69966336,-61.296127
-29441280,24.316334
-18357504,95.716019
-67888128,-52.911896
-82435584,-36.262398
-88323840,10.515195
-78625536,-32.696472
-82435584,-36.262398
-49184256,-127.317490
-37754112,13.553979
-126103296,33.686161
-127100160,34.206272
-127100160,34.206272
-116134656,-0.447260
-100683264,-14.300243
-42366720,43.075016
-26416896,86.107315
-97692672,-7.334151
-118626816,1.662977
-127100160,34.206272
-113144064,5.470293
-118626816,1.662977
-70777344,-62.596119
-54329088,39.686085
-96197376,-9.002558
