-66256896
-17010688
-8699904
-12738560
2277376
3179520
45056
2119680
12706816
21430272
-17084416
-409600
-11214848
3067904
-983040
-708608
-245760
-122880
-1200128
-3604480
-16011264
-376832
-10674176
7352320
25944064
15478784
4660224
-32489472
11151360
5998592
3586560
9396224
3775488
15884288
5945344
-21463040
11653120
2330624
2914304
2573824
9478144
1729536
136192
136192
2564096
2369536
9011200
1437696
77824
77824
9011200
-3805184
-9142272
-9142272
-9142272
-2233344
-155648
-155648
-155648
1723392
172032
172032
172032
932864
1662464
102400
102400
102400
767488
2290688
221184
221184
221184
8913920
-1966080
-1966080
-868352
-868352
4177920
4177920
2686976
2686976
-1507328
-1507328
19935232
16865280
18532352
10956800
-21843968
2393856
-32753664
2815360
-585728
-14307328
53026816
-132243456
-14579200
-72069120
-6541056
10991872
14203904
15340544
10926080
11630592
2321792
748544
539584
12360128
12155264
18118656
21309440
11759616
-10948608
2358016
-24782848
3786624
14418816
14095104
2465920
-10334208
-17207296
3907584
34906112
-4713984
-34041856
-11770624
-2519808
-1826304
-4945152
-9551872
-16973824
-6160384
-65011712
-122355712
-8571904
-10395648
-12344832
13688832
65536
3223552
12632064
17580032
-32636928
-29319168
15368192
-10166272
-10499584
-3430400
-2154496
-2154496
-2555904
-3756032
-3756032
-2293760
-2293760
-1572864
-3440640
-3440640
-3833856
2330624
1867776
3495936
3495936
3962880
9322496
9478144
204288
204288
2573824
544768
116736
116736
2369536
311296
311296
-4935680
-1507328
-7221248
-376832
-8758272
-8699904
-11942912
-77824
344064
2548736
86016
204800
2365952
51200
204800
8830976
12114944
110592
8830976
-12886016
-11714560
-3514368
-12131328
-11028480
-3308544
-14337024
14013440
11786240
3535872
16370688
15609856
12951552
3780608
18305024
21524480
57778176
-12865536
11358208
2781184
57778176
12558720
12254976
2495104
188416
12278272
-15008000
-10665984
2390080
176128
90112
11335936
4646400
-19132928
7602176
-32440320
-65011712
26083328
-13238272
-13238272
-65011712
-20643840
-20643840
-6748160
-4023808
-10395648
-4400128
-250880
-250880
-10395648
-1949184
-1949184
3174400
65536
10526720
2105344
2105344
65536
3158016
3158016
4595712
-32636928
11059200
2211840
2211840
-32636928
3317760
3317760
-2874880
-10166272
-2159616
-222208
-222208
-10166272
-333312
-333312
-4395008
-10715136
-10715136
-10715136
-4214784
-2555904
-5844992
-114688
-9175040
-9175040
-9175040
-5013504
-1572864
-7307264
-393216
9322496
9322496
5363712
1867776
7694336
466944
544768
544768
9682432
9478144
12964352
272384
311296
9127936
9011200
12351488
155648
-1507328
-1507328
-12570624
-11427840
-3428352
-8699904
-8699904
-1262592
-1243136
-58368
344064
344064
760832
215040
588800
204800
665088
128000
562688
8830976
1352704
1325056
82944
2403328
2450432
235520
612352
115584
400384
2374336
430272
327552
149824
94208
2719232
414720
1078272
153664
705024
2460576
632992
526912
189024
165888
21186560
-380928
-16928768
5256960
46381056
13921664
5626240
4861696
5511808
10543104
26091520
38477824
-5629440
-208896
-13543168
690912
583872
200224
186368
17019904
220224
9232896
3671456
5567136
5385792
280672
198656
484608
2781440
2642688
2677376
2662016
2712064
2712064
2816128
250240
1232896
153600
276480
-26954752
-3513344
-4772864
-4457984
1280512
-4143104
-4143104
-3198464
1717760
9781248
4481024
-28844032
561408
2911488
2770688
2805888
2786432
2841088
2841088
2946688
273280
1282048
194560
350208
16898048
16615424
16686080
16120832
16756736
16756736
16968704
2655232
2588672
1458176
10174464
7749760
7804352
5139392
7858944
7858944
8022720
490560
1570816
435200
783360
-32555008
40239104
40239104
40239104
-3798016
-9134080
-9134080
-9134080
2049536
544768
544768
544768
1818112
19404800
-7782400
-7782400
-7782400
-12191744
14290944
-64258048
-64258048
-64258048
82530304
-2818048
-2818048
67633152
67633152
-753664
-753664
-2424832
-2424832
-548864
-548864
-377344
3275264
5029376
906240
6550528
290880
-1601536
-862976
-3398656
-4486144
-1243136
-9943040
-123264
-8719360
-2395584
-1473472
2376704
3992576
215040
4753408
144000
365568
2446400
1013312
861824
2263552
3862016
128000
4527104
125504
217600
2404512
914848
764992
175456
3505152
4609024
1325056
10156032
140672
8858624
2435008
-1273952
-1118144
-244896
-178176
5005056
-18103552
-17282816
-17488000
-13290624
-17693184
27234304
1855488
3076096
2770944
-1406976
2465792
2465792
9945600
15792640
15527424
15593728
15063296
15660032
15660032
15858944
633408
3033408
2890688
2926368
2903072
2962048
2962048
3069088
294880
2906816
13715392
13473600
13534048
9314912
13594496
13594496
13775840
950688
1870848
1263616
2235392
2654592
2816128
2750720
2662016
2816128
2781440
14557184
-6033408
-52234752
-3198464
-42368000
1280512
-3198464
-3513344
-4457984
3668992
3482112
10681664
14175680
12990336
9695936
14175680
14113664
13927616
13741568
-16015360
13960192
16968704
15767552
16120832
16968704
16898048
16686080
16474112
13677568
2182144
2488832
5555264
8022720
6832512
5139392
8022720
7968128
7804352
7640576
5336896
3469184
-122667008
-65273856
-5390336
-10813440
-4916224
-1490944
-7199744
-372736
1089536
3527168
272384
8552448
63457280
9740288
8552448
1507328
-111267840
376832
1507328
-13078528
-10936320
-3280896
15564800
-26935296
19496960
30834688
-1042432
-471040
-665600
-2709504
8163328
48029696
-15790080
-2363392
-12890112
-343040
-102912
-2543104
-2611712
-343040
1795232
1630784
345696
362496
-1066880
-234816
-159744
-4755456
-8650752
-10731520
-2623616
-712512
-7293504
-17693184
-18308736
-5235584
-12619776
-8419328
6236160
1550336
-2131968
-9633792
-5406720
29065216
-14909440
2459392
2170880
1110016
9547776
3231744
55296
1328128
232960
419328
1374720
2306816
2857952
1296896
2544128
3493376
3369216
10360224
13775840
2677376
2573312
2515840
2673920
142208
583680
-5402624
-53494272
-45657088
5758464
81305600
10433600
6512000
2420800
11381760
11618944
35177472
-8878592
-83615744
3996672
-9352704
-2594080
-12305920
-12281664
-14950880
-10304544
-1245184
-1245184
28504064
28581888
-4427776
3555328
3555328
13585408
11397120
3419136
-32178176
-32178176
13004800
11870208
3928064
8880128
-27973632
-28004352
5335040
-8617984
-1206272
-1191936
-43008
15638528
17883136
11223040
14499840
2401280
1253376
1772032
13785600
13550592
2479616
294912
-15548416
-26443776
-37715968
4679680
5586944
10609664
-24509440
-24991744
4840448
8716288
16404480
10936320
15851520
2356736
765952
626432
12453632
12199424
2441472
180224
-3227648
-15941632
-132096
-8527872
-3471872
-5097984
-4924416
-189952
-32768
19687424
-2570112
31343616
-3214528
-13497024
-13177728
-2676544
-520192
10758912
24829696
24354048
24472960
20769152
24591872
24591872
24948608
3909248
3551232
1910784
10045440
13713792
30763904
30261888
30387392
26172096
30512896
30512896
30889408
3878208
3921920
2307072
12960768
-513408
-2830208
-2690688
-2725568
-2708672
-2760448
-2760448
-2865088
-258880
-1251328
-168960
-304128
-13235840
-13001600
-13060160
-8856128
-13118720
-13118720
-13294400
-865728
-1689600
-1145856
-2272256
-7085760
-7137696
-4493984
15426048
16021632
5263744
12767232
8542208
-6014976
3489792
3366912
10353664
13767680
12609536
9307136
13767680
13707264
13526016
13344768
10112000
6195200
2329600
10895360
451584
14196352
17262464
16041728
16400768
17262464
17190656
16975232
16759808
13909120
14217984
3568768
5052416
-3271232
-3583168
14731776
15063296
15858944
15792640
15593728
15394816
12802816
13128192
3255040
3379200
3069088
2986816
2903072
3069088
3033408
2926368
2819328
2715232
2870336
198752
885248
12617152
9314912
13775840
13715392
13534048
13352704
10118432
6201536
2331424
10905088
2581248
2816128
2592640
2816128
2608000
2642688
2677376
2642688
2816128
2816128
2627328
2527232
126848
2465792
-14849024
-3198464
650752
-3198464
-5087744
-4772864
-4457984
-4772864
-3198464
-3198464
965632
-37994496
13594112
-47546368
14175680
9571904
14175680
13803584
13865600
13927616
13865600
14175680
14175680
9633920
7862272
1859136
6139904
16968704
16544768
16615424
16686080
16615424
16968704
16968704
16050176
14778368
3462144
13565952
8022720
7695168
7749760
7804352
7749760
8022720
8022720
5084800
4364288
840000
3141632
-34095104
-49987584
25919488
-149454848
-14297088
-106250240
-9225216
-14842880
-16077824
-11417600
-12908544
-2426240
-1584128
-776128
-12916160
2982400
4691456
680960
5964800
243008
1157632
2670624
1540384
1380160
10422272
17913856
-2387968
-22147072
4830464
47425536
13086848
3093632
2366720
5072768
-8212480
1413120
-55681024
117792768
9162240
5795840
-5453056
-15326464
-16204288
9454848
376832
-11350528
-17934848
-17628672
-17705216
-17682688
-17781760
3207168
45363200
43421696
43907072
48084992
44392448
44392448
-736512
-7334144
-7125760
-7177856
-4532864
-7229952
-7229952
-7386240
16667136
-6534656
-5186048
-5523200
-13901568
-5860352
-5860352
-6871808
-3834112
-518208
-2838336
-2698688
-2733600
-2716448
-2768512
-2768512
-2873248
-260320
-1254400
2207232
2504960
5601184
8079840
6885824
5193824
8079840
8025024
-1852416
-2276864
-4951744
-7272000
-6131840
-4424000
-7272000
-7220352
-7065408
-13041664
-8683520
21532672
14757888
17063936
19558400
14757888
14901248
15331328
15761408
-30838784
-5519360
33660160
-20910336
18402816
-19062016
-20910336
-20455936
-19092736
47275264
-3367936
-1191424
-14406848
-17799232
-16643200
-17480512
-17799232
-17723520
-17496384
-17269248
-14104000
-13418112
2483584
2701888
2484672
2701888
2496448
2530688
2564928
2727744
2987488
2754592
2987488
2775328
2810688
2846048
2810688
21674752
31366272
21441408
31366272
29837184
30092032
30346880
30092032
31366272
15725056
9028352
12741888
9028352
10114304
9933312
9752320
9933312
9028352
9028352
17900544
20735488
19528192
20735488
20105728
20210688
20315648
20210688
20735488
20735488
19633152
-1572864
-8585216
-12877824
-8585216
-8585216
-1572864
-677888
39428096
6969344
7254016
1581056
-15263744
-9154560
1753088
2316288
3474432
2316288
2316288
1753088
510656
15454976
17409344
17336960
16613120
4419392
2461056
2443456
622592
77824
116736
77824
77824
622592
190848
2782720
2946688
2911488
2821632
1567360
148224
132480
3609856
2260992
3391488
2260992
2260992
1310720
398336
15060992
16968704
16898048
16191488
4213760
2402304
2372608
3577856
16615424
785408
174080
174080
1392640
402752
4582656
8022720
7968128
5193984
2564288
283264
272192
4039040
7749760
8022720
-19719168
-18180096
-14810112
-10813440
-12702080
-2497600
-372736
296416
272384
9740288
-4155648
-24659456
-5172736
-17781760
-18011392
-2592512
-2367488
-1273856
-10891264
45848576
9324544
22740992
13795328
294912
29589504
-378240
-1331200
-235520
-423936
-1902592
-2309120
-10608640
-5345280
18690048
-15872000
7247872
43147008
-171520
-308736
-1288704
-2251520
-2700512
-2873248
7860576
7696128
5381920
3513536
1420576
2246144
-6910464
-4745152
-2886272
-1240000
-1283072
22106112
23519232
-6664192
57475072
19800064
33236480
-14300928
-100257792
-3835392
-20910336
9743232
-26679296
8151808
16021632
14290816
13465600
13767680
13767680
9246720
7503872
1780736
5832704
9175040
98304
1720320
98304
98304
9175040
17262464
17262464
16328960
38338560
-12986368
47841280
-8912896
-8454144
-12681216
-8454144
-8454144
-8912896
15858944
14996992
13803520
3248896
12730368
196608
2121728
3182592
2121728
2121728
196608
115456
2867392
2749440
175456
2656256
93184
139776
93184
93184
745472
222048
2892160
7511040
1782304
5838848
1721856
99328
99328
9183232
259104
7752832
13775840
111488
3553536
2642688
2816128
2573312
3514880
2711552
491520
491520
5407744
-4772864
-3198464
-5402624
10078208
-114196480
917504
-47546368
13865600
14175680
13741568
7100160
11980800
6139904
-9352704
-6926336
-10082304
112427008
37257216
-10611712
-14495488
-7477120
-12953600
-6723584
-2919360
-2768608
31989248
14706176
15282688
15138560
19371776
14994432
14994432
14562048
-5109504
-13049856
-8777728
32854016
11782528
18666368
18348672
18428096
18382528
18507520
18507520
18745792
2722112
2643968
1504256
11305984
10931712
25122304
24642048
24762112
21049088
24882176
24882176
437280
1457152
340480
612864
27794176
26824960
27067264
18640768
27309568
27309568
28036480
7168128
15134720
11913216
-5609472
-6343168
-6050560
2290944
-5757952
-5757952
-4880128
1698560
9478144
4665344
-26415104
-3461120
-1251328
-14577408
-18011392
-16841216
-17682688
-18011392
-17934848
-17705216
-17475584
-14271232
-13582848
-3379968
-4001792
4341760
-9746432
45848576
3911680
48084992
45848576
45363200
43907072
42450944
-11687936
-6131712
15280128
124878848
-5043584
-7386240
-6238464
-4532864
-7386240
-7334144
-7177856
-7021568
-4835200
-2974976
-1265536
-1419264
-6871808
32283136
-13901568
-6871808
-6534656
-5523200
-4511744
44495616
35480064
-7748864
-83226624
-2804032
-2716448
-2873248
-2838336
-2733600
-2628864
-2560864
-2718272
-154976
-651776
6051648
8079840
5084192
8079840
7750944
7805760
7860576
7805760
8079840
8079840
5139008
4414464
850976
3184640
-5361024
-7272000
-4320704
-7272000
-6962112
-7013760
-7065408
-7013760
-7272000
-7272000
-4372352
-3704832
-695744
-2576384
14757888
19845120
14757888
15618048
15474688
15331328
15474688
14757888
14757888
19701760
20054016
-4534272
24379392
-18153216
-20910336
-18183936
-18638336
-19092736
-18638336
-20910336
-20910336
-18607616
21684224
-20037376
35962880
16021632
14830464
15028992
15227520
15028992
16021632
16021632
14489344
8818688
6582144
4562944
257024
7745536
13767680
13707264
9367552
3912704
219136
707584
5924864
13465600
13767680
13344768
6901760
11468800
473216
15323648
17262464
17190656
16472576
4350848
2441472
2419840
3704576
16903424
17262464
16759808
4709888
6201344
-3351808
-3583168
-3545472
-3430656
-1864384
-233088
-234816
-3884416
-3394688
-3583168
-3319296
-3887872
-3674112
-10601088
-10552576
-6200832
-3282560
-338688
-874880
-4746496
-10358528
-10601088
-10261504
-5294592
-12902400
20900096
17298944
17569920
4720384
5576576
17330432
20036352
21116032
19604480
22188544
14573568
13750272
3965056
3239488
3906496
4225728
2451328
14847488
18555648
18843712
18843712
13750272
3963520
3261248
3985088
4274624
2461056
13952512
16613120
17409344
17409344
13897728
347392
1528448
1356160
1496960
148224
2583552
2821632
2946688
2946688
2564096
3083264
3789824
4072448
2402304
13606912
16191488
16968704
16968704
13565952
2236736
2455104
283264
5282304
5193984
8022720
8022720
3141632
-32555008
-6660096
8993792
-48901120
-6363136
-51526656
-48901120
-48388096
-3798016
-419328
-14104512
-17148224
-15935104
-16291904
-17148224
-17076864
-16862784
2049536
2403584
5312544
7720800
6550720
4851680
7720800
7667392
7507168
7346944
19404800
11875328
15790208
28036480
21951232
18640768
28036480
27794176
27067264
26340352
14820992
14290944
-6916096
-52933888
-4880128
-43539968
2290944
-4880128
-5172736
-6050560
-6928384
-54104320
-44299776
-15441408
-18011392
-17529600
-18011392
-17552128
-17628672
-17705216
28151808
45848576
47114240
45848576
42936320
43421696
43907072
43421696
-5458688
-7386240
-4428672
-7386240
-7073664
-7125760
-7177856
-7125760
-7386240
5340672
-6871808
-13227264
-6871808
-4848896
-5186048
-5523200
-5186048
-6871808
-6871808
-2630080
-2873248
-2646624
-2873248
-2663776
-2698688
-2733600
-2698688
-2873248
-2873248
-2681536
1449984
181248
796160
61440
491520
173952
3780096
7125120
7074048
4335104
2145408
163584
9388032
124928
187392
124928
124928
9388032
294720
4199680
9670848
9625984
5310720
2848448
214656
725312
-1474560
-4378624
-4470784
-4378624
-4378624
-1474560
-8910464
16971264
12179072
12332288
14781952
-14300544
-4685056
-4501504
-13869056
-13754368
-19582976
-13754368
-13754368
-76480512
-11185920
19866624
-20910336
-20455936
-19516416
-34019584
-14663168
-8472320
-23048704
-18638336
6383616
4255744
4255744
491520
8710016
9612800
16021632
15823104
14886400
16284800
4652800
4469632
14498048
15028992
16021632
9175040
9175040
5832704
2631680
2290688
3550208
3791872
219136
1605632
13787136
3927808
3201920
3920000
4207232
2441472
-3043328
-502144
-1785536
-1638208
-1788992
-233088
-3547136
-1238272
-2113152
-2991488
-3185536
-338688
-7801856
6856704
11946240
15425664
16274304
17138048
4720384
8977408
17298944
2291712
3653632
3653632
2291712
2291712
389120
13652992
3826688
1753088
1753088
2316288
2316288
438272
12739584
3912704
2754560
622592
77824
77824
155648
428032
1320960
1282048
1310720
2260992
2260992
327680
12435456
3719168
2588672
580608
1392640
174080
174080
348160
1481728
2182144
1570816
2652608
5193984
-46849024
-45309952
11045888
4327424
-17576960
-122667008
-16648704
-13819072
-14129280
-3543232
-4916224
5098912
3234752
1340320
1818112
5744704
8654592
12041856
-12191744
18809088
28036480
5865216
82530304
-15444480
-4880128
1705728
-17628672
-18011392
-18011392
-17606144
-15310848
-3357440
-13123584
-2818048
-2187264
-3280896
-8617984
-8617984
-1835008
27481600
27481600
17871872
12107776
7703040
6782976
7995392
4276224
7462912
4276224
4276224
7995392
-8536800
-5572672
-4815872
-938784
-3528704
-1908736
-238592
-882176
-238592
-238592
-1908736
-533792
-2983552
-2856960
-198976
-2748416
-108544
-162816
-108544
-108544
-868352
-419072
25627648
-2577408
-137824
-2508800
-102912
-68608
-68608
-548864
-172128
-2717056
-2873248
281376
4063680
7805760
8079840
7696128
5093248
3909632
1449984
1449984
-3715200
-7013760
-7272000
-6910464
-4700416
-2895872
-638976
-2576384
15474688
14757888
15761408
-15745024
-9699328
24379392
-20910336
-17729536
-27444224
30228480
35962880
-16572928
14631936
19374592
13197312
4562944
10735872
14156928
10051584
9367552
13767680
13767680
5832704
98304
9175040
9175040
98304
13837312
16472576
17262464
17262464
13787136
1605632
1605632
2297856
-3082752
-3430656
-3583168
-3583168
-3043328
-1261568
-157696
-6200832
-10601088
-10601088
-3547136
-10321920
-241664
-241664
21116032
21116032
6856704
753664
4288512
4288512
9625600
2680832
1725760
18555648
18843712
18843712
389120
3653632
2291712
3437568
389120
389120
710208
16613120
17409344
17409344
438272
1753088
2316288
3474432
438272
438272
2377856
2821632
2946688
2946688
155648
622592
77824
116736
155648
155648
2641920
16191488
16968704
16968704
327680
1310720
2260992
3391488
327680
327680
14778368
8022720
8022720
348160
174080
785408
348160
348160
4364288
-29394944
-48901120
-50500608
-48901120
-45822976
-46336000
-46849024
-46336000
-48901120
-48901120
-51013632
-6389760
-21206016
7405568
-15032192
-17148224
-16149184
-17148224
-16720064
-16791424
-16862784
-16791424
-17148224
-17148224
-16220544
-14936064
-3496640
-13701120
7720800
4744864
7720800
7400352
7453760
7507168
7453760
7720800
7720800
4798272
4099072
781984
2914304
18156160
28036480
26582656
26824960
27067264
26824960
28036480
28036480
18398464
12595200
7809664
7200768
-4880128
-6635776
-6343168
-6050560
-6343168
-4880128
-4880128
1998336
-36954112
14206720
-46055424
-256768
-15617024
-18011392
-17934848
-17759232
-3996928
-2340352
-2286336
-3897856
-17628672
-18011392
-17475584
-4838400
-7192576
10053632
6070272
45848576
45363200
48570368
32987136
13619200
7383040
20426752
43421696
45848576
42450944
27353088
-36044800
-4013568
-7386240
-7334144
-4584960
-2267264
-198400
-169856
-3764480
-7125760
-7386240
-7021568
-4755968
-3039232
-6871808
-6534656
-14238720
-18232064
-11201024
-2485504
-5301760
-5186048
-6871808
-4511744
-9890816
110739456
-2838336
-2751360
-1533088
-138432
-120672
-3578176
-2698688
-2873248
-2628864
-3542656
-2783232
3184640
1694656
1976032
2262048
2481312
290880
5327104
5248640
8079840
8079840
3184640
-1498240
-1649728
-1904064
-2110656
-183168
-4693504
-4475648
-7272000
-7272000
-2576384
-7380992
-13979648
-13185024
-13758464
-4612096
22249472
19415040
14757888
14757888
24379392
-28190976
-31293184
-33110784
-14663168
35932160
-19516416
-20910336
-20910336
35962880
15093632
15887744
4652800
4578304
14886400
16021632
16021632
4562944
98304
196608
5259264
3489792
1867776
3548160
9367552
13767680
13767680
196608
2297856
401408
12638208
3848192
2699264
667008
16472576
17262464
17262464
401408
-157696
-315392
-867328
-1600512
-1521664
-2565056
-3430656
-3583168
-3583168
-315392
-483328
-2377728
-2942976
-1773568
-2786432
-6200832
-10601088
-10601088
-483328
2615296
16058368
13914112
11345536
17298944
21116032
21116032
9625600
16041984
11361280
2291712
2451328
18843712
18843712
18684096
11458560
11458560
15165440
10423296
2316288
2461056
17409344
17409344
17264576
11581440
11581440
350208
77824
148224
2946688
2946688
2876288
389120
389120
10174464
2260992
2402304
16968704
16968704
16827392
11304960
11304960
783360
174080
283264
8022720
-42479360
28254208
28254208
9568256
147456
1794048
147456
147456
9568256
356864
8095744
14159360
14097408
9742336
4095488
271360
9469952
135168
1775616
135168
135168
9469952
331904
8008192
14061440
13999872
9648640
4049792
258304
754816
1310720
8552448
13877248
8552448
8552448
1310720
619520
-35958784
-5075968
-5367808
2396160
16247808
9136128
496640
3856384
-2242560
-3363840
-2242560
-2242560
-3260416
-369088
-16011008
-18452032
-18373760
-18180864
-4202560
-2399104
-2357184
-4087936
-18060672
3792896
2179072
2179072
2752512
256512
19294208
22255104
22162432
21956608
5129728
2364416
2816512
5540864
21791744
22255104
-1835008
-1835008
48955392
-6260736
-11019264
-13663232
-14773248
-9172992
7995392
6782976
13118464
16606720
19401216
20361728
4756480
-3528704
-1805760
-2160608
-2464544
-2690976
-351808
-2748416
-406912
-1627328
-1464640
-1609280
-180864
-2775552
34373632
-10439680
-14743040
-17889792
-19358208
-11432960
42708992
-16697344
61440
491520
491520
61440
61440
122880
862208
1787904
9388032
9388032
124928
124928
249856
1735680
2534400
1423360
-1474560
-4378624
-4378624
-8757248
24152064
-13228032
-13135872
-65732608
-12673024
-12673024
-8568832
14184448
-25481216
-21241856
-3488000
-2605056
-2160640
4255744
8511488
337920
14895104
12767232
9122432
14886400
9175040
98304
1720320
196608
196608
7503872
2539520
98304
1605632
2297856
3446784
401408
401408
15036416
10340352
2297856
-1261568
-157696
-236544
-315392
-315392
-3201024
-709632
-157696
-10321920
-241664
-362496
-483328
-483328
-4837376
-1087488
-241664
-338688
4288512
6432768
9625600
9625600
11145216
-3770368
4288512
4720384
21116032
3653632
2291712
3437568
2291712
3437568
2291712
15944704
13652992
1753088
2316288
3474432
2316288
3474432
2316288
15055872
12739584
2754560
622592
77824
116736
77824
116736
77824
2603008
428032
1282048
2564096
2260992
3391488
2260992
3391488
2260992
14696448
12435456
2588672
13565952
2800640
785408
174080
785408
174080
3228672
1481728
1570816
3141632
1734592
8022720
-9106432
-24582144
-46336000
-48901120
-45309952
-32026624
36110336
-65273856
-65273856
-3655296
-16791424
-17148224
-16648704
-4654336
-6057984
-1490944
-13701120
7453760
7720800
7346944
4918656
3459072
2914304
28036480
26340352
24606208
23535616
7200768
13253376
-6928384
8168448
-115556352
-46055424
7328256
11526400
-14194688
-17759232
-18011392
-18011392
-13123584
-2187264
-2818048
-2818048
-2187264
-12173312
48570368
45848576
45848576
-9043968
67633152
67633152
12648448
-4783104
-4584960
-7386240
-7386240
-2662400
-753664
-94208
-14238720
-6871808
-6871808
37502976
-2424832
-10526720
-10526720
-2873248
-2873248
-2508800
-548864
-68608
-68608
-137216
1592320
2669408
5248640
8079840
8079840
362496
1449984
181248
796160
362496
362496
20943872
25376512
25376512
10633216
-458752
4792320
7974912
10633216
10633216
-4730112
16634880
9922304
9922304
409600
-31916032
10690560
16035840
409600
409600
-23732224
-16462336
-19872128
-19872128
-106496
-425984
-2150400
-3225600
-106496
-106496
-15052800
-20280128
-20280128
-208896
-2201600
-3302400
-208896
-126976
-15124480
115584
2701888
2701888
2633408
235520
235520
376832
47104
70656
47104
153664
2987488
2987488
2916768
414720
414720
663552
82944
124416
82944
124416
5256960
31366272
31366272
30856576
-380928
-380928
7569408
4747264
8431616
4747264
8431616
4747264
9028352
9028352
9390336
26091520
26091520
-5267456
-5804032
-5267456
-5804032
-5267456
20735488
20525568
11550720
11550720
3465216
2310144
3465216
2310144
17637376
-8978432
49152000
-9832448
6969344
7254016
8962048
2719744
49152000
-1572864
-1572864
-1572864
2859008
1564288
9687168
9642240
9372672
5146624
2859008
9404416
9404416
9404416
9404416
2004672
13653440
13593472
13233664
9018368
5746688
9060352
9060352
9060352
9060352
-9287424
-8941056
-6862848
-12087296
37306368
-589824
-589824
-589824
-42977792
-39987200
-47796224
9158656
-65732608
-65732608
6127616
2726912
2448896
3723776
3971584
271360
10358784
9742336
14159360
14159360
6127616
2703104
2409344
3680384
3926656
258304
10281984
9648640
14061440
14061440
6053888
7280640
11447296
14496768
15664128
9136128
-54550528
2396160
-5075968
-5075968
-46202880
-3081280
-3732928
-4046016
-2399104
-14540288
-18180864
-18452032
-18452032
-13455360
4573696
4944384
2364416
17289216
21956608
22255104
22255104
16220160
-8617984
-458752
19709952
-13385728
-9076736
7040000
1363968
8862720
8862720
-458752
4276224
9601024
1499136
19161088
14925824
12439040
18352128
27481600
27481600
9601024
-238592
-477184
-1836544
-2407936
-1764352
-2803808
-5685888
-8536800
-8536800
-477184
-217088
-596992
-1428480
-1374208
-2449856
-3055872
-3191488
-3191488
-217088
8265728
-17522688
-12173312
4710912
-16697344
-9987584
-9987584
-425984
3575808
276480
61440
163584
7125120
7125120
7022976
307200
307200
4020224
562176
124928
214656
9670848
9670848
9581120
1673216
1673216
28530688
-4378624
-4685056
12179072
12179072
12485504
26341376
26341376
26857472
-12673024
-13465088
-5567744
-5567744
-4775680
54075392
54075392
-10771456
-2160640
-2312064
-17799232
-17799232
-17647808
-10803200
-10803200
70656
47104
2403328
259072
1189888
2379776
1292608
2701888
2667648
2462208
2450432
2379776
82944
2636288
456192
1297408
2594816
1403488
2987488
2952128
2739968
2719232
2594816
12769280
4352000
16338944
9609216
17103488
31366272
31111424
29582336
21186560
9609216
18714624
23457792
-15802368
20824064
-16345344
9028352
9209344
10295296
12922880
20824064
12705792
3784704
15958016
4099584
20735488
20630528
20000768
19423232
15958016
-1572864
-1572864
-4685824
-8978432
19890176
-5865472
26132480
727040
6969344
1865728
11304960
9404416
1366016
1429504
1746944
9467904
6497280
5461120
9687168
5281408
3971072
1258496
1824768
5180416
9102336
9920000
9438144
13653440
9198272
6837248
-5427200
-10706944
9031680
-4820992
14256128
-14511872
-9287424
-13126400
-1527808
-15757312
-23732224
-14848000
-106737664
-8087552
-51285248
-43476224
-49291520
-32370688
147456
9568256
9568256
147456
147456
294912
5529600
3661824
9469952
9469952
135168
135168
270336
5462016
3618816
1978368
1310720
8552448
8552448
327680
-16924672
14204928
9404416
-3260416
-2242560
-2242560
-290816
-13382656
-3654656
-2533376
-1610560
2752512
2179072
2179072
163840
15654912
4481024
2867200
2559488
21956608
-1835008
-8617984
-12926976
-458752
-458752
40337408
28327936
-8617984
7995392
4276224
7462912
9601024
9601024
12107776
-5922816
4276224
-1908736
-238592
-882176
-477184
-477184
-4815872
-1073664
-238592
-868352
-108544
-162816
-217088
-217088
-2856960
-488448
-108544
-180864
-10698752
-16048128
-425984
-425984
23674880
18964480
-10698752
-11432960
-9987584
491520
61440
616448
61440
616448
61440
2496512
862208
9388032
124928
187392
124928
187392
124928
3957760
1735680
1423360
-1474560
-4378624
-4470784
-4378624
-4470784
-4378624
19773440
24152064
-13135872
21962752
-12673024
-16912384
-12673024
-16912384
-12673024
1511424
14184448
-21241856
41402368
-22429952
-3240960
-2160640
-3240960
-2160640
-15092736
-12932096
-2287616
-12963840
-2514752
-17799232
376832
376832
376832
376832
376832
117760
1189888
259072
663552
663552
663552
663552
663552
207360
1297408
456192
7569408
7569408
7569408
7569408
12654592
16338944
4352000
46381056
-196608
-196608
-196608
-10547200
-15802368
23457792
-208896
22927360
-31850496
-31850496
2105344
3784704
12705792
-31744000
13283328
20157952
-12877824
-8585216
-8585216
-393216
-393216
19890176
-13731840
1945600
-6109184
-4685824
126976
126976
253952
253952
1746944
325248
3240192
1590656
1366016
1366016
83968
167936
167936
5180416
1878720
4785024
1558336
1258496
1258496
15729664
-10559488
-147456
-147456
9031680
-16878336
864768
-7159040
-5427200
-5427200
-54398976
-14165504
-12804096
-9879552
-9879552
-14848000
-21750016
-13560320
-18249472
-15757312
-15757312
-168439808
-50786816
-50786816
2015232
3663360
9742336
14159360
14159360
294912
9568256
147456
1794048
294912
294912
3634560
9648640
14061440
14061440
270336
9469952
135168
1775616
270336
270336
-6095872
2396160
-5075968
-5075968
327680
1310720
8552448
13877248
327680
327680
-37126144
-18180864
-18452032
-18452032
-290816
-3260416
-2242560
-3363840
-290816
-290816
-15697920
22255104
22255104
163840
2179072
3792896
163840
163840
18923520
-9172992
8862720
8862720
9417728
57573376
57573376
-1835008
-8617984
-12926976
-8617984
4756480
27481600
27481600
27001344
-2736128
-2736128
7995392
4276224
7462912
4276224
7462912
-351808
-8536800
-8536800
-8423584
-1192960
-1192960
-1908736
-238592
-882176
-238592
-882176
-238592
-3191488
-3191488
-3119168
-542720
-542720
-108544
-162816
-108544
-162816
-108544
-9987584
-9253376
47169536
47169536
-16048128
-10698752
-16048128
-10698752
-5054464
1232896
2465792
1386112
7125120
7074048
6767616
4130816
2465792
491520
491520
491520
2846720
1557952
9670848
9625984
9356800
5131264
2846720
9388032
9388032
9388032
9388032
-13595520
12179072
12332288
13251584
15394816
21962752
-1474560
-1474560
-1474560
-1474560
-5567744
-5171712
-2795520
-11161600
41402368
-65732608
-65732608
-65732608
-17723520
-17269248
-17253376
-12963840
-2605056
-2605056
400384
270848
2690112
2701888
2553152
2403328
70656
47104
47104
94208
705024
476928
2966752
2987488
2825312
2636288
82944
82944
165888
165888
12747776
22970496
31366272
21951104
12769280
4747264
10543104
10543104
11655936
9028352
12379904
18714624
-5267456
-10534912
-10534912
23457792
20735488
19738112
17637376
2310144
425984
425984
12705792
-4685824
-46497792
1011712
1011712
6969344
11304960
28475392
-393216
-1572864
-1572864
-13271040
2719744
-81559552
9975808
5416192
5416192
9687168
3971072
571392
9404416
9404416
2541568
5146624
9594880
1564288
9378176
9378176
13653440
6837248
2475008
9060352
3439616
9018368
10759168
2004672
2244544
-14165504
-9287424
-1527808
19591168
-589824
-15986688
-12087296
-83537920
-11746048
-13131520
6953472
-43476224
-32370688
1101824
-65732608
-31182848
-47796224
-122687488
-25227520
-27221248
-17838592
-10579712
7847936
2760704
147456
271360
14159360
14159360
14035456
3883008
3883008
7761920
2705408
135168
258304
14061440
14061440
13938304
3821568
3821568
-26525696
8552448
9136128
-5075968
9492064
1616896
1616896
718848
159744
251648
9948288
9948288
9856384
1847296
1847296
-101376
-22528
-105856
-8854848
-8854848
-8771520
-1161216
-1161216
101376
67584
3585024
1420288
1251328
2502656
1380544
9213888
9170816
8912384
4701184
2502656
2347008
15255552
12908544
2846720
14082048
15646208
27481600
27241472
25800704
17391616
6782976
-3648000
-1836544
-1764352
-3528704
-1934176
-8536800
-8480192
-8140544
-5459456
-3528704
-2802688
-596992
-1374208
-2748416
-1482688
-3191488
-3155328
-2938368
-2911232
-2748416
8265728
-12173312
34373632
-13274624
-9987584
-9620480
-7417856
-15228928
34373632
491520
491520
153600
1232896
862208
522240
3499008
4488320
7125120
4284032
2496512
9388032
1360896
1423360
1735680
9450496
6485504
5445312
9670848
5265856
3957760
-8849408
-13135872
24152064
-1566720
24105984
14322304
12179072
14935168
19773440
-12808192
-21241856
14184448
-72069120
22550528
-13933824
-5567744
-12349696
1511424
-1207296
-2287616
-12932096
-539648
-11899392
-17783360
-17799232
-17480512
-15092736
94208
259072
173376
2432128
288960
117760
117760
588800
2655872
2655872
2701888
2403328
211968
456192
230496
2537408
384160
207360
207360
1036800
2931392
2931392
2987488
2636288
373248
4352000
9196160
18385152
13928832
12654592
12654592
80050176
22715648
22715648
31366272
12769280
-4065280
-6347008
-16357888
-11452160
-10547200
-10547200
-23375872
11836928
11836928
9028352
18714624
29249536
3780096
4885504
2630144
2105344
2105344
-21454848
20052992
20052992
20735488
17637376
10395648
-9832448
-10971136
18182144
24709120
45385728
7538688
7823360
24139776
24424448
39712768
1865728
7823360
10735616
-77266944
-13271040
1744000
2016512
6721920
9009536
9597312
9552384
6811776
6766848
4169344
5281408
9552384
4060928
9531392
2541568
5540224
10219840
12442944
13533504
13473536
10339776
10279808
7583424
9198272
13473536
6957184
9144320
3439616
12524288
30239488
-8594688
-8248320
11831552
12177920
25707776
-13126400
-8248320
-2220544
-78258176
-15986688
-1474304
-42479360
-41980928
-11576576
-11078144
-6189312
-49291520
-41980928
-33367552
-81682432
-31182848
9568256
147456
1794048
147456
1794048
147456
7249920
5529600
9469952
135168
1775616
135168
1775616
135168
7170048
5462016
1978368
1310720
8552448
13877248
8552448
13877248
8552448
-8372224
-16924672
9404416
-46202880
-2242560
-3363840
-2242560
-3363840
-2242560
-15625216
-13382656
-2533376
-13455360
-2768192
3792896
2179072
3792896
2179072
18358272
15654912
2867200
16220160
3145216
22255104
-1835008
-1835008
-1835008
-1835008
-1835008
-4767744
-9076736
19709952
7995392
7995392
7995392
7995392
7995392
11739136
14925824
1499136
-1908736
-1908736
-1908736
-1908736
-596480
-1764352
-1836544
-2028032
-868352
-868352
-868352
-271360
-1374208
-596992
-922624
-624128
31850496
31850496
-6299648
-12173312
8265728
27549696
16076800
-17798656
616448
61440
61440
122880
122880
862208
769664
3096832
408960
153600
124928
124928
249856
249856
1735680
321984
3234176
1585216
1360896
1360896
-4378624
-8757248
-8757248
24152064
-4930432
-14009088
-9615488
-8849408
-8849408
-25372672
-12673024
-8568832
-8568832
14184448
-18100480
-8915456
-14788352
-12808192
-12808192
-124858368
-13537792
-2160640
-126976
-126976
-12932096
-3468096
-2726016
-1585856
-1207296
-1207296
-11279360
-17707648
-17707648
94208
376832
376832
1213440
2450432
447488
1292608
1429568
464512
442048
2609856
2633408
2599168
510528
663552
663552
1338880
2719232
787968
1403488
1544928
668352
653728
2875296
2916768
2881408
724448
689088
7569408
21071872
21186560
-12310528
17103488
18122880
5881088
14022016
24550784
30856576
30601728
14531712
14276864
16169600
-196608
-16338944
12922880
61108224
-16345344
-17069312
22371840
22022400
12548352
9390336
9571328
21660416
21841408
15013632
12379904
-31850496
4939776
19423232
-28385280
4099584
4519424
13335552
13808128
19370496
20525568
20420608
14018048
13913088
18583040
19738112
20420608
-393216
-8585216
-2062336
25847808
727040
6969344
2150400
6969344
1581056
6969344
6969344
2150400
8108032
253952
126976
4307328
6542208
5461120
9687168
5236480
9687168
5326336
9687168
9687168
5236480
9507456
9687168
83968
5815616
9979968
9438144
13653440
9138304
13653440
9258240
13653440
13653440
9138304
13413568
13653440
9018368
-10559488
-5117184
13909760
-14511872
-9287424
-12780032
-9287424
-13472768
-9287424
-9287424
-12780032
-7901952
-9287424
-12087296
-9287424
-12804096
-21561088
-8585984
-51285248
-43476224
-48793088
-43476224
-49789952
-43476224
-43476224
-48793088
-41482496
-43476224
-47796224
-43476224
-43476224
2015232
6127616
2201088
14159360
14097408
13725696
9494528
6127616
9568256
9568256
9568256
6053888
2163072
14061440
13999872
13630464
9402368
6053888
9469952
9469952
9469952
9469952
10279936
-5075968
-5367808
-7118848
1228800
-46202880
1310720
1310720
1310720
1310720
-18452032
-18373760
-17904128
-17867776
-13455360
-3260416
-3260416
-3260416
22162432
21606400
21585920
16220160
2752512
2752512
-6144000
28041216
531456
8862720
1641472
11091968
-12926976
-8617984
-8617984
-458752
46833664
9908224
19072512
27481600
18112000
9969664
4276224
4276224
9601024
9601024
-4517632
-5855712
-8536800
-5629280
-3648000
-238592
-477184
-477184
-3164352
-3191488
-3019712
-2802688
-108544
-217088
-217088
-596992
-9987584
-16330240
-5054464
-10698752
-425984
-425984
8265728
153600
4962304
4437248
4437248
7125120
2496512
276480
122880
491520
491520
1787904
4130816
1107968
9950208
5400448
5400448
9670848
3957760
562176
9388032
9388032
2534400
5131264
9575424
1557952
14475520
14475520
12179072
19773440
28530688
-1474560
-13228032
15394816
61163520
-13595520
-14208384
-13537792
-5567744
1511424
26857472
-65732608
-25481216
-11161600
-84742144
-22429952
-24014080
11808256
-17799232
-15092736
-10771456
-2605056
-3367936
-17253376
-3748864
-2514752
-2817600
-13386368
-12277952
476288
2529600
2553152
2599168
2471808
423936
1213440
94208
47104
3470016
305088
2690112
2783840
2825312
2881408
2707008
746496
1338880
165888
82944
3592096
512288
2966752
2987488
21951104
30601728
13278976
-49549312
21071872
4747264
20241792
13002624
22970496
31366272
21696256
9571328
18352640
61644800
-16338944
-5267456
-18810624
22746368
11655936
9028352
12560896
9028352
17847296
-29540352
4939776
2310144
6984192
13388288
20157952
20735488
19633152
20735488
19843072
6969344
2719744
6969344
6969344
16977920
-6070272
28475392
-8585216
-6924288
6969344
45955072
6969344
5146624
9687168
9687168
7762688
4850176
571392
4984960
9687168
8919680
9687168
9687168
13653440
13653440
11172480
6846208
2475008
7026112
13653440
12323008
13653440
13653440
9438144
-9287424
4052480
-10050560
19591168
-11089664
-9287424
30932224
-9287424
-9287424
-14511872
25015040
-25034240
-28513280
1101824
-30008576
-43476224
-477440
-43476224
-43476224
-51285248
-7186176
-34364416
9568256
9568256
1417216
2015232
5529600
9641984
10285056
9928192
14159360
9680384
7249920
9469952
1386496
1978368
5462016
9537536
10214400
9833344
14061440
9587072
7170048
4603904
9404416
-16924672
5586944
-25272320
3271680
-5075968
2104320
-8372224
-1412096
-2533376
-13382656
-1235968
-12370432
-18415680
-18452032
-18102592
-15625216
1253376
2867200
15654912
696320
15151104
22234624
22255104
21863936
18358272
-458752
19709952
-13759488
1898496
-6155264
-4767744
-4767744
-40615936
808960
808960
8862720
11091968
28327936
1499136
8183296
16870400
12939776
11739136
11739136
74424320
18832384
18832384
27481600
9969664
-5922816
-1836544
-1052000
-3617216
-879520
-596480
-596480
-7176704
-5799104
-5799104
-8536800
-3648000
-1073664
-271296
-2612608
-452160
-271360
-271360
-1356800
-3128192
-3128192
-3191488
-2802688
-488448
-17149440
-2264064
-8135168
-6299648
-6299648
-16293888
-17431552
-17431552
-9987584
-5054464
18964480
1386112
1590400
1168640
3754368
5943680
7022976
6971904
3856512
3805440
3729024
4284032
6971904
2598656
552960
1787904
1737408
2004864
6709824
8994368
9581120
9536256
6799552
6754688
4154816
5265856
9536256
4047488
9512960
2534400
23232768
23339904
14674816
12485504
12638720
23033472
23186688
17124480
14935168
12638720
19467008
61255680
-13228032
20570368
33018112
-4775680
-4379648
19778304
20174336
27541248
-12349696
-4379648
719360
-78405632
-25481216
-16567488
-17647808
-17572096
-12429376
-12353664
-15351616
-17480512
-17572096
-15244160
-4765696
-3367936
2701888
2518912
2701888
2587392
2701888
2701888
2518912
2564928
2701888
2450432
2701888
2701888
2483584
3459328
211968
2789952
2987488
2860672
2987488
2987488
2789952
2846048
2987488
2719232
2987488
2987488
2727744
3598208
373248
31366272
22205952
31366272
31366272
21696256
30346880
31366272
21186560
31366272
31366272
21674752
26292736
-4065280
12198912
9028352
9028352
12560896
9752320
9028352
12922880
9028352
9028352
15725056
-21787648
29249536
20735488
20735488
19633152
20315648
20735488
19423232
20735488
20735488
17900544
8034304
10395648
6969344
727040
39143424
10166272
2150400
8392704
6969344
6969344
8962048
6969344
7538688
8677376
6969344
1865728
63410176
49152000
5461120
4259200
4150784
5236480
9462528
9687168
9687168
9372672
9687168
9597312
9417600
9687168
5281408
6523648
2859008
7703360
7077120
9138304
13353600
13653440
13653440
13233664
13653440
13533504
13293632
13653440
9198272
8425088
5746688
-2913280
-12780032
-7555584
-9287424
-9287424
-6862848
-9287424
-8594688
-7209216
-9287424
-13126400
52397568
37306368
-48793088
-40984064
-43476224
-43476224
-39987200
-43476224
-42479360
-40485632
-43476224
-49291520
32444928
9158656
1794048
147456
147456
294912
294912
5529600
1979904
4971520
1726976
1417216
135168
135168
270336
270336
5462016
1960320
4935424
1694336
1386496
1386496
8552448
327680
327680
-16924672
14752768
-419840
6063104
4603904
4603904
46088192
-2242560
-290816
-290816
-13382656
-3598656
-2966656
-1803456
-1412096
-1412096
-12303360
-18337408
2179072
163840
163840
15654912
4070912
4451328
1716736
1253376
1253376
17801216
22141952
22141952
-458752
-1835008
-1835008
-13385728
2473984
-81870848
-9909248
-11019264
18044928
26653696
47281152
9417728
9695232
26098688
7995392
7995392
19161088
17391616
-12853248
15646208
16606720
2939904
11108864
21193216
27001344
26761216
11589120
11348992
-1908736
-2407936
-5459456
-2790912
-1934176
-2160608
-2176192
-4800672
-7255712
-8423584
-8366976
-4913888
-4857280
-4985696
-868352
-1428480
-2911232
-1031168
-1482688
-1627328
-813952
-804928
-3064896
-3119168
-3083008
-877248
-841088
-2965440
-3019712
31850496
-17522688
-15228928
-51306496
-13274624
-14743040
6063104
14241280
29650432
-9253376
-8886272
13507072
13874176
22573568
-16330240
-8886272
122880
61440
3600768
3550080
4488320
7125120
4232960
7125120
4335104
7125120
7125120
4232960
6920832
249856
124928
4300352
6530368
5445312
9670848
5220992
9670848
5310720
9670848
9670848
5220992
9491392
9670848
-4378624
-16045184
23952768
14322304
12179072
15088384
12179072
14781952
12179072
12179072
15088384
12791936
12179072
15394816
-12673024
-16953088
22154496
-13933824
-5567744
-11953664
-5567744
-12745728
-5567744
-5567744
-11953664
-3983616
-5567744
-11161600
-5567744
-2160640
-3730624
-11975104
-17783360
-17799232
-17404800
-17799232
-17556224
-17799232
-17799232
-17404800
-17496384
-17799232
-17253376
-17799232
-17799232
47104
3562048
2701888
2541376
2701888
2701888
2690112
2598080
2540288
2518912
2530688
2701888
2701888
3704288
2987488
2804576
2987488
2987488
2966752
2854560
2777728
2789952
2810688
2987488
2987488
2739968
27057280
31366272
24041088
31366272
31366272
22970496
16679296
13788672
21696256
30092032
31366272
31366272
29582336
31366272
-22330624
9028352
12910336
9028352
9028352
11655936
14651648
17990656
12560896
9933312
9028352
9028352
10295296
9028352
9390336
8349184
20735488
19160576
20735488
20735488
20157952
18792960
18057216
19633152
20210688
20735488
20735488
20000768
20735488
20525568
20105728
19890176
28475392
7538688
6969344
6969344
46524416
54824960
-6109184
-14301184
48013312
45101056
6969344
39712768
1746944
571392
9597312
9687168
9687168
8829824
7174912
1590656
415104
3038720
9054464
9687168
4169344
9054464
2475008
13533504
13653440
13653440
12203072
10081920
1558336
1998656
5986560
12502912
13653440
7583424
12502912
7008128
19591168
-8594688
-9287424
-9287424
31624960
42886656
-7159040
-17571072
35920896
29893120
-9287424
25707776
29893120
62620160
-5117184
-42479360
-43476224
-43476224
519424
14397952
-18249472
-22746880
7164928
-1972736
-43476224
-6189312
-1972736
44303872
-21561088
8660224
