-101908480,1.221865
-19107840,1.221865
-25477120,1.221865
-12738560,1.221865
19054592,0.945830
3572736,0.945830
4763648,0.945830
2381824,0.945830
13100032,0.945830
-100204544,1.635056
-18788352,1.635056
-25051136,1.635056
-12525568,1.635056
-68890624,1.635056
-13565952,7.246377
-2543616,7.246377
-3391488,7.246377
-1695744,7.246377
-9326592,7.246377
-87490560,1.722846
-16404480,1.722846
-21872640,1.722846
-10936320,1.722846
-60149760,1.722846
-76554240,1.722846
19673088,4.059963
11475968,4.059963
26230784,4.059963
16394240,4.059963
11765760,6.422976
6863360,6.422976
15687680,6.422976
9804800,6.422976
21651456,5.561862
12630016,5.561862
28868608,5.561862
18042880,5.561862
3608576,5.561862
24489984,3.662820
14285824,3.662820
32653312,3.662820
20408320,3.662820
4081664,3.662820
4081664,3.662820
-66650112,0.884956
-38879232,0.884956
-88866816,0.884956
-55541760,0.884956
-11108352,0.884956
-11108352,0.884956
-88866816,0.884956
-56713216,1.314459
-64815104,1.314459
-64815104,1.314459
-64815104,1.314459
6573056,2.290076
7512064,2.290076
7512064,2.290076
7512064,2.290076
9999360,8.243728
11427840,8.243728
11427840,8.243728
11427840,8.243728
27141120,8.243728
54276096,0.264131
62029824,0.264131
62029824,0.264131
62029824,0.264131
147320832,0.264131
9583616,4.263276
10952704,4.263276
10952704,4.263276
10952704,4.263276
-22937600,8.571429
-22937600,8.571429
-17645568,4.921077
-17645568,4.921077
20955136,9.929632
20955136,9.929632
23658496,2.493075
23658496,2.493075
-70713344,2.131603
-70713344,2.131603
-48615424,2.131603
21059584,2.907712
24299520,2.907712
16199680,2.907712
42119168,2.907712
3442432,8.619023
27539456,2.907712
7796096,9.212406
-89190400,0.656716
-102912000,0.656716
-68608000,0.656716
-178380800,0.656716
-14579200,6.500439
-116633600,0.656716
-33017600,7.107579
-77612800,3.401006
14203904,4.029991
16389120,4.029991
10926080,4.029991
28407808,4.029991
2321792,9.675285
18574336,4.029991
5258176,10.261809
12360128,6.681096
12155264,5.108305
22444032,1.304864
17438720,2.290076
45340672,2.290076
3705728,8.037719
29645824,2.290076
8392384,8.634876
19727552,4.989245
19400576,3.387941
3814720,10.665213
17691648,3.686983
20413440,3.686983
13608960,3.686983
35383296,3.686983
2891904,9.352454
23135232,3.686983
6549312,9.941075
15395136,6.347563
15139968,4.769151
2976960,11.942385
5443584,3.686983
64024576,0.914849
81485824,0.914849
93126656,0.914849
110587904,0.914849
94904320,1.389728
108462080,1.389728
128798720,1.389728
-14343168,10.444777
-16392192,10.444777
-19465728,10.444777
-12294144,10.444777
9655296,4.974016
11034624,4.974016
13103616,4.974016
8275968,4.974016
-17170432,2.290076
-20389888,2.290076
-12877824,2.290076
5820416,0.914849
5820416,0.914849
46563328,0.914849
8730624,0.914849
8730624,0.914849
1836032,0.055772
1836032,0.055772
14688256,0.055772
2754048,0.055772
2754048,0.055772
6426112,0.055772
-6868992,0.775194
-54951936,0.775194
-10303488,0.775194
-10303488,0.775194
-24041472,0.775194
-27475968,0.775194
13189120,4.596273
2472960,4.596273
2472960,4.596273
5770240,4.596273
6594560,4.596273
24870912,0.395257
24870912,0.395257
58032128,0.395257
66322432,0.395257
66322432,0.395257
-20098048,0.871249
-16924672,0.871249
-22213632,0.871249
-4231168,0.871249
55099392,0.564972
46399488,0.564972
60899328,0.564972
11599872,0.564972
-8462336,0.871249
83693568,1.336074
15941632,1.336074
-13074432,3.759398
-17160192,3.759398
-3268608,3.759398
-13074432,3.759398
44728320,1.538462
58705920,1.538462
11182080,1.538462
44728320,1.538462
-10368512,2.661597
-9425920,2.661597
-2827776,2.661597
-12108800,4.744186
-11008000,4.744186
-3302400,4.744186
-14310400,4.744186
-79839232,0.677201
-72581120,0.677201
-21774336,0.677201
-94355456,0.677201
8802816,1.727447
8002560,1.727447
2400768,1.727447
10403328,1.727447
12003840,1.727447
-8284160,5.067985
-2485248,5.067985
-10769408,5.067985
-12426240,5.067985
-8284160,5.067985
27037056,4.012271
26588928,2.394500
5228160,9.746603
9560064,1.285347
-7792128,7.484066
-25182208,0.065062
-2069760,11.341991
-3784704,3.030303
6975488,2.290076
16348800,6.198473
12758400,7.539503
21604224,5.962093
69844992,0.914849
40742912,0.914849
93126656,0.914849
58204160,0.914849
11640832,0.914849
11640832,0.914849
93126656,0.914849
17461248,0.914849
17461248,0.914849
81346560,1.389728
47452160,1.389728
108462080,1.389728
67788800,1.389728
13557760,1.389728
13557760,1.389728
108462080,1.389728
20336640,1.389728
20336640,1.389728
-7171584,10.444777
-16392192,10.444777
-10245120,10.444777
-2049024,10.444777
-2049024,10.444777
-16392192,10.444777
-3073536,10.444777
-3073536,10.444777
4827648,4.974016
11034624,4.974016
6896640,4.974016
1379328,4.974016
1379328,4.974016
11034624,4.974016
2068992,4.974016
2068992,4.974016
-7512064,2.290076
-17170432,2.290076
-10731520,2.290076
-2146304,2.290076
-2146304,2.290076
-17170432,2.290076
-3219456,2.290076
-3219456,2.290076
20371456,0.914849
23281664,0.914849
23281664,0.914849
23281664,0.914849
55293952,0.914849
46563328,0.914849
61114368,0.914849
11640832,0.914849
7344128,0.055772
7344128,0.055772
7344128,0.055772
17442304,0.055772
14688256,0.055772
19278336,0.055772
3672064,0.055772
-27475968,0.775194
-27475968,0.775194
-65255424,0.775194
-54951936,0.775194
-72124416,0.775194
-13737984,0.775194
6594560,4.596273
6594560,4.596273
15662080,4.596273
47415296,2.695231
62232576,2.695231
11853824,2.695231
-36667392,2.770331
-87085056,2.770331
-73334784,2.770331
-96251904,2.770331
-18333696,2.770331
-17973248,6.654512
-17973248,6.654512
-12356608,6.654512
-11233280,6.654512
-3369984,6.654512
-18907136,0.173310
-18907136,0.173310
-12998656,0.173310
-11816960,0.173310
-3545088,0.173310
63766528,1.336074
63766528,1.336074
43839488,1.336074
39854080,1.336074
11956224,1.336074
-13074432,3.759398
-8988672,3.759398
-8171520,3.759398
-2451456,3.759398
44728320,1.538462
30750720,1.538462
27955200,1.538462
8386560,1.538462
-12253696,2.661597
-14138880,2.661597
-9425920,2.661597
-24507392,2.661597
-2003008,8.387385
-4888576,15.542522
-11491328,12.172518
-11300864,10.692280
-2222080,17.419355
-4063232,9.677419
30658560,3.807615
20439040,3.807615
53141504,3.807615
4343296,9.465991
34746368,3.807615
9836288,10.053874
23121664,6.464864
22738432,4.888428
4471040,12.052677
8175616,3.807615
-63774720,1.348748
-42516480,1.348748
-110542848,1.348748
-9034752,7.151762
-72278016,1.348748
-20461056,7.754673
-48096768,4.073920
-47299584,2.457189
-9300480,9.804569
-17006592,1.348748
10639360,1.443696
27662336,1.443696
2260864,7.241126
18086912,1.443696
5120192,7.843456
12035776,4.166246
11836288,2.551070
2327360,9.891378
4255744,1.443696
47337472,6.411698
3868928,11.916893
30951424,6.411698
8761984,12.488861
20596352,8.997010
20254976,7.463253
3982720,14.433553
7282688,6.411698
31430400,6.169823
53222144,4.569046
52384000,3.042150
52593536,3.428437
50917248,3.466896
52803072,3.811657
52803072,3.811657
53431680,4.943285
9429120,13.120206
20115456,2.260232
16762880,2.260232
30173184,2.260232
-59020800,4.062459
-99941888,2.425730
-98368000,0.864541
-98761472,1.259503
-95613696,1.298826
-99154944,1.651331
-99154944,1.651331
-100335360,2.808374
-17706240,11.168944
-37773312,0.065062
-31477760,0.065062
-56659968,0.065062
-8870400,6.909091
-15020544,5.320926
-14784000,3.806061
-14843136,4.189303
-14370048,4.227460
-14902272,4.569504
-14902272,4.569504
15814080,10.071835
2790720,17.807590
5953536,7.533540
4961280,7.533540
8930304,7.533540
-88042496,3.083311
-86656000,1.532644
-87002624,1.924944
-84229632,1.964002
-87349248,2.314131
-87349248,2.314131
-88389120,3.463376
-15598080,11.767602
-33275904,0.738552
-27729920,0.738552
-49913856,0.738552
-16264000,12.559567
-16329056,12.907936
-15808608,12.942619
-16394112,13.253538
-16394112,13.253538
-16589280,14.274086
-2927520,21.648357
-6245376,11.854403
-5204480,11.854403
-9368064,11.854403
-16142336,3.374778
-18448384,3.374778
-18448384,3.374778
-18448384,3.374778
8895488,7.171636
10166272,7.171636
10166272,7.171636
10166272,7.171636
13447168,4.477612
15368192,4.477612
-8196096,10.444777
-19465728,10.444777
4827648,4.974016
5517312,4.974016
5517312,4.974016
5517312,4.974016
13103616,4.974016
-7512064,2.290076
-8585216,2.290076
-8585216,2.290076
-8585216,2.290076
-20389888,2.290076
46563328,0.914849
46563328,0.914849
14688256,0.055772
14688256,0.055772
-54951936,0.775194
-54951936,0.775194
13189120,4.596273
13189120,4.596273
132644864,0.395257
132644864,0.395257
91193344,0.395257
-13751296,0.871249
-15866880,0.871249
-10577920,0.871249
-27502592,0.871249
-2247808,6.702352
-17982464,0.871249
-5090624,7.308181
37699584,0.564972
43499520,0.564972
28999680,0.564972
75399168,0.564972
6162432,6.414091
49299456,0.564972
13956096,7.021791
32805888,3.311796
-6875648,0.871249
-7933440,0.871249
-5288960,0.871249
-13751296,0.871249
-1123904,6.702352
-8991232,0.871249
-2545312,7.308181
-5983136,3.609612
-5883968,1.985055
15162368,10.096576
17495040,10.096576
11663360,10.096576
30324736,10.096576
2478464,15.385013
19827712,10.096576
5612992,15.934462
13194176,12.580095
12975488,11.106727
2551360,17.802584
-47816704,0.222717
-55173120,0.222717
-36782080,0.222717
-95633408,0.222717
-7816192,6.091969
-62529536,0.222717
-17701376,6.701761
-41609728,2.978996
-40920064,1.343810
-8046080,8.775055
-14712832,0.222717
-9523200,13.290323
-16125952,11.811024
-15872000,10.400001
-15935488,10.756972
-15427584,10.792513
-51706368,1.771480
-45772800,4.644295
-77508608,3.017492
-76288000,1.465772
-76593152,1.858338
-74151936,1.897423
-76898304,2.247789
-76898304,2.247789
9945600,5.111969
16841216,3.493144
16576000,1.949035
16642304,2.339676
16111872,2.378569
16708608,2.727217
16708608,2.727217
16907520,3.871603
5352000,11.834977
9062720,10.330850
8920000,8.896144
8955680,9.259107
8670240,9.295244
8991360,9.619190
8991360,9.619190
9098400,10.682493
1605600,18.365721
9067200,8.929592
15353792,7.375897
15112000,5.893912
15172448,6.268836
14688864,6.306165
15232896,6.640786
15232896,6.640786
15414240,7.739130
2720160,15.675550
5803008,5.134992
3885056,5.535055
42954880,4.644129
53431680,4.943285
49869568,4.724260
50917248,3.466896
53431680,4.943285
53222144,4.569046
-44068864,0.065062
-28329984,0.065062
-80661760,2.502499
-100335360,2.808374
-93646336,2.584430
-95613696,1.298826
-100335360,2.808374
-99941888,2.425730
-98761472,1.259503
-6623232,3.030303
-4257792,3.030303
-12122880,5.395418
-15079680,5.692216
-14074368,5.474917
-14370048,4.227460
-15079680,5.692216
-15020544,5.320926
-14843136,4.189303
-14665728,3.030303
12207104,2.290076
7847424,2.290076
22343360,4.673245
27792960,4.972310
25940096,4.753352
26485056,3.496372
27792960,4.972310
27683968,4.598185
27356992,3.457924
27030016,2.290076
21907392,2.776195
-7286272,11.854403
-4684032,11.854403
-13336480,14.004294
-16589280,14.274086
-15483328,14.076561
-15808608,12.942619
-16589280,14.274086
-16524224,13.936583
-16329056,12.907936
-16133888,11.854403
-13076256,12.292938
-12881088,14.525480
-43814912,3.374778
-36896768,3.374778
-48427008,3.374778
-9224192,3.374778
24144896,7.171636
20332544,7.171636
26686464,7.171636
5083136,7.171636
30736384,4.477612
40341504,4.477612
7684096,4.477612
44531712,1.103753
58447872,1.103753
11132928,1.103753
44531712,1.103753
-10715136,2.140673
-14063616,2.140673
-2678784,2.140673
-10715136,2.140673
13787136,5.882353
12533760,5.882353
3760128,5.882353
28295168,3.184713
25722880,3.184713
11934208,0.055772
-37779456,0.775194
-34344960,0.775194
-10303488,0.775194
-44648448,0.775194
9067520,4.596273
8243200,4.596273
2472960,4.596273
10716160,4.596273
12364800,4.596273
82903040,0.395257
24870912,0.395257
107773952,0.395257
124354560,0.395257
82903040,0.395257
-11966272,3.609612
-11767936,1.985055
-2313920,9.367999
-4231168,0.871249
32262144,1.682219
6343680,9.087974
11599872,0.564972
-1156960,9.367999
-2115584,0.871249
4665344,10.096576
10934400,13.692713
-34483200,4.213809
-58391552,2.579661
-15998976,11.111112
-16189440,12.156863
-2856960,19.713263
-6094848,9.677419
-5079040,9.677419
-9142272,9.677419
32574720,6.448191
5748480,14.495657
12263424,3.807615
10219520,3.807615
18395136,3.807615
14307328,3.807615
-11957760,12.309998
-25509888,1.348748
-21258240,1.348748
-38264832,1.348748
-29761536,1.348748
-19132416,1.348748
6383616,1.443696
5319680,1.443696
9575424,1.443696
7447552,1.443696
4787712,1.443696
13631680,3.847508
9103360,6.411698
16386048,6.411698
12744704,6.411698
8193024,6.411698
23327360,8.694341
29016960,8.980789
52593536,3.428437
51964928,2.260232
42116736,2.746500
41488128,5.222044
11943552,3.974965
63698944,2.260232
-97581056,0.065062
-79087872,0.562251
-77907456,3.093393
-22427904,1.818306
-119615488,0.065062
-11886336,3.512739
-11708928,5.968779
-3370752,4.731526
-17977344,3.030303
-12891648,3.919933
21580416,5.250983
6212544,4.004285
33133568,2.290076
23760256,3.186498
27792960,4.972310
4848192,5.376685
25857024,3.686983
18542208,4.570589
21689280,6.330869
20498496,4.086622
93126656,0.914849
93126656,0.914849
64024576,0.914849
58204160,0.914849
17461248,0.914849
108462080,1.389728
108462080,1.389728
74567680,1.389728
67788800,1.389728
20336640,1.389728
-16392192,10.444777
-16392192,10.444777
-11269632,10.444777
-10245120,10.444777
-3073536,10.444777
11034624,4.974016
7586304,4.974016
6896640,4.974016
2068992,4.974016
-17170432,2.290076
-11804672,2.290076
-10731520,2.290076
-3219456,2.290076
37832704,0.914849
43653120,0.914849
29102080,0.914849
75665408,0.914849
6184192,6.743387
49473536,0.914849
14005376,7.348949
32921728,3.652008
32376064,2.028165
6366080,9.407862
11640832,0.914849
13770240,0.055772
9180160,0.055772
23868416,0.055772
1950784,5.934844
15606272,0.055772
4417952,6.545658
10385056,2.816663
10212928,1.178741
2008160,8.622420
3672064,0.055772
-51517440,0.775194
-34344960,0.775194
-89296896,0.775194
-7298304,6.611947
-58386432,0.775194
-16528512,7.218363
-38852736,3.516211
-38208768,1.890079
-7512960,9.280177
-13737984,0.775194
8243200,4.596273
21432320,4.596273
1751680,10.208258
14013440,4.596273
3967040,10.791321
9325120,7.231735
9170560,5.668225
1803200,12.773736
3297280,4.596273
215547904,0.395257
17616896,6.254359
140935168,0.395257
39897088,6.863097
93784064,3.146769
92229632,1.514411
18135040,8.932807
33161216,0.395257
-9916800,4.836399
-16792448,3.212873
-16528000,1.664279
-16594112,2.056055
-16065216,2.095061
-16660224,2.444721
-16660224,2.444721
-16858560,3.592430
-2975040,11.885554
-6346752,0.871249
-5288960,0.871249
-9520128,0.871249
27187200,4.542373
46036992,2.913831
45312000,1.360452
45493248,1.753438
44043264,1.792565
45674496,2.143306
45674496,2.143306
46218240,3.294561
8156160,11.613308
17399808,0.564972
14499840,0.564972
26099712,0.564972
-4958400,4.836399
-8396224,3.212873
-8264000,1.664279
-8297056,2.056055
-8032608,2.095061
-8330112,2.444721
-8330112,2.444721
-8429280,3.592430
-1487520,11.885554
-3173376,0.871249
-2644480,0.871249
-4760064,0.871249
18515584,12.220279
18224000,10.815804
18296896,11.171119
17713728,11.206495
18369792,11.523614
18369792,11.523614
18588480,12.564513
3280320,20.085846
6998016,10.096576
5831680,10.096576
10497024,10.096576
-57472000,1.020935
-57701888,1.415274
-55862784,1.454535
-57931776,1.806484
-57931776,1.806484
-58621440,2.961701
-10344960,11.309082
-22069248,0.222717
-18391040,0.222717
-33103872,0.222717
-7110656,9.677419
-4571136,9.677419
-13015040,11.880409
-16189440,12.156863
-15110144,11.954459
-15427584,10.792513
-16189440,12.156863
-16125952,11.811024
-15935488,10.756972
-15745024,9.677419
-12761088,10.126785
-12570624,12.414467
-3618816,11.262026
-19300352,9.677419
9197568,3.807615
26187520,6.153771
32574720,6.448191
30403072,6.232634
31041792,4.995175
32574720,6.448191
32446976,6.079876
32063744,4.957325
31680512,3.807615
25676544,4.286184
25293312,6.722536
7281408,5.495201
38834176,3.807615
-54474240,3.754876
-67760640,4.056821
-63243264,3.835754
-64571904,2.566664
-67760640,4.056821
-67494912,3.679092
-66697728,2.527846
-65900544,1.348748
-53411328,1.839550
-52614144,4.338180
-15146496,3.079471
-80781312,1.348748
16956480,4.149163
15826048,3.928308
16158528,2.660440
16956480,4.149163
16889984,3.771798
16690496,2.621660
16491008,1.443696
13365696,1.934026
13166208,4.430251
3790272,3.172754
20214784,1.443696
27082496,8.771067
27651456,7.567110
29016960,8.980789
28903168,8.622446
28561792,7.530284
28220416,6.411698
22872192,6.877312
22530816,9.247707
6486144,8.053598
34592768,6.411698
45678848,3.156927
53431680,4.943285
50498176,2.665791
53431680,4.943285
52174464,2.652761
52384000,3.042150
52593536,3.428437
52384000,3.042150
53431680,4.943285
53431680,4.943285
50707712,3.067999
46936064,2.260232
10267264,4.254921
40230912,2.260232
-85776896,0.981896
-100335360,2.808374
-94826752,0.479730
-100335360,2.808374
-97974528,0.466407
-98368000,0.864541
-98761472,1.259503
-98368000,0.864541
-100335360,2.808374
-100335360,2.808374
-95220224,0.890970
-88137728,0.065062
-19280128,2.104550
-75546624,0.065062
-15079680,5.692216
-14251776,3.432667
-15079680,5.692216
-14724864,3.419739
-14784000,3.806061
-14843136,4.189303
-14784000,3.806061
-15079680,5.692216
-15079680,5.692216
-14310912,3.831706
-13246464,3.030303
-2897664,5.009276
-11354112,3.030303
26267072,2.695512
27792960,4.972310
27139008,2.682486
27248000,3.071756
27356992,3.457924
27248000,3.071756
27792960,4.972310
27792960,4.972310
26376064,3.097596
24414208,2.290076
5340608,4.284156
20926464,2.290076
21689280,6.330869
21178944,4.073782
21264000,4.457487
21349056,4.838134
21264000,4.457487
21689280,6.330869
21689280,6.330869
20583552,4.482958
19052544,3.686983
4167744,5.652555
16330752,3.686983
75665408,0.914849
87306240,0.914849
58204160,0.914849
151330816,0.914849
12368384,6.743387
98947072,0.914849
28010752,7.348949
88125440,1.389728
101683200,1.389728
67788800,1.389728
176250880,1.389728
14405120,7.190332
115240960,1.389728
32623360,7.792992
76686080,4.113769
-13318656,10.444777
-15367680,10.444777
-10245120,10.444777
-26637312,10.444777
-2177088,15.712732
-17416704,10.444777
-4930464,16.260052
-11589792,12.918679
-11397696,11.451016
8965632,4.974016
10344960,4.974016
6896640,4.974016
17931264,4.974016
1465536,10.563781
11724288,4.974016
3319008,11.144534
7801824,7.599044
7672512,6.041724
1508640,13.119100
-13950976,2.290076
-16097280,2.290076
-10731520,2.290076
-27901952,2.290076
-2280448,8.037719
-18243584,2.290076
-5164544,8.634876
-12140032,4.989245
-11938816,3.387941
-2347520,10.665213
-4292608,2.290076
27283200,4.878254
46199552,3.255443
45472000,1.707530
45653888,2.099133
44198784,2.138122
45835776,2.487629
8606400,4.053542
14573504,2.416660
14344000,0.855326
14401376,1.250325
13942368,1.289652
14458752,1.642189
14458752,1.642189
-32198400,4.744186
-54522624,3.119087
-53664000,1.568992
-53878656,1.961148
-52161408,2.000191
-54093312,2.350191
-54093312,2.350191
-54737280,3.499012
7728000,8.412422
13086080,6.849905
12880000,5.359503
12931520,5.736557
12519360,5.774097
12983040,6.110618
12983040,6.110618
13137600,7.215199
2318400,15.196687
77721600,4.379447
131608576,2.748125
129536000,1.192095
130054144,1.585752
125908992,1.624945
130572288,1.976285
130572288,1.976285
132126720,3.129505
23316480,11.462451
49741824,0.395257
-7404544,0.871249
-4760064,0.871249
-13552960,3.289023
-16858560,3.592430
-15734656,3.370293
-16065216,2.095061
-16858560,3.592430
-16792448,3.212873
20299776,0.564972
13049856,0.564972
37155840,2.990216
46218240,3.294561
43137024,3.071737
44043264,1.792565
46218240,3.294561
46036992,2.913831
45493248,1.753438
-3702272,0.871249
-2380032,0.871249
-6776480,3.289023
-8429280,3.592430
-7867328,3.370293
-8032608,2.095061
-8429280,3.592430
-8396224,3.212873
-8297056,2.056055
-8197888,0.871249
8164352,10.096576
5248512,10.096576
14943680,12.289342
18588480,12.564513
17349248,12.363049
17713728,11.206495
18588480,12.564513
18515584,12.220279
18296896,11.171119
18078208,10.096576
14652096,10.543857
-25747456,0.222717
-16551936,0.222717
-47127040,2.656310
-58621440,2.961701
-54713344,2.738111
-55862784,1.454535
-58621440,2.961701
-58391552,2.579661
-57701888,1.415274
-57012224,0.222717
-46207488,0.719122
-45517824,3.246271
-13840384,10.506066
-16189440,12.156863
-15300608,10.052202
-16189440,12.156863
-15808512,10.040161
-15872000,10.400001
-15935488,10.756972
27848192,4.690114
32574720,6.448191
30786304,4.206754
32574720,6.448191
31808256,4.193930
31936000,4.577154
32063744,4.957325
31936000,4.577154
-57928704,2.253805
-67760640,4.056821
-64040448,1.758089
-67760640,4.056821
-66166272,1.744937
-66432000,2.137958
-66697728,2.527846
-66432000,2.137958
-67760640,4.056821
14496128,2.347882
16956480,4.149163
16025536,1.852643
16956480,4.149163
16557504,1.839504
16624000,2.232146
16690496,2.621660
16624000,2.232146
16956480,4.149163
16956480,4.149163
24806656,7.270307
29016960,8.980789
27423872,6.800032
29016960,8.980789
28334208,6.787555
28448000,7.160405
28561792,7.530284
28448000,7.160405
29016960,8.980789
29016960,8.980789
27537664,7.185156
53641216,2.260232
6705152,2.260232
10057728,2.260232
6705152,2.260232
6705152,2.260232
53641216,2.260232
13619840,3.763921
47774208,3.974965
53431680,4.943285
53222144,4.569046
51126784,3.862523
24934784,8.009630
7124224,8.009630
-100728832,0.065062
-12591104,0.065062
-18886656,0.065062
-12591104,0.065062
-12591104,0.065062
-100728832,0.065062
-25575680,1.602522
-89711616,1.818306
-100335360,2.808374
-99941888,2.425730
-96007168,1.703339
-46823168,5.943587
-13378048,5.943587
-16132352,2.502499
-15138816,3.030303
-1892352,3.030303
-2838528,3.030303
-1892352,3.030303
-1892352,3.030303
-15138816,3.030303
-3843840,4.522144
-13483008,4.731526
-15079680,5.692216
-15020544,5.320926
-14429184,4.619970
-7037184,8.734403
-2010624,8.734403
-2424576,5.395418
-6504960,8.319559
3487744,2.290076
5231616,2.290076
3487744,2.290076
3487744,2.290076
27901952,2.290076
7084480,3.793306
24850176,4.004285
27792960,4.972310
27683968,4.598185
26594048,3.891878
12970048,8.037719
3705728,8.037719
4468672,4.673245
11989120,7.619709
27248000,3.071756
4082688,3.686983
2721792,3.686983
2721792,3.686983
21774336,3.686983
5528640,5.168722
19392768,5.376685
21689280,6.330869
21604224,5.962093
20753664,5.265884
10121664,9.352454
2891904,9.352454
3487296,6.036081
9356160,8.940420
21264000,4.457487
21689280,6.330869
65843456,3.652008
64752128,2.028165
12732160,9.407862
23281664,0.914849
75415040,2.497709
14828800,9.842037
27115520,1.389728
-2241120,18.120939
-4098048,10.444777
2758656,4.974016
6465600,8.775055
-10060800,6.198473
-17036288,4.598185
45835776,2.487629
46381440,3.634833
8184960,11.924310
17461248,0.914849
14551040,0.914849
26191872,0.914849
14630880,2.799339
2581920,11.160686
5508096,0.055772
4590080,0.055772
8262144,0.055772
6426112,0.055772
-9659520,11.800172
-20606976,0.775194
-17172480,0.775194
-30910464,0.775194
-24041472,0.775194
-15455232,0.775194
4945920,4.596273
4121600,4.596273
7418880,4.596273
5770240,4.596273
3709440,4.596273
10561600,6.923193
41451520,0.395257
74612736,0.395257
58032128,0.395257
37306368,0.395257
106219520,2.824641
132126720,3.129505
-16594112,2.056055
-16395776,0.871249
-13288512,1.364427
-13090176,3.875150
-3768384,2.610350
-20098048,0.871249
44949504,0.564972
36430848,1.059673
35887104,3.578154
10331136,2.309446
55099392,0.564972
-6644256,1.364427
-6545088,3.875150
-1884192,2.610350
-10049024,0.871249
-7206208,1.780687
14433408,12.820922
4155072,11.673829
22160384,10.096576
15891328,10.921378
18588480,12.564513
-13103616,1.973196
-69885952,0.222717
-50115584,1.138105
-58621440,2.961701
-55403008,0.636731
-15872000,10.400001
-16189440,12.156863
-16189440,12.156863
-15364096,10.423887
-14221312,9.677419
-3110912,11.520738
-12189696,9.677419
-16252928,9.677419
-2031616,9.677419
-3047424,9.677419
-2031616,9.677419
-2031616,9.677419
-16252928,9.677419
32574720,6.448191
32574720,6.448191
30914048,4.602593
28614656,3.807615
6259456,5.770725
24526848,3.807615
32702464,3.807615
4087808,3.807615
6131712,3.807615
4087808,3.807615
4087808,3.807615
32702464,3.807615
-67760640,4.056821
-64306176,2.164047
-59523072,1.348748
-13020672,3.362038
-51019776,1.348748
-68026368,1.348748
-8503296,1.348748
-12754944,1.348748
-8503296,1.348748
-8503296,1.348748
-68026368,1.348748
-17272320,2.866459
16092032,2.258211
14895104,1.443696
3258304,3.455049
12767232,1.443696
2127872,1.443696
3191808,1.443696
2127872,1.443696
2127872,1.443696
17022976,1.443696
4322240,2.959947
15161088,3.172754
25489408,6.411698
5575808,8.321664
21848064,6.411698
5462016,6.411698
3641344,6.411698
3641344,6.411698
29130752,6.411698
7396480,7.851519
25944576,8.053598
29016960,8.980789
8590976,4.644129
23048960,7.591492
52384000,3.042150
53431680,4.943285
51964928,2.260232
25982464,5.413128
67051520,2.260232
53641216,2.260232
53641216,2.260232
-43281920,5.516058
-98368000,0.864541
-100335360,2.808374
-97581056,0.065062
-48790528,3.288769
-125911040,0.065062
-100728832,0.065062
-75546624,0.065062
-14784000,3.806061
-15079680,5.692216
-14665728,3.030303
-7332864,6.158358
-18923520,3.030303
-11354112,3.030303
27792960,4.972310
27030016,2.290076
13515008,5.442009
34877440,2.290076
20926464,2.290076
6757504,11.745875
21093888,3.686983
10546944,6.793854
27217920,3.686983
16330752,3.686983
5273472,13.007598
8760768,10.232528
54566400,4.878254
92399104,3.255443
90944000,1.707530
91307776,2.099133
88397568,2.138122
91671552,2.487629
91671552,2.487629
92762880,3.634833
16369920,11.924310
34922496,0.914849
29102080,0.914849
52383744,0.914849
63552000,5.334139
107614720,3.719105
105920000,2.178610
106343680,2.568337
102954240,2.607139
106767360,2.954971
106767360,2.954971
108038400,4.096677
19065600,12.346425
40673280,1.389728
33894400,1.389728
61009920,1.389728
-9604800,14.026986
-16264128,12.560256
-16008000,11.161220
-16072032,11.515159
-15559776,11.550398
-16136064,11.866289
-16136064,11.866289
-16328160,12.903157
-2881440,20.395357
-6147072,10.444777
-5122560,10.444777
-9220608,10.444777
10948416,7.218724
10776000,5.734224
10819104,6.109785
10474272,6.147177
10862208,6.482365
10862208,6.482365
10991520,7.582573
1939680,15.532459
4137984,4.974016
3448320,4.974016
6206976,4.974016
-16768000,3.071756
-16835072,3.457924
-16298496,3.496372
-16902144,3.841028
-16902144,3.841028
-17103360,4.972310
-3018240,13.146734
-6438912,2.290076
-5365760,2.290076
-9658368,2.290076
20371456,0.914849
13095936,0.914849
37287040,3.331559
46381440,3.634833
43289344,3.412794
44198784,2.138122
46381440,3.634833
46199552,3.255443
45653888,2.099133
45108224,0.914849
36559488,1.407810
36013824,3.917429
10367616,2.653185
55293952,0.914849
4131072,0.055772
11762080,2.493436
14630880,2.799339
13655488,2.575375
13942368,1.289652
14630880,2.799339
14573504,2.416660
14401376,1.250325
14229248,0.055772
11532576,0.553007
11360448,3.084385
3270432,1.809180
17442304,0.055772
-44004480,3.195311
-54737280,3.499012
-51088128,3.276659
-52161408,2.000191
-54737280,3.499012
-54522624,3.119087
-53878656,1.961148
-53234688,0.775194
-43145856,1.268849
-42501888,3.782006
-12235392,2.515980
-65255424,0.775194
13137600,7.215199
12261760,7.001409
12519360,5.774097
13137600,7.215199
13086080,6.849905
12931520,5.736557
12776960,4.596273
10355520,5.070919
10200960,7.487296
2936640,6.270023
15662080,4.596273
123318272,2.906301
125908992,1.624945
132126720,3.129505
131608576,2.748125
130054144,1.585752
128499712,0.395257
104146944,0.890803
102592512,3.413583
29534208,2.142709
157515776,0.395257
-14412416,1.780687
-16858560,3.592430
-15932992,1.282571
-16858560,3.592430
-16461888,1.269356
-16528000,1.664279
-16594112,2.056055
-16528000,1.664279
-16858560,3.592430
-16858560,3.592430
-15999104,1.690495
-14809088,0.871249
-3239488,2.894284
-12693504,0.871249
39512064,1.477220
46218240,3.294561
43680768,0.977565
46218240,3.294561
45130752,0.964309
45312000,1.360452
45493248,1.753438
45312000,1.360452
46218240,3.294561
46218240,3.294561
43862016,1.386749
40599552,0.564972
8881152,2.594258
34799616,0.564972
-8429280,3.592430
-7966496,1.282571
-8429280,3.592430
-8230944,1.269356
-8264000,1.664279
-8297056,2.056055
-8264000,1.664279
-8429280,3.592430
-8429280,3.592430
-7999552,1.690495
-7404544,0.871249
-1619744,2.894284
-6346752,0.871249
17567936,10.469619
18588480,12.564513
18151104,10.457634
18224000,10.815804
18296896,11.171119
18224000,10.815804
18588480,12.564513
18588480,12.564513
17640832,10.839580
16328704,10.096576
3571904,11.931339
13996032,10.096576
-58621440,2.961701
-57242112,0.623429
-57472000,1.020935
-57701888,1.415274
-57472000,1.020935
-58621440,2.961701
-58621440,2.961701
-55632896,1.047323
-51494912,0.222717
-11264512,2.258988
-44138496,0.222717
-4126720,11.066998
-14475264,11.262026
-16189440,12.156863
-16125952,11.811024
-15491072,11.158117
-7555072,14.990513
-2158592,14.990513
-2603008,11.880409
-6983680,14.604105
-15872000,10.400001
-16189440,12.156863
-15745024,9.677419
-7872512,12.591050
-20316160,9.677419
8303360,5.287498
29125632,5.495201
32574720,6.448191
32446976,6.079876
31169536,5.384540
15201536,9.465991
4343296,9.465991
5237504,6.153771
14051840,9.054472
31936000,4.577154
32574720,6.448191
31680512,3.807615
15840256,6.910595
40878080,3.807615
-60585984,3.079471
-67760640,4.056821
-67494912,3.679092
-64837632,2.965981
-31621632,7.151762
-9034752,7.151762
-10894848,3.754876
-29230080,6.729725
-66432000,2.137958
-67760640,4.056821
-65900544,1.348748
-32950272,4.531046
-85032960,1.348748
16956480,4.149163
16889984,3.771798
16225024,3.059373
7913024,7.241126
2260864,7.241126
2726336,3.847508
7314560,6.819494
16624000,2.232146
16956480,4.149163
16491008,1.443696
8245504,4.622931
21278720,1.443696
28903168,8.622446
27765248,7.945933
13541248,11.916893
3868928,11.916893
4665472,8.694341
12517120,11.516515
28448000,7.160405
29016960,8.980789
28220416,6.411698
14110208,9.430676
36413440,6.411698
40230912,2.260232
12991232,11.718919
21582208,8.902740
23677568,3.125186
24515712,6.437145
7124224,8.009630
41907200,2.260232
51126784,3.862523
53431680,4.943285
53431680,4.943285
40230912,2.260232
-24395264,9.736185
-40527616,6.856757
-44462336,0.949442
-46036224,4.335786
-13378048,5.943587
-78694400,0.065062
-96007168,1.703339
-100335360,2.808374
-100335360,2.808374
-75546624,0.065062
-3666432,12.414467
-6091008,9.620477
-6682368,3.888442
-6918912,7.174307
-2010624,8.734403
-11827200,3.030303
-14429184,4.619970
-15079680,5.692216
-15079680,5.692216
-11354112,3.030303
11226176,8.930556
12316096,3.154766
12752064,6.465714
3705728,8.037719
21798400,2.290076
26594048,3.891878
27792960,4.972310
27792960,4.972310
20926464,2.290076
9611328,4.539310
9951552,7.802924
2891904,9.352454
17011200,3.686983
20753664,5.265884
21689280,6.330869
21689280,6.330869
16330752,3.686983
40742912,0.914849
26191872,0.914849
74574080,3.331559
92762880,3.634833
86578688,3.412794
88397568,2.138122
92762880,3.634833
92399104,3.255443
47452160,1.389728
30504960,1.389728
86854400,3.794857
108038400,4.096677
100835840,3.875701
102954240,2.607139
108038400,4.096677
107614720,3.719105
106343680,2.568337
-7171584,10.444777
-4610304,10.444777
-13126560,12.629051
-16328160,12.903157
-15239616,12.702473
-15559776,11.550398
-16328160,12.903157
-16264128,12.560256
-16072032,11.515159
-15879936,10.444777
4827648,4.974016
3103488,4.974016
8836320,7.291723
10991520,7.582573
10258752,7.369629
10474272,6.147177
10991520,7.582573
10948416,7.218724
10819104,6.109785
10689792,4.974016
8663904,5.446782
-7512064,2.290076
-4829184,2.290076
-13749760,4.673245
-17103360,4.972310
-15963136,4.753352
-16298496,3.496372
-17103360,4.972310
-17036288,4.598185
-16835072,3.457924
-16633856,2.290076
-13481472,2.776195
-13280256,5.250983
39651584,1.823887
46381440,3.634833
43835008,1.325990
46381440,3.634833
45290112,1.312781
45472000,1.707530
45653888,2.099133
12507968,0.972692
14630880,2.799339
13827616,0.470479
14630880,2.799339
14286624,0.457155
14344000,0.855326
14401376,1.250325
14344000,0.855326
-46795008,1.685513
-54737280,3.499012
-51732096,1.186915
-54737280,3.499012
-53449344,1.173687
-53664000,1.568992
-53878656,1.961148
-53664000,1.568992
-54737280,3.499012
11231360,5.471537
13137600,7.215199
12416320,4.992139
13137600,7.215199
12828480,4.979421
12880000,5.359503
12931520,5.736557
12880000,5.359503
13137600,7.215199
13137600,7.215199
112955392,1.309062
132126720,3.129505
124872704,0.808555
132126720,3.129505
129017856,0.795276
129536000,1.192095
130054144,1.585752
129536000,1.192095
132126720,3.129505
132126720,3.129505
125390848,1.218437
-16924672,0.871249
-2115584,0.871249
-3173376,0.871249
-2115584,0.871249
-2115584,0.871249
-16924672,0.871249
-4297280,2.396307
-15073536,2.610350
-16858560,3.592430
-16792448,3.212873
-16131328,2.496310
-7867328,6.702352
-2247808,6.702352
46399488,0.564972
5799936,0.564972
8699904,0.564972
5799936,0.564972
5799936,0.564972
46399488,0.564972
11781120,2.094741
41324544,2.309446
46218240,3.294561
46036992,2.913831
44224512,2.195054
21568512,6.414091
6162432,6.414091
7431168,2.990216
-8462336,0.871249
-1057792,0.871249
-1586688,0.871249
-1057792,0.871249
-1057792,0.871249
-8462336,0.871249
-2148640,2.396307
-7536768,2.610350
-8429280,3.592430
-8396224,3.212873
-8065664,2.496310
-3933664,6.702352
-1123904,6.702352
-1355296,3.289023
-3636160,6.278271
2332672,10.096576
3499008,10.096576
2332672,10.096576
2332672,10.096576
18661376,10.096576
4738240,11.479706
16620288,11.673829
18588480,12.564513
18515584,12.220279
17786624,11.570402
8674624,15.385013
2478464,15.385013
2988736,12.289342
8018560,15.000399
18224000,10.815804
-11034624,0.222717
-7356416,0.222717
-7356416,0.222717
-58851328,0.222717
-14942720,1.757752
-52414464,1.973196
-58621440,2.961701
-58391552,2.579661
-56092672,1.858410
-27356672,6.091969
-7816192,6.091969
-9425408,2.656310
-25287680,5.665114
-57472000,1.020935
-58621440,2.961701
-16252928,9.677419
-16252928,9.677419
-12189696,9.677419
-3936256,18.418314
-6539264,15.815846
-7174144,10.476734
-7428096,13.537359
-2158592,14.990513
32702464,3.807615
24526848,3.807615
7920128,13.116556
13157632,10.344962
14435072,4.658875
14946048,7.918401
4343296,9.465991
-51019776,1.348748
-16475136,10.895642
-27369984,8.053202
-30027264,2.221768
-31090176,5.564613
-9034752,7.151762
12767232,1.443696
4122752,10.981402
6849088,8.141697
7514048,2.315876
7780032,5.655504
2260864,7.241126
13299200,1.443696
21848064,6.411698
7055104,15.468630
11720576,12.772068
12858496,7.239914
13313664,10.411199
3868928,11.916893
22758400,6.411698
27765248,7.945933
6705152,2.260232
53641216,2.260232
53641216,2.260232
6705152,2.260232
6705152,2.260232
13410304,2.260232
36878336,2.260232
23468032,2.260232
-100728832,0.065062
-100728832,0.065062
-12591104,0.065062
-12591104,0.065062
-25182208,0.065062
-69251072,0.065062
-44068864,0.065062
-37773312,0.065062
-15138816,3.030303
-1892352,3.030303
-1892352,3.030303
-3784704,3.030303
-10407936,3.030303
-6623232,3.030303
-5677056,3.030303
27901952,2.290076
3487744,2.290076
3487744,2.290076
6975488,2.290076
19182592,2.290076
12207104,2.290076
10463232,2.290076
8174400,6.198473
21774336,3.686983
2721792,3.686983
2721792,3.686983
5443584,3.686983
14969856,3.686983
9526272,3.686983
8165376,3.686983
6379200,7.539503
20753664,5.265884
91307776,2.099133
90216448,0.914849
73118976,1.407810
72027648,3.917429
20735232,2.653185
110587904,0.914849
105072640,1.389728
85159680,1.880327
83888640,4.377918
24149760,3.119733
128798720,1.389728
-12870432,10.890326
-12678336,13.158571
-3649824,12.015922
-19465728,10.444777
-13958976,11.266385
8534592,7.853591
2456928,6.641139
13103616,4.974016
9396672,5.845814
10991520,7.582573
-3823104,4.004285
-20389888,2.290076
-14621696,3.186498
-17103360,4.972310
-16164352,2.695512
45472000,1.707530
46381440,3.634833
46381440,3.634833
44016896,1.733734
40742912,0.914849
8912512,2.936995
34922496,0.914849
46563328,0.914849
5820416,0.914849
8730624,0.914849
5820416,0.914849
5820416,0.914849
46563328,0.914849
14630880,2.799339
14630880,2.799339
13884992,0.881758
12852224,0.055772
2811424,2.095451
11016192,0.055772
14688256,0.055772
1836032,0.055772
2754048,0.055772
1836032,0.055772
1836032,0.055772
14688256,0.055772
-54737280,3.499012
-51946752,1.595234
-48082944,0.775194
-10518144,2.800190
-41213952,0.775194
-54951936,0.775194
-6868992,0.775194
-10303488,0.775194
-6868992,0.775194
-6868992,0.775194
-54951936,0.775194
-13952640,2.301729
12467840,5.384734
11540480,4.596273
2524480,6.543288
9891840,4.596273
1648640,4.596273
2472960,4.596273
1648640,4.596273
1648640,4.596273
13189120,4.596273
3348800,6.064023
11746560,6.270023
116064256,0.395257
25389056,2.428007
99483648,0.395257
24870912,0.395257
16580608,0.395257
16580608,0.395257
132644864,0.395257
33679360,1.927637
118136832,2.142709
132126720,3.129505
-2710592,3.289023
-7272320,6.278271
-16528000,1.664279
-16858560,3.592430
-16395776,0.871249
-8197888,4.068951
-21155840,0.871249
-16924672,0.871249
-16924672,0.871249
19937280,5.988701
45312000,1.360452
46218240,3.294561
44949504,0.564972
22474752,3.772553
57999360,0.564972
46399488,0.564972
34799616,0.564972
-8264000,1.664279
-8429280,3.592430
-8197888,0.871249
-4098944,4.068951
-10577920,0.871249
-6346752,0.871249
18588480,12.564513
18078208,10.096576
9039104,12.996687
23326720,10.096576
13996032,10.096576
4519552,18.796907
-57012224,0.222717
-28506112,3.441339
-73564160,0.222717
-44138496,0.222717
-14253056,9.878583
-23678464,7.003698
-12697600,9.677419
-15491072,11.158117
-16189440,12.156863
-16189440,12.156863
-12189696,9.677419
-2031616,9.677419
-16252928,9.677419
-16252928,9.677419
-2031616,9.677419
25548800,3.807615
31169536,5.384540
32574720,6.448191
32574720,6.448191
24526848,3.807615
32702464,3.807615
32702464,3.807615
4087808,3.807615
-53145600,1.348748
-64837632,2.965981
-67760640,4.056821
-67760640,4.056821
-51019776,1.348748
-68026368,1.348748
-8503296,1.348748
16225024,3.059373
16956480,4.149163
16956480,4.149163
12767232,1.443696
17022976,1.443696
2127872,1.443696
2127872,1.443696
29016960,8.980789
29016960,8.980789
21848064,6.411698
29130752,6.411698
3641344,6.411698
3641344,6.411698
7282688,6.411698
20115456,2.260232
15715200,6.169823
51126784,3.862523
53431680,4.943285
53431680,4.943285
13410304,2.260232
53641216,2.260232
6705152,2.260232
10057728,2.260232
13410304,2.260232
13410304,2.260232
-29510400,4.062459
-96007168,1.703339
-100335360,2.808374
-100335360,2.808374
-25182208,0.065062
-100728832,0.065062
-12591104,0.065062
-18886656,0.065062
-25182208,0.065062
-25182208,0.065062
-4435200,6.909091
-14429184,4.619970
-15079680,5.692216
-15079680,5.692216
-3784704,3.030303
-15138816,3.030303
-1892352,3.030303
-2838528,3.030303
-3784704,3.030303
-3784704,3.030303
-13246464,3.030303
26594048,3.891878
27792960,4.972310
27792960,4.972310
6975488,2.290076
27901952,2.290076
3487744,2.290076
5231616,2.290076
6975488,2.290076
6975488,2.290076
24414208,2.290076
21689280,6.330869
21689280,6.330869
5443584,3.686983
2721792,3.686983
4082688,3.686983
5443584,3.686983
5443584,3.686983
19052544,3.686983
79303168,1.823887
92762880,3.634833
87670016,1.325990
92762880,3.634833
90580224,1.312781
90944000,1.707530
91307776,2.099133
90944000,1.707530
92762880,3.634833
92762880,3.634833
88033792,1.733734
81485824,0.914849
17825024,2.936995
69844992,0.914849
92362240,2.294410
108038400,4.096677
102106880,1.798899
108038400,4.096677
105496320,1.785753
105920000,2.178610
106343680,2.568337
105920000,2.178610
108038400,4.096677
108038400,4.096677
102530560,2.204689
94904320,1.389728
20760320,3.402183
81346560,1.389728
-16328160,12.903157
-15431712,10.816376
-16328160,12.903157
-15943968,10.804437
-16008000,11.161220
-16072032,11.515159
-16008000,11.161220
-16328160,12.903157
-16328160,12.903157
-15495744,11.184903
-14343168,10.444777
-3137568,12.272435
-12294144,10.444777
10388064,5.368315
10991520,7.582573
10732896,5.355647
10776000,5.734224
10819104,6.109785
10776000,5.734224
10991520,7.582573
10991520,7.582573
10431168,5.759355
9655296,4.974016
2112096,6.913322
8275968,4.974016
-17103360,4.972310
-16700928,2.682486
-16768000,3.071756
-16835072,3.457924
-16768000,3.071756
-17103360,4.972310
-17103360,4.972310
-16231424,3.097596
-15024128,2.290076
-3286528,4.284156
-12877824,2.290076
11822720,2.439236
41470464,2.653185
46381440,3.634833
46199552,3.255443
44380672,2.539196
21644672,6.743387
6184192,6.743387
7457408,3.331559
20007680,6.319493
45472000,1.707530
46381440,3.634833
45108224,0.914849
22554112,4.111144
58204160,0.914849
3729440,1.593376
13081728,1.809180
14630880,2.799339
14573504,2.416660
13999744,1.694202
6827744,5.934844
1950784,5.934844
2352416,2.493436
6311360,5.507276
14344000,0.855326
14630880,2.799339
14229248,0.055772
7114624,3.279780
18360320,0.055772
-48941568,2.515980
-54737280,3.499012
-54522624,3.119087
-52376064,2.401830
-25544064,6.611947
-7298304,6.611947
-8800896,3.195311
-23612160,6.187456
-53664000,1.568992
-54737280,3.499012
-53234688,0.775194
-26617344,3.975994
-68689920,0.775194
13137600,7.215199
13086080,6.849905
12570880,6.160269
6130880,10.208258
1751680,10.208258
2112320,6.923193
5667200,9.800113
12880000,5.359503
13137600,7.215199
12776960,4.596273
6388480,7.673813
16486400,4.596273
131608576,2.748125
126427136,2.028122
61659136,6.254359
17616896,6.254359
21243904,2.824641
56995840,5.828243
129536000,1.192095
132126720,3.129505
128499712,0.395257
64249856,3.608313
165806080,0.395257
-12693504,0.871249
-4098944,10.464354
-6809536,7.608154
-7470656,1.748494
-7735104,5.107520
-2247808,6.702352
-13222400,0.871249
-16131328,2.496310
-16858560,3.592430
-16858560,3.592430
-12693504,0.871249
11237376,10.187716
18668544,7.322692
20481024,1.444928
21206016,4.814332
6162432,6.414091
36249600,0.564972
44224512,2.195054
46218240,3.294561
46218240,3.294561
34799616,0.564972
-2049472,10.464354
-3404768,7.608154
-3735328,1.748494
-3867552,5.107520
-1123904,6.702352
-6611200,0.871249
-8065664,2.496310
-8429280,3.592430
-8429280,3.592430
-6346752,0.871249
7508288,16.206518
8237248,10.892181
8528832,13.938602
2478464,15.385013
14579200,10.096576
17786624,11.570402
18588480,12.564513
18588480,12.564513
13996032,10.096576
-25977344,1.105702
-26896896,4.486703
-7816192,6.091969
-45977600,0.222717
-56092672,1.858410
-58621440,2.961701
-58621440,2.961701
-44138496,0.222717
-2031616,9.677419
-4063232,9.677419
-11173888,9.677419
-7110656,9.677419
-6094848,9.677419
-4761600,13.290323
-15491072,11.158117
-16189440,12.156863
-16189440,12.156863
-4063232,9.677419
4087808,3.807615
8175616,3.807615
22482944,3.807615
14307328,3.807615
12263424,3.807615
9580800,7.655311
31169536,5.384540
32574720,6.448191
32574720,6.448191
8175616,3.807615
-8503296,1.348748
-17006592,1.348748
-46768128,1.348748
-29761536,1.348748
-25509888,1.348748
-19929600,5.294797
-64837632,2.965981
-67760640,4.056821
-67760640,4.056821
-17006592,1.348748
4255744,1.443696
11703296,1.443696
7447552,1.443696
6383616,1.443696
4987200,5.385948
16225024,3.059373
16956480,4.149163
16956480,4.149163
4255744,1.443696
20027392,6.411698
12744704,6.411698
10924032,6.411698
8534400,10.155231
27765248,7.945933
29016960,8.980789
29016960,8.980789
7282688,6.411698
46936064,2.260232
30173184,2.260232
6705152,2.260232
7124224,8.009630
53431680,4.943285
53431680,4.943285
53012608,4.191848
33525760,2.260232
33525760,2.260232
-88137728,0.065062
-56659968,0.065062
-12591104,0.065062
-13378048,5.943587
-100335360,2.808374
-100335360,2.808374
-99548416,2.040061
-62955520,0.065062
-62955520,0.065062
-8515584,3.030303
-1892352,3.030303
-2010624,8.734403
-15079680,5.692216
-15079680,5.692216
-14961408,4.946700
-9461760,3.030303
-9461760,3.030303
15694848,2.290076
3487744,2.290076
3705728,8.037719
27792960,4.972310
27792960,4.972310
27574976,4.221103
17438720,2.290076
17438720,2.290076
12248064,3.686983
2721792,3.686983
2891904,9.352454
21689280,6.330869
21689280,6.330869
21519168,5.590402
13608960,3.686983
13608960,3.686983
93126656,0.914849
11640832,0.914849
17461248,0.914849
11640832,0.914849
11640832,0.914849
93126656,0.914849
23645440,2.439236
82940928,2.653185
92762880,3.634833
92399104,3.255443
88761344,2.539196
43289344,6.743387
12368384,6.743387
108462080,1.389728
13557760,1.389728
20336640,1.389728
13557760,1.389728
13557760,1.389728
108462080,1.389728
27539200,2.906809
96599040,3.119733
108038400,4.096677
107614720,3.719105
103377920,3.006290
50417920,7.190332
14405120,7.190332
17370880,3.794857
-16392192,10.444777
-2049024,10.444777
-3073536,10.444777
-2049024,10.444777
-2049024,10.444777
-16392192,10.444777
-4162080,11.822550
-14599296,12.015922
-16328160,12.903157
-16264128,12.560256
-15623808,11.912896
-7619808,15.712732
-2177088,15.712732
-2625312,12.629051
-7043520,15.329608
1379328,4.974016
2068992,4.974016
1379328,4.974016
1379328,4.974016
11034624,4.974016
2801760,6.435955
9827712,6.641139
10991520,7.582573
10948416,7.218724
10517376,6.531820
5129376,10.563781
1465536,10.563781
1767264,7.291723
4741440,10.157252
10776000,5.734224
-3219456,2.290076
-2146304,2.290076
-2146304,2.290076
-17170432,2.290076
-4359680,3.793306
-15292416,4.004285
-17103360,4.972310
-17036288,4.598185
-16365568,3.891878
-7981568,8.037719
-2280448,8.037719
-2749952,4.673245
-7377920,7.619709
-16768000,3.071756
-17103360,4.972310
46563328,0.914849
46563328,0.914849
34922496,0.914849
11277056,10.503735
18734464,7.648791
20553344,1.791708
21280896,5.149257
6184192,6.743387
14688256,0.055772
11016192,0.055772
3557312,9.727795
5909728,6.848098
6483488,0.940235
6712992,4.326893
1950784,5.934844
-41213952,0.775194
-13308672,10.377594
-22109568,7.518628
-24256128,1.653289
-25114752,5.015570
-7298304,6.611947
9891840,4.596273
3194240,13.828892
5306560,11.080022
5821760,5.440554
6027840,8.673356
1751680,10.208258
10304000,4.596273
99483648,0.395257
32124928,10.034426
53368832,7.164511
58550272,1.276715
60622848,4.651870
17616896,6.254359
103628800,0.395257
126427136,2.028122
-2115584,0.871249
-16924672,0.871249
-16924672,0.871249
-2115584,0.871249
-2115584,0.871249
-4231168,0.871249
-11635712,0.871249
-7404544,0.871249
46399488,0.564972
46399488,0.564972
5799936,0.564972
5799936,0.564972
11599872,0.564972
31899648,0.564972
20299776,0.564972
17399808,0.564972
-8462336,0.871249
-1057792,0.871249
-1057792,0.871249
-2115584,0.871249
-5817856,0.871249
-3702272,0.871249
-3173376,0.871249
18661376,10.096576
2332672,10.096576
2332672,10.096576
4665344,10.096576
12829696,10.096576
8164352,10.096576
6998016,10.096576
5467200,13.692713
-58851328,0.222717
-7356416,0.222717
-7356416,0.222717
-14712832,0.222717
-40460288,0.222717
-25747456,0.222717
-22069248,0.222717
-17241600,4.213809
-56092672,1.858410
-16252928,9.677419
-2031616,9.677419
-3047424,9.677419
-4063232,9.677419
-4063232,9.677419
-14221312,9.677419
-9142272,9.677419
-2031616,9.677419
32702464,3.807615
4087808,3.807615
6131712,3.807615
8175616,3.807615
8175616,3.807615
28614656,3.807615
18395136,3.807615
4087808,3.807615
-68026368,1.348748
-8503296,1.348748
-12754944,1.348748
-17006592,1.348748
-17006592,1.348748
-59523072,1.348748
-38264832,1.348748
-8503296,1.348748
17022976,1.443696
2127872,1.443696
3191808,1.443696
4255744,1.443696
4255744,1.443696
14895104,1.443696
9575424,1.443696
2127872,1.443696
2260864,7.241126
3641344,6.411698
5462016,6.411698
7282688,6.411698
7282688,6.411698
25489408,6.411698
16386048,6.411698
3641344,6.411698
3868928,11.916893
29016960,8.980789
53641216,2.260232
6705152,2.260232
10057728,2.260232
6705152,2.260232
10057728,2.260232
6705152,2.260232
43583488,2.260232
36878336,2.260232
-100728832,0.065062
-12591104,0.065062
-18886656,0.065062
-12591104,0.065062
-18886656,0.065062
-12591104,0.065062
-81842176,0.065062
-69251072,0.065062
-37773312,0.065062
-15138816,3.030303
-1892352,3.030303
-2838528,3.030303
-1892352,3.030303
-2838528,3.030303
-1892352,3.030303
-12300288,3.030303
-10407936,3.030303
-5677056,3.030303
-11354112,3.030303
3487744,2.290076
5231616,2.290076
3487744,2.290076
5231616,2.290076
3487744,2.290076
22670336,2.290076
19182592,2.290076
10463232,2.290076
20926464,2.290076
10790208,5.250983
4082688,3.686983
2721792,3.686983
4082688,3.686983
2721792,3.686983
17691648,3.686983
14969856,3.686983
8165376,3.686983
16330752,3.686983
8420544,6.605559
21689280,6.330869
14914816,3.331559
40015360,6.319493
90944000,1.707530
92762880,3.634833
90216448,0.914849
45108224,4.111144
116408320,0.914849
93126656,0.914849
93126656,0.914849
46604800,6.768470
105920000,2.178610
108038400,4.096677
105072640,1.389728
52536320,4.570704
135577600,1.389728
108462080,1.389728
81346560,1.389728
-16008000,11.161220
-16328160,12.903157
-15879936,10.444777
-7939968,13.333656
-20490240,10.444777
-12294144,10.444777
10991520,7.582573
10689792,4.974016
5344896,8.039371
13793280,4.974016
8275968,4.974016
2672448,14.170079
-16633856,2.290076
-8316928,5.442009
-21463040,2.290076
-12877824,2.290076
-4158464,11.745875
-6908416,8.930556
36377600,0.914849
44380672,2.539196
46381440,3.634833
46381440,3.634833
34922496,0.914849
5820416,0.914849
46563328,0.914849
46563328,0.914849
5820416,0.914849
11475200,0.055772
13999744,1.694202
14630880,2.799339
14630880,2.799339
11016192,0.055772
14688256,0.055772
14688256,0.055772
1836032,0.055772
-42931200,0.775194
-52376064,2.401830
-54737280,3.499012
-54737280,3.499012
-41213952,0.775194
-54951936,0.775194
-6868992,0.775194
12570880,6.160269
13137600,7.215199
13137600,7.215199
9891840,4.596273
13189120,4.596273
1648640,4.596273
1648640,4.596273
132126720,3.129505
132126720,3.129505
99483648,0.395257
132644864,0.395257
16580608,0.395257
16580608,0.395257
33161216,0.395257
-6346752,0.871249
-4958400,4.836399
-16131328,2.496310
-16858560,3.592430
-16858560,3.592430
-4231168,0.871249
-16924672,0.871249
-2115584,0.871249
-3173376,0.871249
-4231168,0.871249
-4231168,0.871249
13593600,4.542373
44224512,2.195054
46218240,3.294561
46218240,3.294561
11599872,0.564972
46399488,0.564972
5799936,0.564972
8699904,0.564972
11599872,0.564972
11599872,0.564972
-2479200,4.836399
-8065664,2.496310
-8429280,3.592430
-8429280,3.592430
-2115584,0.871249
-8462336,0.871249
-1057792,0.871249
-1586688,0.871249
-2115584,0.871249
-2115584,0.871249
-7404544,0.871249
17786624,11.570402
18588480,12.564513
18588480,12.564513
4665344,10.096576
18661376,10.096576
2332672,10.096576
3499008,10.096576
4665344,10.096576
4665344,10.096576
16328704,10.096576
-58621440,2.961701
-58621440,2.961701
-14712832,0.222717
-7356416,0.222717
-11034624,0.222717
-14712832,0.222717
-14712832,0.222717
-51494912,0.222717
-2158592,14.990513
-16189440,12.156863
-16189440,12.156863
-16062464,11.462451
-10158080,9.677419
-10158080,9.677419
-16252928,9.677419
-2031616,9.677419
-3047424,9.677419
-2031616,9.677419
4343296,9.465991
32574720,6.448191
32574720,6.448191
32319232,5.708651
20439040,3.807615
20439040,3.807615
32702464,3.807615
4087808,3.807615
6131712,3.807615
4087808,3.807615
6131712,3.807615
-9034752,7.151762
-67760640,4.056821
-67760640,4.056821
-67229184,3.298377
-42516480,1.348748
-42516480,1.348748
-68026368,1.348748
-8503296,1.348748
-12754944,1.348748
-8503296,1.348748
-12754944,1.348748
-8503296,1.348748
16956480,4.149163
16956480,4.149163
16823488,3.391449
10639360,1.443696
10639360,1.443696
2127872,1.443696
3191808,1.443696
2127872,1.443696
3191808,1.443696
2127872,1.443696
29016960,8.980789
28789376,8.261271
18206720,6.411698
18206720,6.411698
5462016,6.411698
3641344,6.411698
5462016,6.411698
3641344,6.411698
23668736,6.411698
20115456,2.260232
40230912,2.260232
20744064,5.222044
53431680,4.943285
53222144,4.569046
51964928,2.260232
50288640,2.260232
40230912,2.260232
53641216,2.260232
53641216,2.260232
53641216,2.260232
-75546624,0.065062
-38953728,3.093393
-100335360,2.808374
-99941888,2.425730
-97581056,0.065062
-94433280,0.065062
-75546624,0.065062
-100728832,0.065062
-100728832,0.065062
-100728832,0.065062
-100728832,0.065062
-5854464,5.968779
-15079680,5.692216
-15020544,5.320926
-14665728,3.030303
-14192640,3.030303
-11354112,3.030303
-15138816,3.030303
-15138816,3.030303
-15138816,3.030303
-15138816,3.030303
27792960,4.972310
27683968,4.598185
27030016,2.290076
26158080,2.290076
20926464,2.290076
27901952,2.290076
27901952,2.290076
27901952,2.290076
21604224,5.962093
21093888,3.686983
20413440,3.686983
16330752,3.686983
21774336,3.686983
21774336,3.686983
69844992,0.914849
22554112,10.503735
37468928,7.648791
41106688,1.791708
42561792,5.149257
12368384,6.743387
72755200,0.914849
88761344,2.539196
92762880,3.634833
92762880,3.634833
69844992,0.914849
26268160,10.932658
43639040,8.091397
47875840,2.262385
49570560,5.603842
14405120,7.190332
84736000,1.389728
103377920,3.006290
108038400,4.096677
108038400,4.096677
81346560,1.389728
-3969984,19.111412
-6595296,16.531055
-7235616,11.237302
-7491744,14.271924
-2177088,15.712732
-12806400,10.444777
-15623808,11.912896
-16328160,12.903157
-16328160,12.903157
-12294144,10.444777
4439712,11.432093
4870752,5.814954
5043168,9.034956
1465536,10.563781
8620800,4.974016
10517376,6.531820
10991520,7.582573
10991520,7.582573
8275968,4.974016
-7579136,3.154766
-7847424,6.465714
-2280448,8.037719
-13414400,2.290076
-16365568,3.891878
-17103360,4.972310
-17103360,4.972310
-12877824,2.290076
5820416,0.914849
11640832,0.914849
32012288,0.914849
20371456,0.914849
17461248,0.914849
13641600,4.878254
44380672,2.539196
46381440,3.634833
46381440,3.634833
11640832,0.914849
1836032,0.055772
3672064,0.055772
10098176,0.055772
6426112,0.055772
5508096,0.055772
4303200,4.053542
13999744,1.694202
14630880,2.799339
14630880,2.799339
3672064,0.055772
-6868992,0.775194
-13737984,0.775194
-37779456,0.775194
-24041472,0.775194
-20606976,0.775194
-16099200,4.744186
-52376064,2.401830
-54737280,3.499012
-54737280,3.499012
-13737984,0.775194
3297280,4.596273
9067520,4.596273
5770240,4.596273
4945920,4.596273
3864000,8.412422
12570880,6.160269
13137600,7.215199
13137600,7.215199
3297280,4.596273
91193344,0.395257
58032128,0.395257
49741824,0.395257
38860800,4.379447
126427136,2.028122
132126720,3.129505
132126720,3.129505
33161216,0.395257
-14809088,0.871249
-9520128,0.871249
-2115584,0.871249
-2247808,6.702352
-16858560,3.592430
-16858560,3.592430
-16726336,2.830315
-10577920,0.871249
-10577920,0.871249
40599552,0.564972
26099712,0.564972
5799936,0.564972
6162432,6.414091
46218240,3.294561
46218240,3.294561
45855744,2.530091
28999680,0.564972
28999680,0.564972
-4760064,0.871249
-1057792,0.871249
-1123904,6.702352
-8429280,3.592430
-8429280,3.592430
-8363168,2.830315
-5288960,0.871249
-5288960,0.871249
10497024,10.096576
2332672,10.096576
2478464,15.385013
18588480,12.564513
18588480,12.564513
18442688,11.873323
11663360,10.096576
11663360,10.096576
-33103872,0.222717
-7356416,0.222717
-7816192,6.091969
-58621440,2.961701
-58621440,2.961701
-58161664,2.194600
-36782080,0.222717
-36782080,0.222717
-3047424,9.677419
-2031616,9.677419
-13205504,9.677419
-11173888,9.677419
-6094848,9.677419
-12189696,9.677419
-6285312,12.414467
-16189440,12.156863
-16125952,11.811024
-15745024,9.677419
-15237120,9.677419
-12189696,9.677419
4087808,3.807615
26570752,3.807615
22482944,3.807615
12263424,3.807615
24526848,3.807615
12646656,6.722536
32574720,6.448191
32446976,6.079876
31680512,3.807615
30658560,3.807615
24526848,3.807615
-55271424,1.348748
-46768128,1.348748
-25509888,1.348748
-51019776,1.348748
-26307072,4.338180
-67760640,4.056821
-67494912,3.679092
-65900544,1.348748
-63774720,1.348748
-51019776,1.348748
13831168,1.443696
11703296,1.443696
6383616,1.443696
12767232,1.443696
6583104,4.430251
16956480,4.149163
16889984,3.771798
16491008,1.443696
15959040,1.443696
12767232,1.443696
20027392,6.411698
10924032,6.411698
21848064,6.411698
11265408,9.247707
29016960,8.980789
28903168,8.622446
28220416,6.411698
27310080,6.411698
21848064,6.411698
53641216,2.260232
53641216,2.260232
16762880,2.260232
20115456,2.260232
36878336,2.260232
56993792,2.260232
38554624,2.260232
51755392,5.030185
53431680,4.943285
50917248,3.466896
43583488,2.260232
-100728832,0.065062
-31477760,0.065062
-37773312,0.065062
-69251072,0.065062
-107024384,0.065062
-72398848,0.065062
-97187584,2.897226
-100335360,2.808374
-95613696,1.298826
-81842176,0.065062
-4730880,3.030303
-5677056,3.030303
-10407936,3.030303
-16084992,3.030303
-10881024,3.030303
-14606592,5.778432
-15079680,5.692216
-14370048,4.227460
-12300288,3.030303
8719360,2.290076
10463232,2.290076
19182592,2.290076
29645824,2.290076
20054528,2.290076
26921024,5.059184
27792960,4.972310
26485056,3.496372
22670336,2.290076
6804480,3.686983
8165376,3.686983
14969856,3.686983
23135232,3.686983
15650304,3.686983
21008832,6.416501
21689280,6.330869
20668608,4.876032
17691648,3.686983
11640832,0.914849
93126656,0.914849
93126656,0.914849
11640832,0.914849
11640832,0.914849
23281664,0.914849
64024576,0.914849
40742912,0.914849
108462080,1.389728
108462080,1.389728
13557760,1.389728
13557760,1.389728
27115520,1.389728
74567680,1.389728
47452160,1.389728
40673280,1.389728
-16392192,10.444777
-2049024,10.444777
-2049024,10.444777
-4098048,10.444777
-11269632,10.444777
-7171584,10.444777
-6147072,10.444777
11034624,4.974016
1379328,4.974016
1379328,4.974016
2758656,4.974016
7586304,4.974016
4827648,4.974016
4137984,4.974016
3232800,8.775055
-17170432,2.290076
-2146304,2.290076
-2146304,2.290076
-4292608,2.290076
-11804672,2.290076
-7512064,2.290076
-6438912,2.290076
-5030400,6.198473
-16365568,3.891878
46563328,0.914849
5820416,0.914849
8730624,0.914849
11640832,0.914849
11640832,0.914849
40742912,0.914849
26191872,0.914849
5820416,0.914849
14688256,0.055772
1836032,0.055772
2754048,0.055772
3672064,0.055772
3672064,0.055772
12852224,0.055772
8262144,0.055772
1836032,0.055772
-54951936,0.775194
-6868992,0.775194
-10303488,0.775194
-13737984,0.775194
-13737984,0.775194
-48082944,0.775194
-30910464,0.775194
-6868992,0.775194
13189120,4.596273
1648640,4.596273
2472960,4.596273
3297280,4.596273
3297280,4.596273
11540480,4.596273
7418880,4.596273
1648640,4.596273
1751680,10.208258
16580608,0.395257
24870912,0.395257
33161216,0.395257
33161216,0.395257
116064256,0.395257
74612736,0.395257
16580608,0.395257
17616896,6.254359
132126720,3.129505
-16924672,0.871249
-2115584,0.871249
-3173376,0.871249
-2115584,0.871249
-3173376,0.871249
-2115584,0.871249
-13751296,0.871249
-11635712,0.871249
46399488,0.564972
5799936,0.564972
8699904,0.564972
5799936,0.564972
8699904,0.564972
5799936,0.564972
37699584,0.564972
31899648,0.564972
17399808,0.564972
-8462336,0.871249
-1057792,0.871249
-1586688,0.871249
-1057792,0.871249
-1586688,0.871249
-1057792,0.871249
-6875648,0.871249
-5817856,0.871249
-3173376,0.871249
-6346752,0.871249
2332672,10.096576
3499008,10.096576
2332672,10.096576
3499008,10.096576
2332672,10.096576
15162368,10.096576
12829696,10.096576
6998016,10.096576
13996032,10.096576
7216704,12.820922
-11034624,0.222717
-7356416,0.222717
-11034624,0.222717
-7356416,0.222717
-47816704,0.222717
-40460288,0.222717
-22069248,0.222717
-44138496,0.222717
-22758912,3.246271
-58621440,2.961701
-16252928,9.677419
-16252928,9.677419
-16252928,9.677419
-16252928,9.677419
-16252928,9.677419
-5079040,9.677419
-6094848,9.677419
-11173888,9.677419
32702464,3.807615
32702464,3.807615
32702464,3.807615
32702464,3.807615
32702464,3.807615
10219520,3.807615
12263424,3.807615
22482944,3.807615
-68026368,1.348748
-68026368,1.348748
-68026368,1.348748
-68026368,1.348748
-21258240,1.348748
-25509888,1.348748
-46768128,1.348748
-72278016,1.348748
17022976,1.443696
17022976,1.443696
17022976,1.443696
5319680,1.443696
6383616,1.443696
11703296,1.443696
18086912,1.443696
12235264,1.443696
29130752,6.411698
29130752,6.411698
9103360,6.411698
10924032,6.411698
20027392,6.411698
30951424,6.411698
20937728,6.411698
28106624,9.063998
10057728,2.260232
6705152,2.260232
6705152,2.260232
13410304,2.260232
13410304,2.260232
36878336,2.260232
10686336,8.009630
19696384,8.498940
17810560,8.009630
16762880,2.260232
-12591104,0.065062
-12591104,0.065062
-25182208,0.065062
-25182208,0.065062
-69251072,0.065062
-20067072,5.943587
-36986368,6.443888
-33445120,5.943587
-31477760,0.065062
-31477760,0.065062
-1892352,3.030303
-3784704,3.030303
-3784704,3.030303
-10407936,3.030303
-3015936,8.734403
-5558784,9.219858
-5026560,8.734403
-4730880,3.030303
-4730880,3.030303
-23654400,3.030303
3487744,2.290076
6975488,2.290076
6975488,2.290076
19182592,2.290076
5558592,8.037719
10245248,8.526880
9264320,8.037719
8719360,2.290076
8719360,2.290076
43596800,2.290076
26812032,4.673245
2721792,3.686983
5443584,3.686983
5443584,3.686983
14969856,3.686983
4337856,9.352454
7995264,9.834621
7229760,9.352454
6804480,3.686983
6804480,3.686983
34022400,3.686983
20923776,6.036081
20923776,6.036081
34922496,0.914849
27283200,4.878254
88761344,2.539196
92762880,3.634833
92762880,3.634833
23281664,0.914849
93126656,0.914849
11640832,0.914849
17461248,0.914849
23281664,0.914849
23281664,0.914849
31776000,5.334139
103377920,3.006290
108038400,4.096677
108038400,4.096677
27115520,1.389728
108462080,1.389728
13557760,1.389728
20336640,1.389728
27115520,1.389728
27115520,1.389728
-4802400,14.026986
-15623808,11.912896
-16328160,12.903157
-16328160,12.903157
-4098048,10.444777
-16392192,10.444777
-2049024,10.444777
-3073536,10.444777
-4098048,10.444777
-4098048,10.444777
-14343168,10.444777
10517376,6.531820
10991520,7.582573
10991520,7.582573
2758656,4.974016
11034624,4.974016
1379328,4.974016
2068992,4.974016
2758656,4.974016
2758656,4.974016
9655296,4.974016
-17103360,4.972310
-17103360,4.972310
-4292608,2.290076
-2146304,2.290076
-3219456,2.290076
-4292608,2.290076
-4292608,2.290076
-15024128,2.290076
6184192,6.743387
46381440,3.634833
46381440,3.634833
46017664,2.873053
29102080,0.914849
29102080,0.914849
46563328,0.914849
5820416,0.914849
8730624,0.914849
5820416,0.914849
1950784,5.934844
14630880,2.799339
14630880,2.799339
14516128,2.030955
9180160,0.055772
9180160,0.055772
14688256,0.055772
1836032,0.055772
2754048,0.055772
1836032,0.055772
2754048,0.055772
-7298304,6.611947
-54737280,3.499012
-54737280,3.499012
-54307968,2.736158
-34344960,0.775194
-34344960,0.775194
-54951936,0.775194
-6868992,0.775194
-10303488,0.775194
-6868992,0.775194
-10303488,0.775194
-6868992,0.775194
13137600,7.215199
13137600,7.215199
13034560,6.481723
8243200,4.596273
8243200,4.596273
1648640,4.596273
2472960,4.596273
1648640,4.596273
2472960,4.596273
1648640,4.596273
132126720,3.129505
131090432,2.363730
82903040,0.395257
82903040,0.395257
24870912,0.395257
16580608,0.395257
24870912,0.395257
16580608,0.395257
107773952,0.395257
-6346752,0.871249
-12693504,0.871249
-6545088,3.875150
-16858560,3.592430
-16792448,3.212873
-16395776,0.871249
-15866880,0.871249
-12693504,0.871249
-16924672,0.871249
-16924672,0.871249
-16924672,0.871249
34799616,0.564972
17943552,3.578154
46218240,3.294561
46036992,2.913831
44949504,0.564972
43499520,0.564972
34799616,0.564972
46399488,0.564972
46399488,0.564972
46399488,0.564972
46399488,0.564972
-3272544,3.875150
-8429280,3.592430
-8396224,3.212873
-8197888,0.871249
-7933440,0.871249
-6346752,0.871249
-8462336,0.871249
-8462336,0.871249
-8462336,0.871249
-8462336,0.871249
18588480,12.564513
18515584,12.220279
18078208,10.096576
17495040,10.096576
13996032,10.096576
18661376,10.096576
18661376,10.096576
18661376,10.096576
-58391552,2.579661
-57012224,0.222717
-55173120,0.222717
-44138496,0.222717
-58851328,0.222717
-58851328,0.222717
-17268736,9.677419
-11681792,9.677419
-15681536,12.237169
-16189440,12.156863
-15427584,10.792513
-13205504,9.677419
-3047424,9.677419
-2031616,9.677419
-2031616,9.677419
-4063232,9.677419
34746368,3.807615
23504896,3.807615
31552768,6.533715
32574720,6.448191
31041792,4.995175
26570752,3.807615
4087808,3.807615
4087808,3.807615
8175616,3.807615
8175616,3.807615
-48893952,1.348748
-65634816,4.144532
-67760640,4.056821
-64571904,2.566664
-55271424,1.348748
-8503296,1.348748
-17006592,1.348748
-17006592,1.348748
16424512,4.236789
16956480,4.149163
16158528,2.660440
13831168,1.443696
2127872,1.443696
4255744,1.443696
4255744,1.443696
11703296,1.443696
29016960,8.980789
27651456,7.567110
23668736,6.411698
3641344,6.411698
7282688,6.411698
7282688,6.411698
20027392,6.411698
16762880,2.260232
83814400,2.260232
51545856,4.644129
51545856,4.644129
53431680,4.943285
43583488,2.260232
30173184,2.260232
13410304,2.260232
53641216,2.260232
53641216,2.260232
23468032,2.260232
50288640,2.260232
63698944,2.260232
-157388800,0.065062
-96794112,2.502499
-96794112,2.502499
-100335360,2.808374
-81842176,0.065062
-56659968,0.065062
-100728832,0.065062
-100728832,0.065062
-44068864,0.065062
-94433280,0.065062
-119615488,0.065062
-38953728,3.093393
-14547456,5.395418
-14547456,5.395418
-15079680,5.692216
-12300288,3.030303
-8515584,3.030303
-15138816,3.030303
-6623232,3.030303
-14192640,3.030303
-17977344,3.030303
-5854464,5.968779
-6091008,9.620477
26812032,4.673245
27792960,4.972310
22670336,2.290076
15694848,2.290076
27901952,2.290076
12207104,2.290076
26158080,2.290076
33133568,2.290076
10790208,5.250983
11226176,8.930556
19836544,5.511283
21689280,6.330869
17691648,3.686983
12248064,3.686983
21774336,3.686983
9526272,3.686983
20413440,3.686983
25857024,3.686983
8420544,6.605559
8760768,10.232528
15480192,6.862137
16075584,6.234946
81485824,0.914849
52383744,0.914849
11640832,0.914849
12368384,6.743387
92762880,3.634833
92762880,3.634833
92035328,2.873053
58204160,0.914849
58204160,0.914849
94904320,1.389728
61009920,1.389728
13557760,1.389728
14405120,7.190332
108038400,4.096677
108038400,4.096677
107191040,3.338548
67788800,1.389728
67788800,1.389728
-9220608,10.444777
-2049024,10.444777
-2177088,15.712732
-16328160,12.903157
-16328160,12.903157
-16200096,12.214643
-10245120,10.444777
-10245120,10.444777
6206976,4.974016
1379328,4.974016
1465536,10.563781
10991520,7.582573
10991520,7.582573
10905312,6.852000
6896640,4.974016
6896640,4.974016
-9658368,2.290076
-2146304,2.290076
-2280448,8.037719
-17103360,4.972310
-17103360,4.972310
-16969216,4.221103
-10731520,2.290076
-10731520,2.290076
8730624,0.914849
5820416,0.914849
37832704,0.914849
32012288,0.914849
17461248,0.914849
34922496,0.914849
18006912,3.917429
46381440,3.634833
46199552,3.255443
45108224,0.914849
43653120,0.914849
34922496,0.914849
1836032,0.055772
11934208,0.055772
10098176,0.055772
5508096,0.055772
11016192,0.055772
5680224,3.084385
14630880,2.799339
14573504,2.416660
14229248,0.055772
13770240,0.055772
11016192,0.055772
-44648448,0.775194
-37779456,0.775194
-20606976,0.775194
-41213952,0.775194
-21250944,3.782006
-54737280,3.499012
-54522624,3.119087
-53234688,0.775194
-51517440,0.775194
-41213952,0.775194
10716160,4.596273
9067520,4.596273
4945920,4.596273
9891840,4.596273
5100480,7.487296
13137600,7.215199
13086080,6.849905
12776960,4.596273
12364800,4.596273
9891840,4.596273
91193344,0.395257
49741824,0.395257
99483648,0.395257
51296256,3.413583
132126720,3.129505
131608576,2.748125
128499712,0.395257
124354560,0.395257
99483648,0.395257
-16924672,0.871249
-16924672,0.871249
-5288960,0.871249
-6346752,0.871249
-11635712,0.871249
-17982464,0.871249
-12164608,0.871249
-16329664,3.680566
-16858560,3.592430
-16065216,2.095061
-13751296,0.871249
46399488,0.564972
14499840,0.564972
17399808,0.564972
31899648,0.564972
49299456,0.564972
33349632,0.564972
44768256,3.382968
46218240,3.294561
44043264,1.792565
37699584,0.564972
-2644480,0.871249
-3173376,0.871249
-5817856,0.871249
-8991232,0.871249
-6082304,0.871249
-8164832,3.680566
-8429280,3.592430
-8032608,2.095061
-6875648,0.871249
5831680,10.096576
6998016,10.096576
12829696,10.096576
19827712,10.096576
13412864,10.096576
18005312,12.644445
18588480,12.564513
17713728,11.206495
15162368,10.096576
-18391040,0.222717
-22069248,0.222717
-40460288,0.222717
-62529536,0.222717
-42299392,0.222717
-56782336,3.050413
-58621440,2.961701
-55862784,1.454535
-47816704,0.222717
-4063232,9.677419
-11173888,9.677419
-3237888,14.990513
-5967872,15.442690
-5396480,14.990513
-5079040,9.677419
-5079040,9.677419
-25395200,9.677419
-15618048,11.880409
-15618048,11.880409
-16189440,12.156863
-13205504,9.677419
-9142272,9.677419
22482944,3.807615
6514944,9.465991
12007936,9.947555
10858240,9.465991
10219520,3.807615
10219520,3.807615
51097600,3.807615
31425024,6.153771
31425024,6.153771
32574720,6.448191
26570752,3.807615
18395136,3.807615
-46768128,1.348748
-13552128,7.151762
-24978432,7.645636
-22586880,7.151762
-21258240,1.348748
-21258240,1.348748
-106291200,1.348748
-65369088,3.754876
-65369088,3.754876
-67760640,4.056821
-55271424,1.348748
-38264832,1.348748
3391296,7.241126
6250624,7.734524
5652160,7.241126
5319680,1.443696
5319680,1.443696
26598400,1.443696
16358016,3.847508
16358016,3.847508
16956480,4.149163
13831168,1.443696
9575424,1.443696
5803392,11.916893
10696448,12.385420
9672320,11.916893
9103360,6.411698
9103360,6.411698
45516800,6.411698
27992832,8.694341
27992832,8.694341
29016960,8.980789
23668736,6.411698
16386048,6.411698
20744064,5.222044
21582208,8.902740
38135552,5.482422
39602304,4.845940
49660032,4.322252
53012608,4.191848
52803072,3.811657
40021376,5.842318
39811840,5.346751
47564672,3.551947
50917248,3.466896
52803072,3.811657
44002560,3.191087
60346368,2.260232
23468032,2.260232
-40527616,6.856757
-71611904,3.359620
-74366208,2.708843
-93252864,2.173394
-99548416,2.040061
-99154944,1.651331
-75153152,3.727599
-74759680,3.220902
-89318144,1.385788
-95613696,1.298826
-99154944,1.651331
-82629120,1.016823
-113319936,0.065062
-44068864,0.065062
-10762752,6.227106
-11176704,5.595639
-14015232,5.076077
-14961408,4.946700
-14902272,4.569504
-11294976,6.584166
-11235840,6.092504
-13423872,4.311841
-14370048,4.227460
-14902272,4.569504
-12418560,3.953824
-17031168,3.030303
-6623232,3.030303
20599488,4.874995
25831104,4.351467
27574976,4.221103
27465984,3.841028
20817472,5.871068
20708480,5.375653
24741184,3.581397
26485056,3.496372
27465984,3.841028
22888320,3.220647
31389696,2.290076
12207104,2.290076
20158272,5.718903
21519168,5.590402
21434112,5.215761
16245696,7.216779
16160640,6.728446
19307712,4.959842
20668608,4.876032
21434112,5.215761
17861760,4.604249
24496128,3.686983
9526272,3.686983
93126656,0.914849
11640832,0.914849
17461248,0.914849
11640832,0.914849
17461248,0.914849
11640832,0.914849
75665408,0.914849
64024576,0.914849
108462080,1.389728
13557760,1.389728
20336640,1.389728
13557760,1.389728
20336640,1.389728
13557760,1.389728
88125440,1.389728
74567680,1.389728
40673280,1.389728
-16392192,10.444777
-2049024,10.444777
-3073536,10.444777
-2049024,10.444777
-3073536,10.444777
-2049024,10.444777
-13318656,10.444777
-11269632,10.444777
-6147072,10.444777
-12294144,10.444777
1379328,4.974016
2068992,4.974016
1379328,4.974016
2068992,4.974016
1379328,4.974016
8965632,4.974016
7586304,4.974016
4137984,4.974016
8275968,4.974016
4267296,7.853591
-3219456,2.290076
-2146304,2.290076
-3219456,2.290076
-2146304,2.290076
-13950976,2.290076
-11804672,2.290076
-6438912,2.290076
-12877824,2.290076
-6640128,5.250983
-17103360,4.972310
46563328,0.914849
46563328,0.914849
46563328,0.914849
46563328,0.914849
46563328,0.914849
14551040,0.914849
17461248,0.914849
32012288,0.914849
14688256,0.055772
14688256,0.055772
14688256,0.055772
14688256,0.055772
14688256,0.055772
4590080,0.055772
5508096,0.055772
10098176,0.055772
-54951936,0.775194
-54951936,0.775194
-54951936,0.775194
-54951936,0.775194
-17172480,0.775194
-20606976,0.775194
-37779456,0.775194
-58386432,0.775194
13189120,4.596273
13189120,4.596273
13189120,4.596273
4121600,4.596273
4945920,4.596273
9067520,4.596273
14013440,4.596273
9479680,4.596273
132644864,0.395257
132644864,0.395257
41451520,0.395257
49741824,0.395257
91193344,0.395257
140935168,0.395257
95338496,0.395257
127981568,3.218063
-3173376,0.871249
-2115584,0.871249
-2115584,0.871249
-4231168,0.871249
-4231168,0.871249
-11635712,0.871249
-3371712,6.702352
-6214528,7.198616
-5619520,6.702352
-5288960,0.871249
5799936,0.564972
5799936,0.564972
11599872,0.564972
11599872,0.564972
31899648,0.564972
9243648,6.414091
17037312,6.911889
15406080,6.414091
14499840,0.564972
14499840,0.564972
-1057792,0.871249
-2115584,0.871249
-2115584,0.871249
-5817856,0.871249
-1685856,6.702352
-3107264,7.198616
-2809760,6.702352
-2644480,0.871249
-2644480,0.871249
-13222400,0.871249
2332672,10.096576
4665344,10.096576
4665344,10.096576
12829696,10.096576
3717696,15.385013
6852224,15.835093
6196160,15.385013
5831680,10.096576
5831680,10.096576
29158400,10.096576
17932416,12.289342
-7356416,0.222717
-14712832,0.222717
-14712832,0.222717
-40460288,0.222717
-11724288,6.091969
-21609472,6.591480
-19540480,6.091969
-18391040,0.222717
-18391040,0.222717
-91955200,0.222717
-56552448,2.656310
-56552448,2.656310
-4063232,9.677419
-16252928,9.677419
-16252928,9.677419
-7110656,9.677419
-15237120,9.677419
-19300352,9.677419
-6285312,12.414467
-6539264,15.815846
-11554816,12.655087
-11999232,12.066906
-15046656,11.582958
-16062464,11.462451
-15998976,11.111112
-12126208,12.987670
32702464,3.807615
32702464,3.807615
14307328,3.807615
30658560,3.807615
38834176,3.807615
12646656,6.722536
13157632,10.344962
23249408,6.978793
24143616,6.352387
30275328,5.836990
32319232,5.708651
32191488,5.334478
24399104,7.332990
24271360,6.845269
-68026368,1.348748
-29761536,1.348748
-63774720,1.348748
-80781312,1.348748
-26307072,4.338180
-27369984,8.053202
-48362496,4.600987
-50222592,3.958569
-62977536,3.429998
-67229184,3.298377
-66963456,2.914640
-50754048,4.964238
-50488320,4.464050
-60320256,2.652508
17022976,1.443696
7447552,1.443696
15959040,1.443696
20214784,1.443696
6583104,4.430251
6849088,8.141697
12102272,4.692805
12567744,4.051005
15759552,3.522943
16823488,3.391449
16756992,3.008082
12700736,5.055707
12634240,4.556000
15094592,2.746202
16158528,2.660440
29130752,6.411698
12744704,6.411698
27310080,6.411698
34592768,6.411698
11265408,9.247707
11720576,12.772068
20710144,9.497027
21506688,8.887579
26968704,8.386135
28789376,8.261271
28675584,7.897227
21734272,9.841637
21620480,9.367119
25830784,7.648549
27651456,7.567110
28675584,7.897227
13410304,2.260232
6705152,2.260232
22839424,6.743708
38764160,2.788555
51755392,5.030185
53431680,4.943285
50707712,3.067999
53431680,4.943285
51126784,3.862523
53431680,4.943285
53431680,4.943285
50707712,3.067999
52593536,3.428437
-25182208,0.065062
-12591104,0.065062
-42888448,4.649233
-72792320,0.605251
-97187584,2.897226
-100335360,2.808374
-95220224,0.890970
-100335360,2.808374
-96007168,1.703339
-100335360,2.808374
-100335360,2.808374
-95220224,0.890970
-98761472,1.259503
-100335360,2.808374
-1892352,3.030303
-6445824,7.478454
-10940160,3.554463
-14606592,5.778432
-15079680,5.692216
-14310912,3.831706
-15079680,5.692216
-14429184,4.619970
-15079680,5.692216
-15079680,5.692216
-14310912,3.831706
-14843136,4.189303
-15079680,5.692216
-14192640,3.030303
3487744,2.290076
11880128,6.772183
20163520,2.818238
26921024,5.059184
27792960,4.972310
26376064,3.097596
27792960,4.972310
26594048,3.891878
27792960,4.972310
27792960,4.972310
26376064,3.097596
27356992,3.457924
27792960,4.972310
26158080,2.290076
27792960,4.972310
2721792,3.686983
9271104,8.105011
15735360,4.207593
21008832,6.416501
21689280,6.330869
20583552,4.482958
21689280,6.330869
20753664,5.265884
21689280,6.330869
21689280,6.330869
20583552,4.482958
21349056,4.838134
21689280,6.330869
20413440,3.686983
21689280,6.330869
21689280,6.330869
34922496,0.914849
69844992,0.914849
36013824,3.917429
92762880,3.634833
92399104,3.255443
90216448,0.914849
87306240,0.914849
69844992,0.914849
93126656,0.914849
93126656,0.914849
93126656,0.914849
81346560,1.389728
41944320,4.377918
108038400,4.096677
107614720,3.719105
105072640,1.389728
101683200,1.389728
81346560,1.389728
108462080,1.389728
108462080,1.389728
108462080,1.389728
108462080,1.389728
-6339168,13.158571
-16328160,12.903157
-16264128,12.560256
-15879936,10.444777
-15367680,10.444777
-12294144,10.444777
-16392192,10.444777
-16392192,10.444777
-16392192,10.444777
-16392192,10.444777
10991520,7.582573
10948416,7.218724
10689792,4.974016
10344960,4.974016
8275968,4.974016
11034624,4.974016
11034624,4.974016
11034624,4.974016
-17036288,4.598185
-16633856,2.290076
-16097280,2.290076
-12877824,2.290076
-17170432,2.290076
-17170432,2.290076
49473536,0.914849
33467392,0.914849
44926336,3.722930
46381440,3.634833
44198784,2.138122
37832704,0.914849
8730624,0.914849
5820416,0.914849
5820416,0.914849
11640832,0.914849
15606272,0.055772
10557184,0.055772
14171872,2.888200
14630880,2.799339
13942368,1.289652
11934208,0.055772
1836032,0.055772
1836032,0.055772
3672064,0.055772
3672064,0.055772
-39496704,0.775194
-53020032,3.587233
-54737280,3.499012
-52161408,2.000191
-44648448,0.775194
-6868992,0.775194
-13737984,0.775194
-13737984,0.775194
12725440,7.300023
13137600,7.215199
12519360,5.774097
10716160,4.596273
1648640,4.596273
3297280,4.596273
3297280,4.596273
9067520,4.596273
132126720,3.129505
125908992,1.624945
107773952,0.395257
16580608,0.395257
33161216,0.395257
33161216,0.395257
91193344,0.395257
-5288960,0.871249
-26444800,0.871249
-16263552,3.289023
-16263552,3.289023
-16858560,3.592430
-13751296,0.871249
-9520128,0.871249
-4231168,0.871249
-16924672,0.871249
-16924672,0.871249
-7404544,0.871249
-15866880,0.871249
-20098048,0.871249
72499200,0.564972
44587008,2.990216
44587008,2.990216
46218240,3.294561
37699584,0.564972
26099712,0.564972
46399488,0.564972
46399488,0.564972
20299776,0.564972
43499520,0.564972
55099392,0.564972
17943552,3.578154
-8131776,3.289023
-8131776,3.289023
-8429280,3.592430
-6875648,0.871249
-4760064,0.871249
-8462336,0.871249
-3702272,0.871249
-7933440,0.871249
-10049024,0.871249
-3272544,3.875150
-3404768,7.608154
17932416,12.289342
18588480,12.564513
15162368,10.096576
10497024,10.096576
18661376,10.096576
8164352,10.096576
17495040,10.096576
22160384,10.096576
7216704,12.820922
7508288,16.206518
13267072,13.060425
-58621440,2.961701
-47816704,0.222717
-33103872,0.222717
-58851328,0.222717
-25747456,0.222717
-55173120,0.222717
-69885952,0.222717
-22758912,3.246271
-23678464,7.003698
-41839616,3.512078
-43448832,2.862328
-12062720,12.529712
-14411776,10.871110
-15427584,10.792513
-15998976,11.111112
-13332480,10.537634
-18284544,9.677419
-7110656,9.677419
-4063232,9.677419
-2031616,9.677419
-6920192,13.820657
-11745280,10.165649
-15681536,12.237169
28997888,5.078880
31041792,4.995175
32191488,5.334478
26826240,4.723733
36790272,3.807615
14307328,3.807615
8175616,3.807615
4087808,3.807615
13924096,8.220110
23632640,4.327574
31552768,6.533715
32574720,6.448191
-64571904,2.566664
-66963456,2.914640
-55802880,2.288283
-76529664,1.348748
-29761536,1.348748
-8503296,1.348748
-28964352,5.874034
-49159680,1.881998
-65634816,4.144532
-67760640,4.056821
-64306176,2.164047
16756992,3.008082
13964160,2.382327
19150848,1.443696
7447552,1.443696
2127872,1.443696
7248064,5.964627
12301760,1.976433
16424512,4.236789
16956480,4.149163
16092032,2.258211
16956480,4.149163
23896320,7.303016
32772096,6.411698
12744704,6.411698
3641344,6.411698
12403328,10.704741
21051520,6.917581
28106624,9.063998
29016960,8.980789
27537664,7.185156
29016960,8.980789
27765248,7.945933
53431680,4.943285
50288640,2.260232
53431680,4.943285
53431680,4.943285
45678848,3.156927
25982464,5.413128
30173184,2.260232
6705152,2.260232
26611072,7.647464
53431680,4.943285
49240960,3.507974
53431680,4.943285
-94433280,0.065062
-100335360,2.808374
-100335360,2.808374
-85776896,0.981896
-48790528,3.288769
-56659968,0.065062
-49970944,5.573287
-100335360,2.808374
-92465920,1.340827
-100335360,2.808374
-100335360,2.808374
-15079680,5.692216
-15079680,5.692216
-12891648,3.919933
-7332864,6.158358
-8515584,3.030303
-7510272,8.375090
-15079680,5.692216
-13896960,4.268214
-15079680,5.692216
-15079680,5.692216
-14606592,5.778432
27792960,4.972310
23760256,3.186498
13515008,5.442009
15694848,2.290076
13841984,7.675663
27792960,4.972310
25613120,3.537437
27792960,4.972310
27792960,4.972310
26921024,5.059184
24959168,4.423481
18542208,4.570589
10546944,6.793854
12248064,3.686983
10802112,8.995574
21689280,6.330869
19988160,4.916511
21689280,6.330869
21689280,6.330869
21008832,6.416501
19477824,5.789887
18031872,5.504210
93126656,0.914849
93126656,0.914849
29102080,0.914849
34922496,0.914849
64024576,0.914849
98947072,0.914849
66934784,0.914849
89852672,3.722930
92762880,3.634833
88397568,2.138122
75665408,0.914849
108462080,1.389728
33894400,1.389728
40673280,1.389728
74567680,1.389728
115240960,1.389728
77957120,1.389728
104648960,4.184351
108038400,4.096677
102954240,2.607139
88125440,1.389728
-5122560,10.444777
-6147072,10.444777
-11269632,10.444777
-17416704,10.444777
-11781888,10.444777
-15815904,12.982780
-16328160,12.903157
-15559776,11.550398
-13318656,10.444777
3448320,4.974016
4137984,4.974016
7586304,4.974016
11724288,4.974016
7931136,4.974016
10646688,7.667060
10991520,7.582573
10474272,6.147177
8965632,4.974016
-5365760,2.290076
-6438912,2.290076
-11804672,2.290076
-18243584,2.290076
-12341248,2.290076
-16566784,5.059184
-17103360,4.972310
-16298496,3.496372
-13950976,2.290076
11640832,0.914849
32012288,0.914849
9276288,6.743387
17097472,7.239433
15460480,6.743387
14551040,0.914849
14551040,0.914849
72755200,0.914849
44744448,3.331559
44744448,3.331559
46381440,3.634833
37832704,0.914849
26191872,0.914849
10098176,0.055772
2926176,5.934844
5393344,6.435191
4876960,5.934844
4590080,0.055772
4590080,0.055772
22950400,0.055772
14114496,2.493436
14114496,2.493436
14630880,2.799339
11934208,0.055772
8262144,0.055772
-37779456,0.775194
-10947456,6.611947
-20177664,7.108692
-18245760,6.611947
-17172480,0.775194
-17172480,0.775194
-85862400,0.775194
-52805376,3.195311
-52805376,3.195311
-54737280,3.499012
-44648448,0.775194
-30910464,0.775194
2627520,10.208258
4842880,10.685873
4379200,10.208258
4121600,4.596273
4121600,4.596273
20608000,4.596273
12673920,6.923193
12673920,6.923193
13137600,7.215199
10716160,4.596273
7418880,4.596273
26425344,6.254359
48705536,6.753006
44042240,6.254359
41451520,0.395257
41451520,0.395257
207257600,0.395257
127463424,2.824641
127463424,2.824641
132126720,3.129505
107773952,0.395257
74612736,0.395257
-6545088,3.875150
-6809536,7.608154
-12032384,4.139230
-12495168,3.493702
-15668544,2.962573
-16726336,2.830315
-16660224,2.444721
-12627392,4.504240
-12561280,4.001630
-15007424,2.181320
-16065216,2.095061
-16660224,2.444721
-13883520,1.815332
-19040256,0.871249
-7404544,0.871249
18668544,7.322692
32987136,3.843050
34255872,3.195528
42955776,2.662757
45855744,2.530091
45674496,2.143306
34618368,4.209188
34437120,3.705025
41143296,1.879091
44043264,1.792565
45674496,2.143306
38062080,1.511972
52199424,0.564972
20299776,0.564972
-6016192,4.139230
-6247584,3.493702
-7834272,2.962573
-8363168,2.830315
-8330112,2.444721
-6313696,4.504240
-6280640,4.001630
-7503712,2.181320
-8032608,2.095061
-8330112,2.444721
-6941760,1.815332
-9520128,0.871249
-3702272,0.871249
13777344,12.474974
17276352,11.993273
18442688,11.873323
18369792,11.523614
13923136,13.391466
13850240,12.935631
16547392,11.284727
17713728,11.206495
18369792,11.523614
15308160,10.952799
20994048,10.096576
8164352,10.096576
-54483456,2.327723
-58161664,2.194600
-57931776,1.806484
-43908608,3.879476
-43678720,3.373579
-52184576,1.541360
-55862784,1.454535
-57931776,1.806484
-48276480,1.172977
-66207744,0.222717
-25747456,0.222717
-16189440,12.156863
-15364096,10.423887
-16189440,12.156863
-15491072,11.158117
-16189440,12.156863
-16189440,12.156863
-15364096,10.423887
-15935488,10.756972
-16189440,12.156863
-15237120,9.677419
-16189440,12.156863
-16189440,12.156863
-13840384,10.506066
-7872512,12.591050
-9142272,9.677419
30914048,4.602593
32574720,6.448191
31169536,5.384540
32574720,6.448191
32574720,6.448191
30914048,4.602593
32063744,4.957325
32574720,6.448191
30658560,3.807615
32574720,6.448191
32574720,6.448191
27848192,4.690114
15840256,6.910595
18395136,3.807615
-67760640,4.056821
-64837632,2.965981
-67760640,4.056821
-67760640,4.056821
-64306176,2.164047
-66697728,2.527846
-67760640,4.056821
-63774720,1.348748
-67760640,4.056821
-67760640,4.056821
-57928704,2.253805
-32950272,4.531046
-38264832,1.348748
16225024,3.059373
16956480,4.149163
16956480,4.149163
16092032,2.258211
16690496,2.621660
16956480,4.149163
15959040,1.443696
16956480,4.149163
16956480,4.149163
14496128,2.347882
8245504,4.622931
9575424,1.443696
29016960,8.980789
29016960,8.980789
27537664,7.185156
28561792,7.530284
29016960,8.980789
27310080,6.411698
29016960,8.980789
29016960,8.980789
24806656,7.270307
14110208,9.430676
16386048,6.411698
53431680,4.943285
51755392,5.030185
47983744,4.394289
44421632,4.104379
50707712,3.067999
52384000,3.042150
53431680,4.943285
53431680,4.943285
51964928,2.260232
53431680,4.943285
53012608,4.191848
52174464,2.652761
53431680,4.943285
50917248,3.466896
35621120,3.410112
40230912,2.260232
-97187584,2.897226
-90105088,2.247047
-83416064,1.950627
-95220224,0.890970
-98368000,0.864541
-100335360,2.808374
-100335360,2.808374
-97581056,0.065062
-100335360,2.808374
-99548416,2.040061
-97974528,0.466407
-100335360,2.808374
-95613696,1.298826
-66890240,1.240767
-75546624,0.065062
-13542144,5.147545
-12536832,4.859920
-14310912,3.831706
-14784000,3.806061
-15079680,5.692216
-15079680,5.692216
-14665728,3.030303
-15079680,5.692216
-14961408,4.946700
-14724864,3.419739
-15079680,5.692216
-14370048,4.227460
-10053120,4.171123
-11354112,3.030303
23106304,4.133660
26376064,3.097596
27248000,3.071756
27792960,4.972310
27792960,4.972310
27030016,2.290076
27792960,4.972310
27574976,4.221103
27139008,2.682486
27792960,4.972310
26485056,3.496372
18528640,3.439605
20926464,2.290076
20583552,4.482958
21264000,4.457487
21689280,6.330869
21689280,6.330869
21093888,3.686983
21689280,6.330869
21519168,5.590402
21178944,4.073782
21689280,6.330869
20668608,4.876032
14459520,4.820077
16330752,3.686983
17461248,0.914849
11640832,0.914849
11640832,0.914849
23281664,0.914849
23281664,0.914849
64024576,0.914849
18552576,6.743387
34194944,7.239433
30920960,6.743387
29102080,0.914849
13557760,1.389728
13557760,1.389728
27115520,1.389728
27115520,1.389728
74567680,1.389728
21607680,7.190332
39825920,7.684000
36012800,7.190332
33894400,1.389728
33894400,1.389728
-2049024,10.444777
-4098048,10.444777
-4098048,10.444777
-11269632,10.444777
-3265632,15.712732
-6019008,16.161068
-5442720,15.712732
-5122560,10.444777
-5122560,10.444777
-25612800,10.444777
1379328,4.974016
2758656,4.974016
2758656,4.974016
7586304,4.974016
2198304,10.563781
4051776,11.039504
3663840,10.563781
3448320,4.974016
3448320,4.974016
17241600,4.974016
10603584,7.291723
-2146304,2.290076
-4292608,2.290076
-4292608,2.290076
-11804672,2.290076
-3420672,8.037719
-6304768,8.526880
-5701120,8.037719
-5365760,2.290076
-5365760,2.290076
-26828800,2.290076
-16499712,4.673245
-16499712,4.673245
11640832,0.914849
46563328,0.914849
46563328,0.914849
20371456,0.914849
43653120,0.914849
55293952,0.914849
18006912,3.917429
18734464,7.648791
33103616,4.181392
34376832,3.536149
43107456,3.005253
46017664,2.873053
45835776,2.487629
34740608,4.546242
14688256,0.055772
14688256,0.055772
6426112,0.055772
13770240,0.055772
17442304,0.055772
5680224,3.084385
5909728,6.848098
10442432,3.350637
10844064,2.699800
13598112,2.164300
14516128,2.030955
14458752,1.642189
10958816,3.718650
10901440,3.211906
-54951936,0.775194
-24041472,0.775194
-51517440,0.775194
-65255424,0.775194
-21250944,3.782006
-22109568,7.518628
-39067392,4.046341
-40569984,3.400189
-50873472,2.868544
-54307968,2.736158
-54093312,2.350191
-40999296,4.411705
-40784640,3.908609
-48726912,2.086535
13189120,4.596273
5770240,4.596273
12364800,4.596273
15662080,4.596273
5100480,7.487296
5306560,11.080022
9376640,7.741451
9737280,7.120182
12210240,6.609010
13034560,6.481723
12983040,6.110618
9840320,8.092745
9788800,7.609023
11695040,5.857116
12519360,5.774097
132644864,0.395257
58032128,0.395257
124354560,0.395257
157515776,0.395257
51296256,3.413583
53368832,7.164511
94302208,3.678930
97929216,3.030303
122800128,2.496623
131090432,2.363730
130572288,1.976285
98965504,4.045692
98447360,3.540670
117618688,1.711619
125908992,1.624945
130572288,1.976285
-4231168,0.871249
-2115584,0.871249
-7206208,5.418439
-12230720,1.407080
-16329664,3.680566
-16858560,3.592430
-15999104,1.690495
-16858560,3.592430
-16131328,2.496310
-16858560,3.592430
-16858560,3.592430
-15999104,1.690495
-16594112,2.056055
11599872,0.564972
5799936,0.564972
19756032,5.126212
33530880,1.102458
44768256,3.382968
46218240,3.294561
43862016,1.386749
46218240,3.294561
44224512,2.195054
46218240,3.294561
46218240,3.294561
43862016,1.386749
45493248,1.753438
46218240,3.294561
-1057792,0.871249
-3603104,5.418439
-6115360,1.407080
-8164832,3.680566
-8429280,3.592430
-7999552,1.690495
-8429280,3.592430
-8065664,2.496310
-8429280,3.592430
-8429280,3.592430
-7999552,1.690495
-8297056,2.056055
-8429280,3.592430
-7933440,0.871249
2332672,10.096576
7945664,14.220587
13485760,10.582541
18005312,12.644445
18588480,12.564513
17640832,10.839580
18588480,12.564513
17786624,11.570402
18588480,12.564513
18588480,12.564513
17640832,10.839580
18296896,11.171119
18588480,12.564513
17495040,10.096576
18588480,12.564513
-7356416,0.222717
-25057792,4.799656
-42529280,0.762054
-56782336,3.050413
-58621440,2.961701
-55632896,1.047323
-58621440,2.961701
-56092672,1.858410
-58621440,2.961701
-58621440,2.961701
-55632896,1.047323
-57701888,1.415274
-58621440,2.961701
-55173120,0.222717
-58621440,2.961701
-58621440,2.961701
-2031616,9.677419
-8062976,14.655830
-16189440,12.156863
-14919680,10.830474
-16189440,12.156863
-16189440,12.156863
-15681536,12.237169
-14538752,11.649529
-13459456,11.381618
-15364096,10.423887
-15872000,10.400001
-16189440,12.156863
-16189440,12.156863
16223488,9.109557
32574720,6.448191
30019840,5.035603
32574720,6.448191
32574720,6.448191
31552768,6.533715
29253376,5.907886
27081728,5.622566
30914048,4.602593
31936000,4.577154
32574720,6.448191
32574720,6.448191
31680512,3.807615
-33747456,6.786218
-67760640,4.056821
-62446080,2.608125
-67760640,4.056821
-67760640,4.056821
-65634816,4.144532
-60851712,3.502705
-56334336,3.210092
-64306176,2.164047
-66432000,2.137958
-67760640,4.056821
-67760640,4.056821
-65900544,1.348748
-67760640,4.056821
8444992,6.875933
16956480,4.149163
15626560,2.701861
16956480,4.149163
16956480,4.149163
16424512,4.236789
15227584,3.595580
14097152,3.303249
16092032,2.258211
16624000,2.232146
16956480,4.149163
16956480,4.149163
16491008,1.443696
16956480,4.149163
16823488,3.391449
14451584,11.570108
29016960,8.980789
26741120,7.606443
29016960,8.980789
29016960,8.980789
28106624,9.063998
26058368,8.455112
24123904,8.177516
27537664,7.185156
28448000,7.160405
29016960,8.980789
29016960,8.980789
28220416,6.411698
29016960,8.980789
28789376,8.261271
28334208,6.787555
36878336,2.260232
30173184,2.260232
53012608,4.191848
53431680,4.943285
53431680,4.943285
48821888,2.679716
42326272,3.227952
17810560,8.009630
11105408,11.480965
41069056,4.254921
49869568,4.724260
53431680,4.943285
47564672,3.551947
-69251072,0.065062
-56659968,0.065062
-99548416,2.040061
-100335360,2.808374
-100335360,2.808374
-91678976,0.493967
-79481344,1.054517
-33445120,5.943587
-20854016,9.492886
-77120512,2.104550
-93646336,2.584430
-100335360,2.808374
-89318144,1.385788
-93646336,2.584430
-8515584,3.030303
-14961408,4.946700
-15079680,5.692216
-15079680,5.692216
-13778688,3.446482
-11945472,3.990399
-5026560,8.734403
-3134208,12.178388
-11590656,5.009276
-14074368,5.474917
-15079680,5.692216
-13423872,4.311841
-14074368,5.474917
-8397312,7.127614
15694848,2.290076
27574976,4.221103
27792960,4.972310
27792960,4.972310
25395136,2.709432
22016384,3.257502
9264320,8.037719
5776576,11.507994
21362432,4.284156
25940096,4.753352
27792960,4.972310
24741184,3.581397
25940096,4.753352
15476864,6.418665
11880128,6.772183
21519168,5.590402
21689280,6.330869
21689280,6.330869
19818048,4.100343
17181312,4.640577
7229760,9.352454
4507968,12.773116
16670976,5.652555
20243328,6.115042
21689280,6.330869
19307712,4.959842
20243328,6.115042
12077952,7.756547
