-1245184
-233472
-311296
-155648
180224
33792
45056
22528
123904
-1638400
-307200
-409600
-204800
-1126400
-983040
-184320
-245760
-122880
-675840
-1507328
-282624
-376832
-188416
-1036288
-1318912
798720
465920
1064960
665600
755712
440832
1007616
629760
1204224
702464
1605632
1003520
200704
897024
523264
1196032
747520
149504
149504
-589824
-344064
-786432
-491520
-98304
-98304
-786432
-745472
-851968
-851968
-851968
150528
172032
172032
172032
824320
942080
942080
942080
2237440
143360
163840
163840
163840
389120
408576
466944
466944
466944
-1966080
-1966080
-868352
-868352
2080768
2080768
589824
589824
-1507328
-1507328
-1036288
612352
706560
471040
1224704
296704
800768
718208
-585728
-675840
-450560
-1171456
-947712
-765952
-2346752
-2639616
572416
660480
440320
1144832
224640
748544
539584
825792
620928
292864
399360
1038336
297856
678912
724672
984256
657280
406848
652288
752640
501760
1304576
270464
852992
651072
977216
722048
355520
200704
585728
745472
851968
1011712
1318912
1507328
1789952
-1498112
-1712128
-2033152
-1284096
480256
548864
651776
411648
-393216
-466944
-294912
53248
53248
425984
79872
79872
1024
1024
8192
1536
1536
3584
-53248
-425984
-79872
-79872
-186368
-212992
606208
113664
113664
265216
303104
98304
98304
229376
262144
262144
-175104
-147456
-193536
-36864
311296
262144
344064
65536
-73728
1118208
212992
-491520
-645120
-122880
-491520
688128
903168
172032
688128
-275968
-250880
-75264
-574464
-522240
-156672
-678912
-540672
-491520
-147456
-638976
152064
138240
41472
179712
207360
-419840
-125952
-545792
-629760
-419840
1084800
636672
509568
122880
-583168
-16384
-234752
-114688
159744
1013376
961920
1288064
638976
372736
851968
532480
106496
106496
851968
159744
159744
1130496
659456
1507328
942080
188416
188416
1507328
282624
282624
-749056
-1712128
-1070080
-214016
-214016
-1712128
-321024
-321024
240128
548864
343040
68608
68608
548864
102912
102912
-172032
-393216
-245760
-49152
-49152
-393216
-73728
-73728
186368
212992
212992
212992
505856
425984
559104
106496
4096
4096
4096
9728
8192
10752
2048
-212992
-212992
-505856
-425984
-559104
-106496
303104
303104
719872
1277952
1677312
319488
-1015808
-2412544
-2031616
-2666496
-507904
-1196032
-1196032
-822272
-747520
-224256
-32768
-32768
-22528
-20480
-6144
851968
851968
585728
532480
159744
-491520
-337920
-307200
-92160
688128
473088
430080
129024
-326144
-376320
-250880
-652288
-168000
-759808
-1398784
-1208320
-387072
-393216
1167360
778240
2023424
411136
1323008
988928
1494784
1111552
538880
311296
-860160
-573440
-1490944
-646144
-974848
-1586688
-1959424
-1162240
-911872
-229376
153600
399360
163712
261120
401600
501440
301952
230208
61440
3035136
461056
1984512
1094272
1853056
1511680
574848
466944
1939200
2431744
1593600
1803136
1765248
2012672
2012672
2641280
1237120
454656
378880
681984
-2397696
-2424320
-850432
-1243904
-1241856
-1637376
-1637376
-2817792
-1977600
-24576
-20480
-36864
-612864
-799232
-562688
-621824
-607488
-680960
-680960
1592768
496960
448512
373760
672768
-2714624
-1328128
-1674752
-1654272
-2021376
-2021376
-3061248
-1835520
-245760
-204800
-368640
-2042688
-2107744
-2046048
-2172800
-2172800
-2367968
-633760
-740352
-616960
-1110528
-544768
-622592
-622592
-622592
637952
729088
729088
729088
602112
688128
-856064
-2033152
240128
274432
274432
274432
651776
-172032
-196608
-196608
-196608
-466944
425984
425984
8192
8192
-425984
-425984
606208
606208
524288
524288
360448
-119808
-138240
-92160
-239616
-150656
-156672
-372032
212992
245760
163840
425984
395264
278528
979968
1086464
-59904
-69120
-46080
-119808
-75328
-78336
-186016
-215968
-116800
1530880
1766400
1177600
3061760
381312
2001920
894400
1659840
1441152
454208
-106496
-122880
-81920
-212992
-476160
-139264
-1186304
-1239552
-549888
-706048
-32768
-1265664
-1904640
-1650688
-1714176
-1665024
-915968
-2125824
-2338816
-1118208
-1423360
-1406976
-1728512
-1728512
508416
588288
323072
389376
383232
455680
455680
654592
633408
936256
793536
829216
805920
864896
864896
971936
294880
809664
1132480
890688
951136
926304
1011584
1011584
1192928
426400
297984
215040
1994880
2641280
2355968
1765248
2641280
2431744
-28672
-18432
-2018560
-2817792
-2420224
-1241856
-2817792
-2424320
-1243904
-200704
-129024
-654080
-858368
-770560
-607488
-858368
-799232
-621824
-444416
279552
179712
1044160
1381952
1233024
926016
1381952
1272960
945984
619008
608192
-863744
-555264
-1867680
-2367968
-2179520
-2046048
-2367968
-2302912
-2107744
-1912576
-1607456
-1871040
-1478656
-1245184
-1634304
-311296
1731584
1458176
1913856
364544
1376256
1806336
344064
491520
645120
122880
491520
-229376
-301056
-57344
-229376
811008
737280
221184
901120
819200
6656
-292864
-266240
-79872
-346112
416768
378880
113664
492544
568320
327680
98304
425984
491520
327680
-431936
-233600
-216768
-36864
542720
576512
65536
-108384
-18432
471040
1497216
-1453056
-1506304
-1777664
-1968128
-563200
-589824
-491520
-884736
2100480
833280
466944
389120
700416
544768
-1472000
-344064
-286720
-516096
-401408
-258048
92160
76800
138240
107520
69120
524480
583680
1050624
817152
525312
2028160
2605952
1803136
1174528
1156736
2166528
474752
1439744
-63488
-444672
-2409984
-407808
-77824
-417536
-698880
-159488
-544768
-505344
1133184
248768
758784
757120
1381952
260672
953344
847488
1373120
837696
851968
851968
585728
532480
159744
1507328
1507328
1036288
942080
282624
-1712128
-1712128
-1177088
-1070080
-321024
548864
377344
343040
102912
-393216
-270336
-245760
-73728
346112
399360
266240
692224
417024
452608
1029248
1202304
656640
598912
106496
7680
5120
13312
115776
8704
289184
292512
120384
173152
2048
-399360
-266240
-692224
-482560
-452608
-1193088
-1366144
-722176
-697216
-106496
378880
985088
178816
644096
428096
674368
519808
230336
151552
851968
1101824
557056
2738176
2951168
1396736
1619968
131072
-479616
-539520
-275072
-341184
-336576
-407296
-407296
-605632
-353600
-55296
-46080
-82944
1234944
1341440
616448
797696
789504
978944
978944
1522688
947200
98304
81920
147456
-239808
-269760
-137536
-170592
-168288
-203648
-203648
-302816
-176800
-27648
-23040
-41472
2262656
1971072
2043968
1985088
2116864
2116864
2335552
658880
706560
588800
1059840
-586752
-816640
-812544
-1046528
-1046528
-1736192
-1169920
-49152
-40960
-73728
-688128
-442368
-1546240
-1968128
-1806336
-1665024
-1968128
-1904640
-1714176
-1523712
-1292288
-1560576
-407552
-1867776
350208
1611520
2100480
1894912
1550592
2100480
1972736
1589504
1206272
1100544
1700352
400128
1478656
-2045440
-2748928
-2425856
-1657344
-2748928
-2483200
-1686016
-888832
-982528
-2282496
-466432
-1089536
703552
621696
429888
703552
637056
437568
238080
258496
583296
120256
291840
2375424
2092416
2605952
2492160
2150784
1809408
1572992
2083584
522368
2217984
1442048
2641280
1346176
2641280
1384064
1593600
1803136
1593600
2641280
2641280
1555712
1060864
436864
909312
-842240
-2817792
-454912
-2817792
-456960
-850432
-1243904
-850432
-2817792
-2817792
-848384
-57344
-405760
-49152
-858368
-489216
-858368
-503552
-562688
-621824
-562688
-858368
-858368
-548352
-401408
-145152
-344064
708032
1381952
728000
836992
945984
836992
1381952
1381952
817024
559104
228800
479232
1373120
862784
947840
1032896
947840
1373120
1373120
922752
702464
235584
602112
692224
798720
532480
1384448
834048
905216
2058496
1224704
1413120
942080
2449408
1035776
1601536
2542336
3154688
-1391104
-1605120
-1070080
-2782208
-342080
-1819136
-801696
-1497248
-1305152
445952
514560
343040
891904
154816
583168
369888
592864
463552
197920
-319488
-368640
-245760
-638976
-183296
-417792
-445952
-605696
-404480
-250368
-98304
1330944
1504000
776448
958336
945024
1140224
348864
352192
122688
180064
179808
237440
237440
-1527552
-1700608
-841984
-1056640
-1043328
-1271296
-1271296
-1915264
650112
896384
690304
741824
722880
793344
793344
947904
352320
3403776
3616768
1544192
2062336
2045952
2580480
2580480
4134912
2672640
196608
-64512
-41472
-445760
-605632
-530304
-336576
-605632
-539520
114688
73728
1111040
1522688
1325056
789504
1522688
1341440
797696
-32256
-20736
-222880
-302816
-265152
-168288
-302816
-269760
-170592
-71424
824320
529920
1836480
2335552
2144896
1985088
2335552
2262656
2043968
1825280
1544896
-57344
-36864
-1251840
-1736192
-1498112
-812544
-1736192
-1506304
-816640
-126976
-332288
-1477632
-1454080
-1968128
-1538048
-1968128
-1587200
-1650688
-1714176
1306112
2100480
1295104
2100480
1334016
1461760
1589504
1461760
-1305600
-2748928
-1125888
-2748928
-1154560
-1420288
-1686016
-1420288
-2748928
340352
703552
296896
703552
304576
371072
437568
371072
703552
703552
1803520
2605952
1864832
2605952
1923200
2036992
2150784
2036992
2605952
2605952
1978624
1212416
151552
227328
151552
151552
1212416
512640
1899008
2641280
2431744
1974784
1997184
570624
-65536
-8192
-12288
-8192
-8192
-65536
-409856
-1631232
-2817792
-2424320
-1635328
-2782976
-795136
-403712
-458752
-57344
-86016
-57344
-57344
-458752
-173824
-637952
-858368
-799232
-666624
-614656
-175616
-130816
-541184
79872
119808
79872
79872
638976
268736
995072
1381952
1272960
1035008
1042496
297856
208832
913536
836992
150528
100352
100352
802816
285760
1042688
1373120
1288064
1092864
946624
270464
210496
836480
947840
1373120
2404608
1313280
1197824
212992
1883648
1459456
376832
-406112
-428032
137216
567360
-623616
-783360
1140224
1685888
976000
159744
133120
239616
409568
288160
3072
2560
4608
3584
-1139840
-159744
-133120
-239616
-186368
-119808
227328
189440
340992
265216
170496
731200
163840
294912
229376
147456
3000320
4134912
-341184
-142848
-181312
-507264
-98368
-175104
253952
386048
1284096
238592
311296
-90656
-253632
-49184
-87552
-128320
1850496
485056
2237440
1735552
2335552
-258560
-155648
-570368
-1736192
-352768
-1650688
-1968128
-1968128
-1601536
-1376256
-358400
-1179648
-1572864
-196608
-294912
-196608
-196608
-1572864
2100480
2100480
1422848
1089536
361216
933888
1245184
155648
233472
155648
155648
1245184
-2748928
-1391616
-802816
-437760
-688128
-917504
-114688
-172032
-114688
-114688
-917504
-495104
363392
215040
112576
184320
30720
46080
30720
30720
245760
127936
481024
1634304
464000
1400832
350208
233472
233472
1867776
580736
2089472
2605952
398976
1749760
1593600
2641280
1174528
1406464
1515520
1212416
1212416
-2387456
-850432
-2817792
-63488
-1604608
-81920
-65536
-49152
-562688
-858368
-444416
-451584
-573440
-344064
1381952
619008
735488
798720
479232
793728
777728
716544
1003520
602112
685952
896448
2661888
3008000
1552896
1916672
1890048
2280448
2280448
3371776
1952000
319488
266240
479232
3389952
4002304
2307584
2731264
2684160
3154944
3154944
4425984
2353920
565248
471040
847872
-1347264
-2042816
-1786688
-1850720
-1797216
-1914752
-1914752
-2106848
-587680
-642048
-535040
-963072
790336
617920
661024
643872
704128
704128
833440
301280
205824
171520
308736
-515072
-582144
-569856
-649216
-649216
-850432
-396800
-147456
-122880
-221184
186368
119808
1242240
1685888
1477376
945024
1685888
1504000
958336
412672
514688
1410816
275072
505856
2304
293280
409568
351680
179808
409568
352192
180064
7936
63776
350400
59168
9728
-1406080
-1915264
-1673984
-1043328
-1915264
-1700608
-1056640
-412672
-547456
-1607424
-307840
-505856
947904
858496
722880
947904
896384
741824
587264
525120
763776
184128
719872
3584000
2045952
4134912
3616768
2062336
507904
927744
3502080
632832
622592
-256640
-605632
-204352
-605632
-208960
-275072
-341184
-275072
-605632
-605632
-270464
-129024
-93760
-110592
583680
1522688
427008
1522688
435200
616448
797696
616448
1522688
1522688
608256
229376
230400
196608
-302816
-102176
-302816
-104480
-137536
-170592
-137536
-302816
-302816
-135232
-64512
-46880
-55296
1839296
2335552
1898176
1971072
2043968
1971072
2335552
2335552
1912192
1648640
426176
1413120
-1736192
-356864
-586752
-816640
-586752
-1736192
-1736192
-582656
-114688
-254464
-98304
-456704
-1630208
-1968128
-1904640
-1728512
-1132544
-323584
-309248
-1019904
-1650688
-1968128
-1523712
-991232
-1966080
439040
1600512
2100480
1972736
1678336
1438976
411136
322304
1272320
1461760
2100480
1206272
1094656
1556480
-1865728
-2748928
-2483200
-1923072
-2261504
-646144
-409088
-1967104
-1420288
-2748928
-888832
-1492992
-1146880
703552
637056
496384
572992
163712
104896
498816
371072
703552
238080
381184
307200
2492160
2206208
1613696
461056
405632
1441536
2036992
2605952
1809408
1330688
2334720
909312
1522432
1921408
739968
1578112
570624
947200
1974784
2641280
2641280
909312
-2375168
-2778880
-422144
-1996032
-795136
-51200
-1635328
-2817792
-2817792
-49152
-455168
-585984
-259840
-496384
-175616
-358400
-666624
-858368
-858368
-344064
1002560
388544
824512
297856
499200
1035008
1381952
1381952
479232
436288
776512
270464
627200
1092864
1373120
1373120
602112
372736
239616
2484480
3371776
2954752
1890048
3371776
3008000
659456
423936
3296000
4425984
3908096
2684160
4425984
4002304
2731264
-749056
-481536
-1657760
-2106848
-1935808
-1797216
-2106848
-2042816
-1850720
-1658624
240128
154368
644320
833440
756032
643872
833440
790336
661024
531712
471904
-172032
-110592
-642560
-850432
-758784
-569856
-850432
-783360
-582144
-380928
-374272
-697344
723200
1685888
581248
1685888
594560
776448
958336
121664
409568
65056
409568
65312
122688
180064
122688
-788736
-1915264
-614016
-1915264
-627328
-841984
-1056640
-841984
-1915264
614528
947904
619840
947904
638784
690304
741824
690304
947904
947904
1478656
4134912
1009664
4134912
1026048
1544192
2062336
1544192
4134912
4134912
1527808
-147456
-18432
-27648
-18432
-18432
-147456
-102976
-393472
-605632
-539520
-402688
-527296
-150656
262144
32768
49152
32768
32768
262144
246784
954368
1522688
1341440
970752
1383424
395264
222208
-73728
-9216
-13824
-9216
-9216
-73728
-51488
-196736
-302816
-269760
-201344
-263648
-75328
-44576
-228288
235520
353280
235520
235520
1884160
543936
1940224
2335552
2262656
2057984
1334592
381312
367296
1202816
1971072
-24576
-16384
-16384
-131072
-262656
-1034240
-1736192
-1506304
-1042432
-1666560
-476160
-250368
-1432576
-586752
-1736192
-1572864
-1572864
-1179648
-724992
-1034240
-751616
-1005568
-323584
1245184
933888
1038848
1361152
672512
1183488
411136
-688128
-1795072
-2204160
-667136
-1730048
-646144
184320
452736
557632
174016
440000
163712
192000
1400832
1091328
1496960
930944
1386112
461056
1459200
2206208
151552
1212416
1212416
151552
151552
303104
833536
530432
-65536
-65536
-8192
-8192
-16384
-45056
-28672
-24576
-458752
-57344
-57344
-114688
-315392
-200704
-172032
638976
79872
79872
159744
439296
279552
239616
506688
802816
100352
100352
200704
551936
351232
301056
480960
1092864
1916672
825344
1029376
2821632
550144
1011712
1460224
1601280
3672576
753408
1789952
-1401632
-1668288
-438560
-2033152
-1572672
670272
163168
651776
549312
833440
-153088
-466944
-465920
-850432
-435712
776448
1685888
1685888
763136
372736
261760
319488
425984
53248
79872
53248
53248
425984
409568
409568
122432
7168
58912
6144
8192
1024
1536
1024
1024
8192
-1915264
-828672
-372736
-294528
-319488
-425984
-53248
-79872
-53248
-53248
-425984
-321152
671360
530432
165184
454656
75776
113664
75776
75776
606208
203072
736512
458752
616448
393216
98304
65536
65536
524288
649216
2531328
4134912
-89152
-456576
-275072
-605632
-142848
-333568
-184320
-147456
-147456
1193984
616448
1522688
253952
847872
327680
262144
196608
-137536
-302816
-71424
-166784
-92160
-55296
2335552
1825280
1174784
2355200
1413120
849536
-126976
-980992
-163840
-98304
-1408000
-1658368
-1228800
-1728512
-1968128
-1968128
-1179648
-196608
-1572864
-1572864
-196608
972800
1678336
2100480
2100480
933888
1245184
1245184
155648
-716800
-1923072
-2748928
-2748928
-688128
-917504
-114688
496384
703552
703552
184320
245760
30720
30720
2605952
2605952
1400832
1867776
233472
233472
466944
454656
969600
1974784
2641280
2641280
303104
1212416
151552
227328
303104
303104
-1198848
-1635328
-2817792
-2817792
-16384
-65536
-8192
-12288
-16384
-16384
-306432
-666624
-858368
-858368
-114688
-458752
-57344
-86016
-114688
-114688
-401408
1035008
1381952
1381952
159744
638976
79872
119808
159744
159744
559104
1373120
1373120
200704
100352
150528
200704
200704
702464
1446400
3371776
1162496
3371776
1189120
1552896
1916672
1552896
3371776
3371776
1526272
745472
523520
638976
2119168
4425984
1836800
4425984
1883904
2307584
2731264
2307584
4425984
4425984
2260480
1318912
706304
1130496
-2106848
-1669152
-2106848
-1722656
-1786688
-1850720
-1786688
-2106848
-2106848
-1733184
-1498112
-385056
-1284096
557664
833440
574816
617920
661024
617920
833440
833440
600768
480256
146016
411648
-850432
-448000
-515072
-582144
-515072
-850432
-850432
-502784
-344064
-140800
-294912
288384
1100288
1685888
1504000
1126912
1459584
417024
248448
1264384
776448
1685888
412672
927232
532480
59424
236672
409568
352192
237184
405216
115776
58656
347584
122688
409568
7936
233344
10240
-1231360
-1915264
-1700608
-1257984
-1688960
-482560
-281216
-1460992
-841984
-1915264
-412672
-1058304
-532480
947904
896384
774400
625856
178816
146240
555392
690304
947904
587264
490240
757760
3616768
2564096
3856384
1101824
600064
3321856
1544192
4134912
507904
2318336
655360
-110592
-428928
-518080
-130624
-395072
-150656
-115200
-402688
-605632
-605632
-110592
1144832
1367040
295936
1020928
395264
204800
970752
1522688
1522688
196608
-214464
-259040
-65312
-197536
-75328
-57600
-201344
-302816
-302816
-55296
1216832
897216
1188800
381312
1472000
2057984
2335552
2335552
1413120
-287232
-1206784
-476160
-102400
-1042432
-1736192
-1736192
-98304
-196608
-393216
-1081344
-688128
-589824
-632832
-1728512
-1968128
-1968128
-393216
155648
311296
856064
544768
466944
733440
1678336
2100480
2100480
311296
-114688
-229376
-630784
-401408
-344064
-1055232
-1923072
-2748928
-2748928
-229376
61440
168960
107520
92160
268608
496384
703552
703552
61440
1284096
817152
700416
866688
2206208
2605952
2605952
466944
1060864
681984
151552
570624
2641280
2641280
2222208
757760
757760
-57344
-36864
-8192
-795136
-2817792
-2817792
-2030848
-40960
-40960
-258048
-57344
-175616
-858368
-858368
-740096
-286720
-286720
359424
79872
297856
1381952
1381952
1163968
399360
399360
451584
100352
270464
1373120
1373120
1203008
501760
501760
851968
106496
159744
106496
106496
851968
576768
2200576
3371776
3008000
2253824
2919168
834048
1507328
188416
282624
188416
188416
1507328
800512
3013632
4425984
4002304
3107840
3625216
1035776
659200
-1712128
-214016
-321024
-214016
-214016
-1712128
-492064
-1754240
-2106848
-2042816
-1861248
-1197280
-342080
-331552
-1079744
68608
102912
68608
68608
548864
180320
652672
833440
790336
686976
541856
154816
128864
481600
617920
-73728
-49152
-49152
-393216
-165376
-612352
-850432
-783360
-636928
-641536
-183296
-128512
-562176
-515072
-850432
425984
425984
319488
1184512
1432960
368256
1095808
417024
8192
6144
346048
404704
60960
290464
115776
-319488
-1381120
-1662336
-401024
-1259648
-482560
454656
441728
587968
316736
522816
178816
473600
393216
3223552
3823616
747520
2820096
1101824
409600
2564096
-18432
-147456
-147456
-18432
-18432
-36864
-101376
-64512
262144
262144
32768
32768
65536
180224
114688
98304
-73728
-9216
-9216
-18432
-50688
-32256
-27648
1884160
235520
235520
471040
1295360
824320
706560
748608
-131072
-16384
-16384
-32768
-90112
-57344
-49152
-726528
-1042432
-1572864
-196608
-294912
-393216
-393216
-1376256
-884736
-196608
1245184
155648
233472
311296
311296
1089536
700416
155648
-917504
-114688
-172032
-229376
-229376
-802816
-516096
-114688
245760
30720
46080
61440
61440
215040
138240
30720
163712
233472
350208
466944
466944
1634304
1050624
233472
461056
2605952
1212416
151552
227328
151552
227328
151552
985088
833536
-65536
-8192
-12288
-8192
-12288
-8192
-53248
-45056
-24576
-458752
-57344
-86016
-57344
-86016
-57344
-372736
-315392
-172032
-344064
79872
119808
79872
119808
79872
519168
439296
239616
479232
566592
150528
100352
150528
100352
652288
551936
301056
602112
556224
1373120
496896
2528768
1552896
3371776
825344
1854464
1064960
851968
851968
3154432
2307584
4425984
1460224
2401280
1884160
1507328
1130496
-1786688
-2106848
-1658624
-1058688
-2140160
-1284096
833440
531712
429696
686080
411648
378688
-380928
-452608
-491520
-294912
-488448
-616960
332800
1126912
1685888
1685888
319488
53248
425984
425984
53248
6400
237184
409568
409568
6144
8192
8192
1024
-332800
-1257984
-1915264
-1915264
-319488
-425984
-53248
774400
947904
947904
454656
606208
75776
75776
4134912
4134912
393216
524288
65536
65536
131072
-55296
-239808
-402688
-605632
-605632
-36864
-147456
-18432
-27648
-36864
-36864
617472
970752
1522688
1522688
65536
262144
32768
49152
65536
65536
-119904
-201344
-302816
-302816
-18432
-73728
-9216
-13824
-18432
-18432
-64512
2057984
2335552
2335552
471040
1884160
235520
353280
471040
471040
1648640
-1736192
-1736192
-32768
-16384
-24576
-32768
-32768
-114688
-323584
-1968128
-1968128
-1841152
-983040
-983040
-1572864
-196608
-294912
-196608
411136
2100480
2100480
1844992
778240
778240
1245184
155648
233472
155648
233472
-646144
-2748928
-2748928
-2217472
-573440
-573440
-917504
-114688
-172032
-114688
-172032
-114688
703552
703552
570560
153600
153600
30720
46080
30720
46080
30720
2605952
2378368
1167360
1167360
350208
233472
350208
233472
1517568
454656
909312
1083264
2641280
2431744
1174528
1136640
909312
1212416
1212416
1212416
-49152
-1204992
-2817792
-2424320
-63488
-61440
-49152
-65536
-65536
-65536
-65536
-349440
-858368
-799232
-444416
-430080
-344064
-458752
-458752
-458752
-458752
1381952
1272960
619008
599040
479232
638976
638976
638976
1288064
777728
752640
602112
802816
802816
638976
2369024
2865920
736512
2191616
834048
665600
2253824
3371776
3371776
638976
2871808
3531008
1083136
2777856
1035776
1177600
3107840
4425984
4425984
1130496
-758720
-1090272
-813088
-1069216
-342080
-1337600
-1861248
-2106848
-2106848
-1284096
507552
283232
455648
154816
428800
686976
833440
833440
411648
-239104
-507392
-183296
-307200
-636928
-850432
-850432
-294912
53248
106496
292864
186368
159744
665472
1126912
1685888
1685888
106496
1024
2048
5632
3584
3072
174432
237184
409568
409568
2048
-53248
-106496
-292864
-186368
-159744
-763776
-1257984
-1915264
-1915264
-106496
151552
416768
265216
227328
325056
774400
947904
947904
151552
360448
229376
196608
1701888
2564096
4134912
4134912
131072
-129024
-82944
-18432
-150656
-605632
-605632
-473408
-92160
-92160
229376
147456
32768
395264
1522688
1522688
1160192
163840
163840
-41472
-9216
-75328
-302816
-302816
-236704
-46080
-46080
1059840
235520
381312
2335552
2335552
2189760
1177600
1177600
-73728
-16384
-476160
-1736192
-1736192
-1276416
-81920
-81920
-294912
-196608
-1277952
-1081344
-589824
-1179648
-780288
-1968128
-1904640
-1523712
-1474560
-1179648
155648
1011712
856064
466944
933888
850176
2100480
1972736
1206272
1167360
933888
-745472
-630784
-344064
-688128
-1141248
-2748928
-2483200
-888832
-860160
-688128
199680
168960
92160
184320
291648
703552
637056
238080
230400
184320
1284096
700416
1400832
1041792
2605952
2492160
1809408
1751040
1400832
1212416
1212416
378880
454656
833536
1288192
871424
2603392
2641280
1765248
985088
-65536
-20480
-24576
-45056
-69632
-47104
-2815744
-2817792
-1241856
-53248
-143360
-172032
-315392
-487424
-329728
-844032
-858368
-607488
-372736
199680
239616
439296
678912
459264
1361984
1381952
926016
519168
250880
301056
551936
852992
577024
1348032
1373120
1007808
652288
106496
851968
851968
106496
106496
212992
585728
372736
1507328
1507328
188416
188416
376832
1036288
659456
565248
-1712128
-214016
-214016
-428032
-1177088
-749056
-642048
548864
68608
68608
137216
377344
240128
205824
283680
-393216
-49152
-49152
-98304
-270336
-172032
-147456
-311808
-636928
425984
53248
79872
106496
106496
372736
239616
53248
8192
1024
1536
2048
2048
7168
4608
1024
-425984
-53248
-79872
-106496
-106496
-372736
-239616
-53248
606208
75776
113664
151552
151552
530432
340992
75776
178816
65536
98304
131072
131072
458752
294912
65536
1101824
4134912
-147456
-18432
-27648
-18432
-27648
-18432
-119808
-101376
262144
32768
49152
32768
49152
32768
212992
180224
98304
-73728
-9216
-13824
-9216
-13824
-9216
-59904
-50688
-27648
-55296
235520
353280
235520
353280
235520
1530880
1295360
706560
1413120
925248
-24576
-16384
-24576
-16384
-106496
-90112
-49152
-98304
-738816
-1736192
-1572864
-1572864
-1572864
-1572864
-1572864
-491520
-589824
-1081344
1245184
1245184
1245184
1245184
1245184
389120
466944
856064
-917504
-917504
-917504
-917504
-286720
-344064
-630784
-974848
245760
245760
245760
76800
92160
168960
261120
176640
1867776
1867776
583680
700416
1284096
1984512
1342464
2547584
227328
151552
151552
303104
303104
833536
855936
1673984
1426560
378880
-8192
-8192
-16384
-16384
-45056
-1192704
-2383360
-1987840
-20480
-20480
-57344
-114688
-114688
-315392
-263424
-512512
-439040
-143360
-143360
-716800
79872
159744
159744
439296
446784
873600
744640
199680
199680
998400
1252992
100352
200704
200704
551936
405696
786304
676160
250880
250880
1254400
1262976
1262976
319488
1330944
2253824
3371776
3371776
212992
851968
106496
159744
212992
212992
1694976
3107840
4425984
4425984
376832
1507328
188416
282624
376832
376832
-673632
-1861248
-2106848
-2106848
-428032
-1712128
-214016
-321024
-428032
-428032
-1498112
686976
833440
833440
137216
548864
68608
102912
137216
137216
480256
-850432
-850432
-98304
-49152
-73728
-98304
-98304
-344064
417024
1685888
1685888
1322112
266240
266240
425984
53248
79872
53248
115776
409568
409568
294816
5120
5120
8192
1024
1536
1024
1536
-482560
-1915264
-1915264
-1485952
-266240
-266240
-425984
-53248
-79872
-53248
-79872
-53248
947904
947904
844864
378880
378880
75776
113664
75776
113664
75776
4134912
3098624
327680
327680
98304
65536
98304
65536
425984
-55296
-110592
-253632
-605632
-539520
-142848
-138240
-110592
-147456
-147456
-147456
196608
642048
1522688
1341440
253952
245760
196608
262144
262144
262144
262144
-126816
-302816
-269760
-71424
-69120
-55296
-73728
-73728
-73728
-73728
2335552
2262656
1825280
1766400
1413120
1884160
1884160
1884160
-1506304
-126976
-122880
-98304
-131072
-131072
-1671168
-1130496
-1918976
-1968128
-1665024
-1277952
-294912
-196608
-196608
-393216
1323008
894976
2061568
2100480
1550592
1011712
155648
155648
311296
311296
-659456
-2720256
-2748928
-1657344
-745472
-114688
-229376
-229376
695872
703552
429888
199680
30720
61440
61440
168960
2605952
2092416
1517568
233472
466944
466944
1284096
378880
1894400
2393856
2393856
2641280
985088
681984
303104
1212416
1212416
530432
1136640
1439744
-102400
-2422272
-2422272
-2817792
-53248
-36864
-65536
-65536
-28672
-61440
-77824
-1204992
-784896
-784896
-858368
-372736
-258048
-458752
-200704
-430080
-544768
-349440
-585984
1252992
1381952
519168
359424
638976
279552
599040
758784
566592
1002560
1093248
1373120
652288
451584
802816
351232
752640
953344
556224
896448
1062272
1002304
745472
479232
106496
834048
3371776
3371776
2644224
532480
532480
1318912
847872
188416
1035776
4425984
4425984
3578624
942080
942080
-963072
-214016
-342080
-2106848
-2106848
-1978784
-1070080
-1070080
308736
68608
154816
833440
833440
747232
343040
343040
-221184
-49152
-183296
-850432
-850432
-716288
-245760
-245760
79872
53248
346112
292864
159744
319488
705408
1685888
1504000
412672
399360
319488
1024
6656
5632
3072
6144
175200
409568
352192
7936
7680
6144
-346112
-292864
-159744
-319488
-803712
-1915264
-1700608
-412672
-399360
-319488
492544
416768
227328
454656
381888
947904
896384
587264
568320
454656
360448
196608
393216
1751040
4134912
3616768
507904
491520
393216
-147456
-147456
-46080
-55296
-101376
-156672
-105984
-601024
-605632
-336576
-119808
262144
81920
98304
180224
278528
188416
1514496
1522688
789504
212992
-23040
-27648
-50688
-78336
-52992
-300512
-302816
-168288
-59904
588800
706560
1295360
2001920
1354240
2276672
2335552
1985088
1530880
-40960
-49152
-90112
-139264
-94208
-1732096
-1736192
-812544
-106496
-393216
-1081344
-485376
-921600
-808960
-491520
-491520
-2457600
-1855488
-1855488
-1968128
-1277952
-884736
856064
616704
1194496
1027840
389120
389120
1945600
1933824
1933824
2100480
1011712
700416
-630784
-969216
-1909760
-1615360
-286720
-286720
-1433600
-2454528
-2454528
-2748928
-745472
-516096
245568
483456
409280
76800
76800
384000
629376
629376
703552
199680
138240
691584
1324800
1152640
583680
583680
2918400
2433792
2433792
2605952
1517568
1050624
1083264
1921408
2090752
1919104
2146432
2222208
2012672
2338176
2128640
1689472
1765248
2012672
1404160
1363968
530432
-2778880
-2405888
-2014464
-2026752
-2030848
-1637376
-2801408
-2407936
-1237760
-1241856
-1637376
-840192
-73728
-28672
-670208
-625408
-711424
-740096
-680960
-743680
-684544
-578816
-607488
-680960
-491008
-516096
-200704
1004224
1124032
1163968
1054976
1222208
1113216
886080
926016
1054976
737152
718848
279552
1152832
1203008
1117952
1172416
1087360
957632
1007808
1117952
822400
903168
351232
851968
106496
159744
106496
159744
106496
692224
585728
1507328
188416
282624
188416
282624
188416
1224704
1036288
565248
-1712128
-214016
-321024
-214016
-321024
-214016
-1391104
-1177088
-642048
-1284096
68608
102912
68608
102912
68608
445952
377344
205824
411648
335136
-73728
-49152
-73728
-49152
-319488
-270336
-147456
-294912
-348672
-850432
425984
425984
425984
425984
425984
133120
159744
292864
8192
8192
8192
8192
8192
2560
3072
5632
-425984
-425984
-425984
-425984
-133120
-159744
-292864
-452608
606208
606208
606208
189440
227328
416768
644096
435712
524288
524288
163840
196608
360448
557056
376832
4118528
-27648
-18432
-18432
-36864
-36864
-101376
-225984
-447360
-376640
-46080
32768
32768
65536
65536
180224
592896
1177600
988160
81920
81920
-9216
-18432
-18432
-50688
-112992
-223680
-188320
-23040
-23040
-115200
235520
471040
471040
1295360
571968
1085056
953280
588800
588800
2944000
2203776
-16384
-32768
-32768
-90112
-714240
-1424384
-1190400
-40960
-40960
-204800
-1502208
-1502208
-393216
-1572864
-1572864
-688128
-1474560
-1867776
-780288
-1034240
-1462272
-1447936
-1742848
-1841152
-1777664
-1574912
1245184
1245184
544768
1167360
1478656
850176
1361152
1622528
1533696
1767168
1844992
1717248
1789184
1661440
-917504
-401408
-860160
-1089536
-1141248
-2204160
-2225152
-1988096
-2160128
-2217472
-1951744
-2519552
-2253824
-1600000
245760
107520
230400
291840
291648
557632
567936
509120
555200
570560
504064
642112
575616
414528
429888
1867776
817152
1751040
2217984
1041792
1496960
1966848
1911424
2261632
2378368
2264576
2139008
2025216
1975680
2092416
2264576
303104
151552
1540224
1080960
2603392
2641280
1555712
2641280
1974784
2641280
2641280
1555712
1803136
-16384
-8192
-1993984
-440576
-2815744
-2817792
-848384
-2817792
-1635328
-2817792
-2817792
-848384
-1243904
-2817792
-57344
-482048
-388864
-844032
-858368
-548352
-858368
-666624
-858368
-858368
-548352
-621824
-858368
-430080
79872
804544
568256
1361984
1381952
817024
1381952
1035008
1381952
1381952
817024
945984
1381952
599040
1381952
100352
751424
662080
1348032
1373120
922752
1373120
1092864
1373120
1373120
922752
1032896
1373120
752640
1373120
1373120
319488
638976
1410816
3371776
3008000
825344
798720
638976
851968
851968
851968
1130496
1836288
4425984
4002304
1460224
1413120
1130496
1507328
1507328
1507328
1507328
-834144
-2106848
-2042816
-1658624
-1605120
-1284096
-1712128
-1712128
-1712128
-1712128
833440
790336
531712
514560
411648
548864
548864
548864
-783360
-380928
-368640
-294912
-393216
-393216
452608
306176
1672576
1685888
945024
346112
79872
53248
53248
106496
8704
5888
409312
409568
179808
6656
1024
1024
2048
2048
-306176
-1901952
-1915264
-1043328
-346112
-53248
-106496
-106496
928960
947904
722880
492544
75776
151552
151552
416768
4134912
2045952
425984
65536
131072
131072
360448
-46080
-230400
-534912
-534912
-605632
-119808
-82944
-36864
-147456
-147456
-64512
-138240
-175104
409600
1333248
1333248
1522688
212992
147456
262144
262144
114688
245760
311296
642048
-267456
-267456
-302816
-59904
-41472
-73728
-32256
-69120
-87552
-126816
-259040
2203776
2335552
1530880
1059840
1884160
824320
1766400
2237440
925248
1216832
1732736
-1736192
-106496
-73728
-131072
-57344
-122880
-155648
-738816
-1658368
-1469440
-1243648
-1511424
-1566720
-1665024
-1777664
-1404928
-1769472
-688128
-393216
-196608
-956416
-1193984
-1918976
1472768
1550592
1717248
1267200
1400832
544768
311296
155648
1144576
1022720
2061568
2100480
-1657344
-1951744
-1276928
-1032192
-401408
-114688
-1701376
-925184
-2720256
-2748928
-1391616
504064
332672
276480
107520
30720
432320
243136
695872
703552
363392
703552
1745152
2101248
817152
233472
1327744
1456256
2547584
2605952
1978624
2605952
2206208
2641280
1136640
2641280
2641280
1442048
1406464
681984
151552
2035072
2641280
1727360
2641280
-61440
-2817792
-2817792
-842240
-1604608
-36864
-2785024
-2817792
-1239808
-2817792
-2817792
-858368
-858368
-505344
-451584
-258048
-628992
-858368
-593152
-858368
-858368
-844032
1381952
757120
735488
359424
1062464
1381952
906048
1381952
1381952
1361984
1104064
847488
716544
451584
971712
1373120
982720
1373120
1373120
1348032
1127744
992512
851968
851968
266240
319488
585728
905216
612352
3345152
3371776
1890048
692224
1507328
471040
565248
1036288
1601536
1083392
4378880
4425984
2684160
1224704
-535040
-642048
-1177088
-1819136
-1230592
-2053344
-2106848
-1797216
-1391104
171520
205824
377344
583168
394496
816288
833440
643872
445952
-122880
-147456
-270336
-417792
-282624
-838144
-850432
-569856
-319488
106496
292864
625536
1237760
1042560
133120
133120
665600
1490688
1490688
1685888
346112
239616
5632
173664
347072
289440
2560
2560
12800
351936
351936
409568
6656
4608
-292864
-723840
-1434368
-1206400
-133120
-133120
-665600
-1687296
-1687296
-1915264
-346112
-239616
268224
517504
447040
189440
189440
947200
877440
877440
947904
492544
340992
1652736
3289088
2754560
163840
163840
819200
3600384
3600384
4134912
425984
294912
-253632
-518080
-498048
-436544
-464192
-473408
-407296
-568768
-502656
-327360
-336576
-407296
-252032
-165888
-64512
1367040
1267712
1094656
1143808
1160192
978944
1457152
1275904
773120
789504
978944
575488
294912
114688
-249024
-218272
-232096
-236704
-203648
-284384
-251328
-163680
-168288
-203648
-126016
-82944
-32256
1718720
2072000
2189760
2116864
1864512
1791616
1867328
1985088
2116864
1676672
2119680
824320
-1268224
-1276416
-1046528
-1703424
-1473536
-804352
-812544
-1046528
-566272
-147456
-57344
-1968128
-1601536
-1968128
-1728512
-1968128
-1968128
-1601536
-1714176
-1968128
-1474560
-1968128
-1968128
-1454080
-991232
-884736
1422848
2100480
1678336
2100480
2100480
1422848
1589504
2100480
1167360
2100480
2100480
1306112
1094656
700416
-2748928
-1923072
-2748928
-2748928
-1391616
-1686016
-2748928
-860160
-2748928
-2748928
-1305600
-1492992
-516096
496384
703552
703552
363392
437568
703552
230400
703552
703552
340352
381184
138240
2605952
2605952
1978624
2150784
2605952
1751040
2605952
2605952
1803520
1330688
1050624
2641280
2603392
2108544
1823232
1555712
1593600
2641280
2641280
1174528
2641280
2222208
1384064
2641280
1765248
1214720
909312
-2815744
-2024704
-1627136
-848384
-850432
-2817792
-2817792
-63488
-2817792
-2030848
-456960
-2817792
-1241856
-829952
-49152
-697088
-609280
-548352
-562688
-858368
-858368
-444416
-858368
-740096
-503552
-858368
-607488
-419328
-344064
955136
817024
836992
1381952
1381952
619008
1381952
1163968
728000
1381952
926016
637312
479232
922752
947840
1373120
1373120
777728
1373120
1203008
862784
1373120
1007808
696960
602112
159744
106496
106496
212992
212992
585728
1251072
2475520
2085120
266240
188416
188416
376832
376832
1036288
1553664
3060224
2589440
471040
471040
-214016
-428032
-428032
-1177088
-513120
-972736
-855200
-535040
-535040
-2675200
68608
137216
137216
377344
232224
447296
387040
171520
171520
857600
773184
-49152
-98304
-98304
-270336
-274944
-537600
-458240
-122880
-122880
-614400
-771072
-771072
106496
425984
425984
186368
399360
505856
705408
1432960
1384192
1215616
1295488
1322112
1140224
1579392
8192
8192
3584
7680
9728
175200
404704
349888
292768
294304
294816
237440
407520
350144
-425984
-186368
-399360
-505856
-803712
-1662336
-1580800
-1379456
-1459328
-1485952
-1271296
-1808768
-1594112
-1016704
606208
265216
568320
719872
381888
587968
725888
693312
806976
844864
793344
796352
744832
684992
722880
524288
229376
491520
622592
1751040
3823616
3469312
2967552
3065856
3098624
2580480
4003840
3485696
2013184
2045952
2580480
-36864
-18432
-390464
-172096
-601024
-605632
-270464
-605632
-402688
-605632
-605632
-270464
-341184
65536
32768
1012736
369664
1514496
1522688
608256
1522688
970752
1522688
1522688
608256
797696
1522688
-9216
-195232
-86048
-300512
-302816
-135232
-302816
-201344
-302816
-302816
-135232
-170592
-302816
-69120
235520
1129920
1427136
2276672
2335552
1912192
2335552
2057984
2335552
2335552
1912192
2043968
2335552
1766400
2335552
-16384
-1202688
-324096
-1732096
-1736192
-582656
-1736192
-1042432
-1736192
-1736192
-582656
-816640
-1736192
-122880
-1736192
-1736192
-196608
-1181696
-1968128
-1615872
-1968128
-1968128
-1918976
-1693696
-1531904
-1601536
-1650688
-1968128
-1968128
1477888
2100480
1511680
2100480
2100480
2061568
1728256
1522688
1422848
1461760
2100480
2100480
1206272
-2290176
-2748928
-1628672
-2748928
-2748928
-2720256
-2131456
-1808384
-1391616
-1420288
-2748928
-2748928
-888832
-2748928
580672
703552
422208
703552
703552
695872
547520
465664
363392
371072
703552
703552
238080
703552
570560
1672064
2605952
2034048
2605952
2605952
2547584
2203264
1972736
1978624
2036992
2605952
2605952
1809408
2605952
2378368
1923200
833536
681984
2222208
2641280
2641280
1308288
1366272
1426560
1275008
1747456
2355968
2641280
1689472
-45056
-36864
-2030848
-2817792
-2817792
-452864
-838144
-1987840
-1979648
-1623040
-2420224
-2817792
-1237760
-2420224
-258048
-740096
-858368
-858368
-474880
-476672
-439040
-381696
-580608
-770560
-858368
-578816
-770560
-598528
359424
1163968
1381952
1381952
688064
717184
744640
664768
915200
1233024
1381952
886080
1233024
993408
804544
1203008
1373120
1373120
812608
797312
676160
575808
942336
1237888
1373120
957632
1237888
936832
